   1.000000E+000   4.640210E-002
   2.000000E+000   5.721956E-002
   3.000000E+000   6.803703E-002
   4.000000E+000   6.517836E-002
   5.000000E+000   6.080600E-002
   6.000000E+000   5.814123E-002
   7.000000E+000   5.641908E-002
   8.000000E+000   5.535690E-002
   9.000000E+000   5.479866E-002
   1.000000E+001   5.461235E-002
   1.100000E+001   5.468111E-002
   1.200000E+001   5.492468E-002
   1.300000E+001   5.528121E-002
   1.400000E+001   5.572591E-002
   1.500000E+001   5.624324E-002
   1.600000E+001   5.681876E-002
   1.700000E+001   5.744225E-002
   1.800000E+001   5.810457E-002
   1.900000E+001   5.879658E-002
   2.000000E+001   5.950913E-002
   2.100000E+001   6.023442E-002
   2.200000E+001   6.096990E-002
   2.300000E+001   6.171439E-002
   2.400000E+001   6.246667E-002
   2.500000E+001   6.322554E-002
   2.600000E+001   6.398980E-002
   2.700000E+001   6.475825E-002
   2.800000E+001   6.552968E-002
   2.900000E+001   6.630289E-002
   3.000000E+001   6.707668E-002
   3.100000E+001   6.785001E-002
   3.200000E+001   6.862253E-002
   3.300000E+001   6.939403E-002
   3.400000E+001   7.016433E-002
   3.500000E+001   7.093324E-002
   3.600000E+001   7.170056E-002
   3.700000E+001   7.246611E-002
   3.800000E+001   7.322968E-002
   3.900000E+001   7.399110E-002
   4.000000E+001   7.475016E-002
   4.100000E+001   7.550674E-002
   4.200000E+001   7.626096E-002
   4.300000E+001   7.701303E-002
   4.400000E+001   7.776314E-002
   4.500000E+001   7.851147E-002
   4.600000E+001   7.925823E-002
   4.700000E+001   8.000360E-002
   4.800000E+001   8.074778E-002
   4.900000E+001   8.149097E-002
   5.000000E+001   8.223335E-002
   5.100000E+001   8.297510E-002
   5.200000E+001   8.371636E-002
   5.300000E+001   8.445722E-002
   5.400000E+001   8.519779E-002
   5.500000E+001   8.593819E-002
   5.600000E+001   8.667852E-002
   5.700000E+001   8.741888E-002
   5.800000E+001   8.815940E-002
   5.900000E+001   8.890016E-002
   6.000000E+001   8.964129E-002
   6.100000E+001   9.038288E-002
   6.200000E+001   9.112502E-002
   6.300000E+001   9.186777E-002
   6.400000E+001   9.261120E-002
   6.500000E+001   9.335538E-002
   6.600000E+001   9.410039E-002
   6.700000E+001   9.484630E-002
   6.800000E+001   9.559318E-002
   6.900000E+001   9.634109E-002
   7.000000E+001   9.709011E-002
   7.100000E+001   9.784030E-002
   7.200000E+001   9.859162E-002
   7.300000E+001   9.934401E-002
   7.400000E+001   1.000974E-001
   7.500000E+001   1.008518E-001
   7.600000E+001   1.016072E-001
   7.700000E+001   1.023634E-001
   7.800000E+001   1.031205E-001
   7.900000E+001   1.038783E-001
   8.000000E+001   1.046368E-001
   8.100000E+001   1.053961E-001
   8.200000E+001   1.061559E-001
   8.300000E+001   1.069162E-001
   8.400000E+001   1.076769E-001
   8.500000E+001   1.084380E-001
   8.600000E+001   1.091992E-001
   8.700000E+001   1.099606E-001
   8.800000E+001   1.107220E-001
   8.900000E+001   1.114834E-001
   9.000000E+001   1.122446E-001
   9.100000E+001   1.130055E-001
   9.200000E+001   1.137660E-001
   9.300000E+001   1.145259E-001
   9.400000E+001   1.152850E-001
   9.500000E+001   1.160431E-001
   9.600000E+001   1.168001E-001
   9.700000E+001   1.175557E-001
   9.800000E+001   1.183097E-001
   9.900000E+001   1.190620E-001
   1.000000E+002   1.198124E-001
   1.010000E+002   1.205607E-001
   1.020000E+002   1.213067E-001
   1.030000E+002   1.220499E-001
   1.040000E+002   1.227903E-001
   1.050000E+002   1.235275E-001
   1.060000E+002   1.242612E-001
   1.070000E+002   1.249911E-001
   1.080000E+002   1.257171E-001
   1.090000E+002   1.264388E-001
   1.100000E+002   1.271559E-001
   1.110000E+002   1.278683E-001
   1.120000E+002   1.285755E-001
   1.130000E+002   1.292773E-001
   1.140000E+002   1.299735E-001
   1.150000E+002   1.306638E-001
   1.160000E+002   1.313479E-001
   1.170000E+002   1.320256E-001
   1.180000E+002   1.326965E-001
   1.190000E+002   1.333604E-001
   1.200000E+002   1.340170E-001
   1.210000E+002   1.346661E-001
   1.220000E+002   1.353074E-001
   1.230000E+002   1.359406E-001
   1.240000E+002   1.365656E-001
   1.250000E+002   1.371820E-001
   1.260000E+002   1.377896E-001
   1.270000E+002   1.383882E-001
   1.280000E+002   1.389775E-001
   1.290000E+002   1.395573E-001
   1.300000E+002   1.401273E-001
   1.310000E+002   1.406873E-001
   1.320000E+002   1.412370E-001
   1.330000E+002   1.417761E-001
   1.340000E+002   1.423046E-001
   1.350000E+002   1.428219E-001
   1.360000E+002   1.433281E-001
   1.370000E+002   1.438227E-001
   1.380000E+002   1.443056E-001
   1.390000E+002   1.447764E-001
   1.400000E+002   1.452350E-001
   1.410000E+002   1.456811E-001
   1.420000E+002   1.461145E-001
   1.430000E+002   1.465350E-001
   1.440000E+002   1.469423E-001
   1.450000E+002   1.473362E-001
   1.460000E+002   1.477166E-001
   1.470000E+002   1.480831E-001
   1.480000E+002   1.484357E-001
   1.490000E+002   1.487740E-001
   1.500000E+002   1.490978E-001
   1.510000E+002   1.494070E-001
   1.520000E+002   1.497013E-001
   1.530000E+002   1.499805E-001
   1.540000E+002   1.502443E-001
   1.550000E+002   1.504927E-001
   1.560000E+002   1.507253E-001
   1.570000E+002   1.509419E-001
   1.580000E+002   1.511423E-001
   1.590000E+002   1.513264E-001
   1.600000E+002   1.514938E-001
   1.610000E+002   1.516444E-001
   1.620000E+002   1.517782E-001
   1.630000E+002   1.518951E-001
   1.640000E+002   1.519953E-001
   1.650000E+002   1.520785E-001
   1.660000E+002   1.521450E-001
   1.670000E+002   1.521946E-001
   1.680000E+002   1.522274E-001
   1.690000E+002   1.522433E-001
   1.700000E+002   1.522424E-001
   1.710000E+002   1.522247E-001
   1.720000E+002   1.521901E-001
   1.730000E+002   1.521387E-001
   1.740000E+002   1.520705E-001
   1.750000E+002   1.519854E-001
   1.760000E+002   1.518835E-001
   1.770000E+002   1.517647E-001
   1.780000E+002   1.516291E-001
   1.790000E+002   1.514767E-001
   1.800000E+002   1.513074E-001
   1.810000E+002   1.511213E-001
   1.820000E+002   1.509184E-001
   1.830000E+002   1.506989E-001
   1.840000E+002   1.504626E-001
   1.850000E+002   1.502098E-001
   1.860000E+002   1.499404E-001
   1.870000E+002   1.496546E-001
   1.880000E+002   1.493523E-001
   1.890000E+002   1.490337E-001
   1.900000E+002   1.486988E-001
   1.910000E+002   1.483476E-001
   1.920000E+002   1.479803E-001
   1.930000E+002   1.475969E-001
   1.940000E+002   1.471975E-001
   1.950000E+002   1.467820E-001
   1.960000E+002   1.463506E-001
   1.970000E+002   1.459034E-001
   1.980000E+002   1.454403E-001
   1.990000E+002   1.449616E-001
   2.000000E+002   1.444671E-001
   2.010000E+002   1.439570E-001
   2.020000E+002   1.434316E-001
   2.030000E+002   1.428912E-001
   2.040000E+002   1.423360E-001
   2.050000E+002   1.417664E-001
   2.060000E+002   1.411826E-001
   2.070000E+002   1.405849E-001
   2.080000E+002   1.399737E-001
   2.090000E+002   1.393491E-001
   2.100000E+002   1.387116E-001
   2.110000E+002   1.380614E-001
   2.120000E+002   1.373987E-001
   2.130000E+002   1.367240E-001
   2.140000E+002   1.360374E-001
   2.150000E+002   1.353392E-001
   2.160000E+002   1.346299E-001
   2.170000E+002   1.339095E-001
   2.180000E+002   1.331786E-001
   2.190000E+002   1.324372E-001
   2.200000E+002   1.316858E-001
   2.210000E+002   1.309246E-001
   2.220000E+002   1.301539E-001
   2.230000E+002   1.293740E-001
   2.240000E+002   1.285852E-001
   2.250000E+002   1.277877E-001
   2.260000E+002   1.269820E-001
   2.270000E+002   1.261683E-001
   2.280000E+002   1.253468E-001
   2.290000E+002   1.245180E-001
   2.300000E+002   1.236822E-001
   2.310000E+002   1.228396E-001
   2.320000E+002   1.219906E-001
   2.330000E+002   1.211356E-001
   2.340000E+002   1.202747E-001
   2.350000E+002   1.194084E-001
   2.360000E+002   1.185370E-001
   2.370000E+002   1.176608E-001
   2.380000E+002   1.167800E-001
   2.390000E+002   1.158951E-001
   2.400000E+002   1.150063E-001
   2.410000E+002   1.141140E-001
   2.420000E+002   1.132185E-001
   2.430000E+002   1.123201E-001
   2.440000E+002   1.114191E-001
   2.450000E+002   1.105158E-001
   2.460000E+002   1.096106E-001
   2.470000E+002   1.087037E-001
   2.480000E+002   1.077956E-001
   2.490000E+002   1.068864E-001
   2.500000E+002   1.059766E-001
   2.510000E+002   1.050665E-001
   2.520000E+002   1.041563E-001
   2.530000E+002   1.032464E-001
   2.540000E+002   1.023372E-001
   2.550000E+002   1.014288E-001
   2.560000E+002   1.005218E-001
   2.570000E+002   9.961628E-002
   2.580000E+002   9.871269E-002
   2.590000E+002   9.781133E-002
   2.600000E+002   9.691251E-002
   2.610000E+002   9.601656E-002
   2.620000E+002   9.512380E-002
   2.630000E+002   9.423454E-002
   2.640000E+002   9.334912E-002
   2.650000E+002   9.246785E-002
   2.660000E+002   9.159106E-002
   2.670000E+002   9.071906E-002
   2.680000E+002   8.985218E-002
   2.690000E+002   8.899073E-002
   2.700000E+002   8.813505E-002
   2.710000E+002   8.728545E-002
   2.720000E+002   8.644225E-002
   2.730000E+002   8.560578E-002
   2.740000E+002   8.477635E-002
   2.750000E+002   8.395429E-002
   2.760000E+002   8.313991E-002
   2.770000E+002   8.233344E-002
   2.780000E+002   8.153513E-002
   2.790000E+002   8.074520E-002
   2.800000E+002   7.996388E-002
   2.810000E+002   7.919141E-002
   2.820000E+002   7.842801E-002
   2.830000E+002   7.767392E-002
   2.840000E+002   7.692937E-002
   2.850000E+002   7.619459E-002
   2.860000E+002   7.546981E-002
   2.870000E+002   7.475526E-002
   2.880000E+002   7.405117E-002
   2.890000E+002   7.335778E-002
   2.900000E+002   7.267531E-002
   2.910000E+002   7.200399E-002
   2.920000E+002   7.134407E-002
   2.930000E+002   7.069576E-002
   2.940000E+002   7.005930E-002
   2.950000E+002   6.943492E-002
   2.960000E+002   6.882285E-002
   2.970000E+002   6.822333E-002
   2.980000E+002   6.763658E-002
   2.990000E+002   6.706283E-002
   3.000000E+002   6.650232E-002
   3.010000E+002   6.595523E-002
   3.020000E+002   6.542156E-002
   3.030000E+002   6.490127E-002
   3.040000E+002   6.439431E-002
   3.050000E+002   6.390063E-002
   3.060000E+002   6.342019E-002
   3.070000E+002   6.295295E-002
   3.080000E+002   6.249886E-002
   3.090000E+002   6.205788E-002
   3.100000E+002   6.162995E-002
   3.110000E+002   6.121504E-002
   3.120000E+002   6.081310E-002
   3.130000E+002   6.042408E-002
   3.140000E+002   6.004793E-002
   3.150000E+002   5.968462E-002
   3.160000E+002   5.933410E-002
   3.170000E+002   5.899632E-002
   3.180000E+002   5.867124E-002
   3.190000E+002   5.835881E-002
   3.200000E+002   5.805899E-002
   3.210000E+002   5.777172E-002
   3.220000E+002   5.749698E-002
   3.230000E+002   5.723470E-002
   3.240000E+002   5.698485E-002
   3.250000E+002   5.674738E-002
   3.260000E+002   5.652224E-002
   3.270000E+002   5.630939E-002
   3.280000E+002   5.610879E-002
   3.290000E+002   5.592038E-002
   3.300000E+002   5.574413E-002
   3.310000E+002   5.557999E-002
   3.320000E+002   5.542791E-002
   3.330000E+002   5.528785E-002
   3.340000E+002   5.515976E-002
   3.350000E+002   5.504360E-002
   3.360000E+002   5.493932E-002
   3.370000E+002   5.484688E-002
   3.380000E+002   5.476622E-002
   3.390000E+002   5.469732E-002
   3.400000E+002   5.464011E-002
   3.410000E+002   5.459456E-002
   3.420000E+002   5.456062E-002
   3.430000E+002   5.453825E-002
   3.440000E+002   5.452739E-002
   3.450000E+002   5.452801E-002
   3.460000E+002   5.454006E-002
   3.470000E+002   5.456349E-002
   3.480000E+002   5.459826E-002
   3.490000E+002   5.464432E-002
   3.500000E+002   5.470163E-002
   3.510000E+002   5.477011E-002
   3.520000E+002   5.484953E-002
   3.530000E+002   5.493964E-002
   3.540000E+002   5.504018E-002
   3.550000E+002   5.515089E-002
   3.560000E+002   5.527151E-002
   3.570000E+002   5.540178E-002
   3.580000E+002   5.554145E-002
   3.590000E+002   5.569026E-002
   3.600000E+002   5.584794E-002
   3.610000E+002   5.601425E-002
   3.620000E+002   5.618892E-002
   3.630000E+002   5.637170E-002
   3.640000E+002   5.656232E-002
   3.650000E+002   5.676054E-002
   3.660000E+002   5.696608E-002
   3.670000E+002   5.717870E-002
   3.680000E+002   5.739814E-002
   3.690000E+002   5.762413E-002
   3.700000E+002   5.785641E-002
   3.710000E+002   5.809474E-002
   3.720000E+002   5.833886E-002
   3.730000E+002   5.858849E-002
   3.740000E+002   5.884340E-002
   3.750000E+002   5.910331E-002
   3.760000E+002   5.936797E-002
   3.770000E+002   5.963712E-002
   3.780000E+002   5.991051E-002
   3.790000E+002   6.018787E-002
   3.800000E+002   6.046896E-002
   3.810000E+002   6.075350E-002
   3.820000E+002   6.104124E-002
   3.830000E+002   6.133193E-002
   3.840000E+002   6.162530E-002
   3.850000E+002   6.192110E-002
   3.860000E+002   6.221907E-002
   3.870000E+002   6.251895E-002
   3.880000E+002   6.282048E-002
   3.890000E+002   6.312341E-002
   3.900000E+002   6.342747E-002
   3.910000E+002   6.373242E-002
   3.920000E+002   6.403798E-002
   3.930000E+002   6.434391E-002
   3.940000E+002   6.464994E-002
   3.950000E+002   6.495582E-002
   3.960000E+002   6.526128E-002
   3.970000E+002   6.556608E-002
   3.980000E+002   6.586995E-002
   3.990000E+002   6.617263E-002
   4.000000E+002   6.647387E-002
   4.010000E+002   6.677342E-002
   4.020000E+002   6.707113E-002
   4.030000E+002   6.736684E-002
   4.040000E+002   6.766041E-002
   4.050000E+002   6.795169E-002
   4.060000E+002   6.824054E-002
   4.070000E+002   6.852680E-002
   4.080000E+002   6.881034E-002
   4.090000E+002   6.909100E-002
   4.100000E+002   6.936864E-002
   4.110000E+002   6.964311E-002
   4.120000E+002   6.991427E-002
   4.130000E+002   7.018196E-002
   4.140000E+002   7.044605E-002
   4.150000E+002   7.070639E-002
   4.160000E+002   7.096282E-002
   4.170000E+002   7.121521E-002
   4.180000E+002   7.146340E-002
   4.190000E+002   7.170725E-002
   4.200000E+002   7.194661E-002
   4.210000E+002   7.218134E-002
   4.220000E+002   7.241130E-002
   4.230000E+002   7.263632E-002
   4.240000E+002   7.285627E-002
   4.250000E+002   7.307100E-002
   4.260000E+002   7.328036E-002
   4.270000E+002   7.348421E-002
   4.280000E+002   7.368240E-002
   4.290000E+002   7.387479E-002
   4.300000E+002   7.406122E-002
   4.310000E+002   7.424155E-002
   4.320000E+002   7.441564E-002
   4.330000E+002   7.458333E-002
   4.340000E+002   7.474448E-002
   4.350000E+002   7.489895E-002
   4.360000E+002   7.504659E-002
   4.370000E+002   7.518724E-002
   4.380000E+002   7.532078E-002
   4.390000E+002   7.544703E-002
   4.400000E+002   7.556587E-002
   4.410000E+002   7.567715E-002
   4.420000E+002   7.578071E-002
   4.430000E+002   7.587642E-002
   4.440000E+002   7.596412E-002
   4.450000E+002   7.604366E-002
   4.460000E+002   7.611491E-002
   4.470000E+002   7.617772E-002
   4.480000E+002   7.623193E-002
   4.490000E+002   7.627741E-002
   4.500000E+002   7.631400E-002
   4.510000E+002   7.634160E-002
   4.520000E+002   7.636026E-002
   4.530000E+002   7.637008E-002
   4.540000E+002   7.637114E-002
   4.550000E+002   7.636353E-002
   4.560000E+002   7.634736E-002
   4.570000E+002   7.632271E-002
   4.580000E+002   7.628967E-002
   4.590000E+002   7.624834E-002
   4.600000E+002   7.619880E-002
   4.610000E+002   7.614116E-002
   4.620000E+002   7.607549E-002
   4.630000E+002   7.600190E-002
   4.640000E+002   7.592048E-002
   4.650000E+002   7.583132E-002
   4.660000E+002   7.573451E-002
   4.670000E+002   7.563013E-002
   4.680000E+002   7.551830E-002
   4.690000E+002   7.539909E-002
   4.700000E+002   7.527260E-002
   4.710000E+002   7.513892E-002
   4.720000E+002   7.499814E-002
   4.730000E+002   7.485036E-002
   4.740000E+002   7.469567E-002
   4.750000E+002   7.453415E-002
   4.760000E+002   7.436591E-002
   4.770000E+002   7.419103E-002
   4.780000E+002   7.400961E-002
   4.790000E+002   7.382173E-002
   4.800000E+002   7.362750E-002
   4.810000E+002   7.342700E-002
   4.820000E+002   7.322032E-002
   4.830000E+002   7.300755E-002
   4.840000E+002   7.278880E-002
   4.850000E+002   7.256415E-002
   4.860000E+002   7.233369E-002
   4.870000E+002   7.209751E-002
   4.880000E+002   7.185571E-002
   4.890000E+002   7.160838E-002
   4.900000E+002   7.135561E-002
   4.910000E+002   7.109749E-002
   4.920000E+002   7.083412E-002
   4.930000E+002   7.056559E-002
   4.940000E+002   7.029198E-002
   4.950000E+002   7.001340E-002
   4.960000E+002   6.972993E-002
   4.970000E+002   6.944167E-002
   4.980000E+002   6.914870E-002
   4.990000E+002   6.885112E-002
   5.000000E+002   6.854903E-002
   5.010000E+002   6.824252E-002
   5.020000E+002   6.793177E-002
   5.030000E+002   6.761694E-002
   5.040000E+002   6.729821E-002
   5.050000E+002   6.697575E-002
   5.060000E+002   6.664975E-002
   5.070000E+002   6.632037E-002
   5.080000E+002   6.598780E-002
   5.090000E+002   6.565220E-002
   5.100000E+002   6.531376E-002
   5.110000E+002   6.497265E-002
   5.120000E+002   6.462904E-002
   5.130000E+002   6.428311E-002
   5.140000E+002   6.393503E-002
   5.150000E+002   6.358498E-002
   5.160000E+002   6.323314E-002
   5.170000E+002   6.287969E-002
   5.180000E+002   6.252478E-002
   5.190000E+002   6.216862E-002
   5.200000E+002   6.181135E-002
   5.210000E+002   6.145318E-002
   5.220000E+002   6.109426E-002
   5.230000E+002   6.073477E-002
   5.240000E+002   6.037489E-002
   5.250000E+002   6.001480E-002
   5.260000E+002   5.965467E-002
   5.270000E+002   5.929467E-002
   5.280000E+002   5.893499E-002
   5.290000E+002   5.857579E-002
   5.300000E+002   5.821726E-002
   5.310000E+002   5.785956E-002
   5.320000E+002   5.750287E-002
   5.330000E+002   5.714738E-002
   5.340000E+002   5.679324E-002
   5.350000E+002   5.644065E-002
   5.360000E+002   5.608977E-002
   5.370000E+002   5.574078E-002
   5.380000E+002   5.539386E-002
   5.390000E+002   5.504918E-002
   5.400000E+002   5.470691E-002
   5.410000E+002   5.436724E-002
   5.420000E+002   5.403033E-002
   5.430000E+002   5.369637E-002
   5.440000E+002   5.336552E-002
   5.450000E+002   5.303797E-002
   5.460000E+002   5.271389E-002
   5.470000E+002   5.239345E-002
   5.480000E+002   5.207684E-002
   5.490000E+002   5.176422E-002
   5.500000E+002   5.145576E-002
   5.510000E+002   5.115164E-002
   5.520000E+002   5.085191E-002
   5.530000E+002   5.055662E-002
   5.540000E+002   5.026582E-002
   5.550000E+002   4.997956E-002
   5.560000E+002   4.969788E-002
   5.570000E+002   4.942084E-002
   5.580000E+002   4.914847E-002
   5.590000E+002   4.888084E-002
   5.600000E+002   4.861798E-002
   5.610000E+002   4.835995E-002
   5.620000E+002   4.810678E-002
   5.630000E+002   4.785854E-002
   5.640000E+002   4.761526E-002
   5.650000E+002   4.737700E-002
   5.660000E+002   4.714381E-002
   5.670000E+002   4.691572E-002
   5.680000E+002   4.669279E-002
   5.690000E+002   4.647506E-002
   5.700000E+002   4.626260E-002
   5.710000E+002   4.605543E-002
   5.720000E+002   4.585361E-002
   5.730000E+002   4.565719E-002
   5.740000E+002   4.546621E-002
   5.750000E+002   4.528073E-002
   5.760000E+002   4.510078E-002
   5.770000E+002   4.492643E-002
   5.780000E+002   4.475771E-002
   5.790000E+002   4.459467E-002
   5.800000E+002   4.443737E-002
   5.810000E+002   4.428584E-002
   5.820000E+002   4.414014E-002
   5.830000E+002   4.400032E-002
   5.840000E+002   4.386641E-002
   5.850000E+002   4.373848E-002
   5.860000E+002   4.361657E-002
   5.870000E+002   4.350072E-002
   5.880000E+002   4.339098E-002
   5.890000E+002   4.328741E-002
   5.900000E+002   4.319005E-002
   5.910000E+002   4.309894E-002
   5.920000E+002   4.301413E-002
   5.930000E+002   4.293568E-002
   5.940000E+002   4.286363E-002
   5.950000E+002   4.279803E-002
   5.960000E+002   4.273892E-002
   5.970000E+002   4.268635E-002
   5.980000E+002   4.264038E-002
   5.990000E+002   4.260104E-002
   6.000000E+002   4.256839E-002
   6.010000E+002   4.254245E-002
   6.020000E+002   4.252313E-002
   6.030000E+002   4.251033E-002
   6.040000E+002   4.250392E-002
   6.050000E+002   4.250381E-002
   6.060000E+002   4.250988E-002
   6.070000E+002   4.252201E-002
   6.080000E+002   4.254010E-002
   6.090000E+002   4.256404E-002
   6.100000E+002   4.259372E-002
   6.110000E+002   4.262902E-002
   6.120000E+002   4.266983E-002
   6.130000E+002   4.271605E-002
   6.140000E+002   4.276756E-002
   6.150000E+002   4.282425E-002
   6.160000E+002   4.288601E-002
   6.170000E+002   4.295273E-002
   6.180000E+002   4.302430E-002
   6.190000E+002   4.310061E-002
   6.200000E+002   4.318155E-002
   6.210000E+002   4.326700E-002
   6.220000E+002   4.335685E-002
   6.230000E+002   4.345100E-002
   6.240000E+002   4.354933E-002
   6.250000E+002   4.365174E-002
   6.260000E+002   4.375811E-002
   6.270000E+002   4.386832E-002
   6.280000E+002   4.398228E-002
   6.290000E+002   4.409986E-002
   6.300000E+002   4.422096E-002
   6.310000E+002   4.434547E-002
   6.320000E+002   4.447328E-002
   6.330000E+002   4.460427E-002
   6.340000E+002   4.473833E-002
   6.350000E+002   4.487536E-002
   6.360000E+002   4.501523E-002
   6.370000E+002   4.515785E-002
   6.380000E+002   4.530310E-002
   6.390000E+002   4.545087E-002
   6.400000E+002   4.560105E-002
   6.410000E+002   4.575353E-002
   6.420000E+002   4.590819E-002
   6.430000E+002   4.606492E-002
   6.440000E+002   4.622363E-002
   6.450000E+002   4.638418E-002
   6.460000E+002   4.654648E-002
   6.470000E+002   4.671041E-002
   6.480000E+002   4.687587E-002
   6.490000E+002   4.704273E-002
   6.500000E+002   4.721089E-002
   6.510000E+002   4.738024E-002
   6.520000E+002   4.755065E-002
   6.530000E+002   4.772201E-002
   6.540000E+002   4.789420E-002
   6.550000E+002   4.806709E-002
   6.560000E+002   4.824056E-002
   6.570000E+002   4.841450E-002
   6.580000E+002   4.858877E-002
   6.590000E+002   4.876327E-002
   6.600000E+002   4.893786E-002
   6.610000E+002   4.911243E-002
   6.620000E+002   4.928685E-002
   6.630000E+002   4.946101E-002
   6.640000E+002   4.963479E-002
   6.650000E+002   4.980805E-002
   6.660000E+002   4.998069E-002
   6.670000E+002   5.015257E-002
   6.680000E+002   5.032359E-002
   6.690000E+002   5.049361E-002
   6.700000E+002   5.066252E-002
   6.710000E+002   5.083020E-002
   6.720000E+002   5.099652E-002
   6.730000E+002   5.116136E-002
   6.740000E+002   5.132461E-002
   6.750000E+002   5.148614E-002
   6.760000E+002   5.164582E-002
   6.770000E+002   5.180355E-002
   6.780000E+002   5.195919E-002
   6.790000E+002   5.211263E-002
   6.800000E+002   5.226375E-002
   6.810000E+002   5.241241E-002
   6.820000E+002   5.255852E-002
   6.830000E+002   5.270193E-002
   6.840000E+002   5.284253E-002
   6.850000E+002   5.298021E-002
   6.860000E+002   5.311483E-002
   6.870000E+002   5.324628E-002
   6.880000E+002   5.337444E-002
   6.890000E+002   5.349918E-002
   6.900000E+002   5.362038E-002
   6.910000E+002   5.373793E-002
   6.920000E+002   5.385170E-002
   6.930000E+002   5.396157E-002
   6.940000E+002   5.406742E-002
   6.950000E+002   5.416912E-002
   6.960000E+002   5.426657E-002
   6.970000E+002   5.435963E-002
   6.980000E+002   5.444818E-002
   6.990000E+002   5.453211E-002
   7.000000E+002   5.461129E-002
   7.010000E+002   5.468563E-002
   7.020000E+002   5.475509E-002
   7.030000E+002   5.481969E-002
   7.040000E+002   5.487943E-002
   7.050000E+002   5.493431E-002
   7.060000E+002   5.498433E-002
   7.070000E+002   5.502948E-002
   7.080000E+002   5.506979E-002
   7.090000E+002   5.510524E-002
   7.100000E+002   5.513583E-002
   7.110000E+002   5.516158E-002
   7.120000E+002   5.518248E-002
   7.130000E+002   5.519853E-002
   7.140000E+002   5.520973E-002
   7.150000E+002   5.521610E-002
   7.160000E+002   5.521762E-002
   7.170000E+002   5.521430E-002
   7.180000E+002   5.520614E-002
   7.190000E+002   5.519315E-002
   7.200000E+002   5.517532E-002
   7.210000E+002   5.515266E-002
   7.220000E+002   5.512517E-002
   7.230000E+002   5.509285E-002
   7.240000E+002   5.505571E-002
   7.250000E+002   5.501374E-002
   7.260000E+002   5.496694E-002
   7.270000E+002   5.491533E-002
   7.280000E+002   5.485889E-002
   7.290000E+002   5.479764E-002
   7.300000E+002   5.473157E-002
   7.310000E+002   5.466068E-002
   7.320000E+002   5.458499E-002
   7.330000E+002   5.450448E-002
   7.340000E+002   5.441916E-002
   7.350000E+002   5.432904E-002
   7.360000E+002   5.423411E-002
   7.370000E+002   5.413438E-002
   7.380000E+002   5.402985E-002
   7.390000E+002   5.392051E-002
   7.400000E+002   5.380638E-002
   7.410000E+002   5.368745E-002
   7.420000E+002   5.356373E-002
   7.430000E+002   5.343522E-002
   7.440000E+002   5.330191E-002
   7.450000E+002   5.316382E-002
   7.460000E+002   5.302094E-002
   7.470000E+002   5.287327E-002
   7.480000E+002   5.272082E-002
   7.490000E+002   5.256359E-002
   7.500000E+002   5.240158E-002
   7.510000E+002   5.223480E-002
   7.520000E+002   5.206335E-002
   7.530000E+002   5.188730E-002
   7.540000E+002   5.170677E-002
   7.550000E+002   5.152184E-002
   7.560000E+002   5.133261E-002
   7.570000E+002   5.113918E-002
   7.580000E+002   5.094164E-002
   7.590000E+002   5.074008E-002
   7.600000E+002   5.053461E-002
   7.610000E+002   5.032532E-002
   7.620000E+002   5.011230E-002
   7.630000E+002   4.989565E-002
   7.640000E+002   4.967547E-002
   7.650000E+002   4.945185E-002
   7.660000E+002   4.922488E-002
   7.670000E+002   4.899467E-002
   7.680000E+002   4.876131E-002
   7.690000E+002   4.852489E-002
   7.700000E+002   4.828551E-002
   7.710000E+002   4.804326E-002
   7.720000E+002   4.779825E-002
   7.730000E+002   4.755056E-002
   7.740000E+002   4.730030E-002
   7.750000E+002   4.704755E-002
   7.760000E+002   4.679242E-002
   7.770000E+002   4.653500E-002
   7.780000E+002   4.627538E-002
   7.790000E+002   4.601366E-002
   7.800000E+002   4.574994E-002
   7.810000E+002   4.548431E-002
   7.820000E+002   4.521687E-002
   7.830000E+002   4.494772E-002
   7.840000E+002   4.467694E-002
   7.850000E+002   4.440463E-002
   7.860000E+002   4.413090E-002
   7.870000E+002   4.385583E-002
   7.880000E+002   4.357953E-002
   7.890000E+002   4.330208E-002
   7.900000E+002   4.302359E-002
   7.910000E+002   4.274414E-002
   7.920000E+002   4.246384E-002
   7.930000E+002   4.218278E-002
   7.940000E+002   4.190106E-002
   7.950000E+002   4.161877E-002
   7.960000E+002   4.133600E-002
   7.970000E+002   4.105286E-002
   7.980000E+002   4.076943E-002
   7.990000E+002   4.048582E-002
   8.000000E+002   4.020212E-002
   8.010000E+002   3.991842E-002
   8.020000E+002   3.963481E-002
   8.030000E+002   3.935136E-002
   8.040000E+002   3.906816E-002
   8.050000E+002   3.878528E-002
   8.060000E+002   3.850280E-002
   8.070000E+002   3.822080E-002
   8.080000E+002   3.793936E-002
   8.090000E+002   3.765856E-002
   8.100000E+002   3.737848E-002
   8.110000E+002   3.709920E-002
   8.120000E+002   3.682080E-002
   8.130000E+002   3.654335E-002
   8.140000E+002   3.626694E-002
   8.150000E+002   3.599165E-002
   8.160000E+002   3.571755E-002
   8.170000E+002   3.544472E-002
   8.180000E+002   3.517325E-002
   8.190000E+002   3.490321E-002
   8.200000E+002   3.463468E-002
   8.210000E+002   3.436774E-002
   8.220000E+002   3.410248E-002
   8.230000E+002   3.383896E-002
   8.240000E+002   3.357727E-002
   8.250000E+002   3.331749E-002
   8.260000E+002   3.305970E-002
   8.270000E+002   3.280398E-002
   8.280000E+002   3.255040E-002
   8.290000E+002   3.229904E-002
   8.300000E+002   3.204999E-002
   8.310000E+002   3.180333E-002
   8.320000E+002   3.155913E-002
   8.330000E+002   3.131747E-002
   8.340000E+002   3.107843E-002
   8.350000E+002   3.084209E-002
   8.360000E+002   3.060854E-002
   8.370000E+002   3.037784E-002
   8.380000E+002   3.015009E-002
   8.390000E+002   2.992535E-002
   8.400000E+002   2.970370E-002
   8.410000E+002   2.948524E-002
   8.420000E+002   2.927003E-002
   8.430000E+002   2.905816E-002
   8.440000E+002   2.884970E-002
   8.450000E+002   2.864473E-002
   8.460000E+002   2.844334E-002
   8.470000E+002   2.824560E-002
   8.480000E+002   2.805159E-002
   8.490000E+002   2.786140E-002
   8.500000E+002   2.767509E-002
   8.510000E+002   2.749274E-002
   8.520000E+002   2.731434E-002
   8.530000E+002   2.713987E-002
   8.540000E+002   2.696933E-002
   8.550000E+002   2.680268E-002
   8.560000E+002   2.663993E-002
   8.570000E+002   2.648104E-002
   8.580000E+002   2.632601E-002
   8.590000E+002   2.617481E-002
   8.600000E+002   2.602743E-002
   8.610000E+002   2.588385E-002
   8.620000E+002   2.574406E-002
   8.630000E+002   2.560804E-002
   8.640000E+002   2.547577E-002
   8.650000E+002   2.534724E-002
   8.660000E+002   2.522243E-002
   8.670000E+002   2.510132E-002
   8.680000E+002   2.498389E-002
   8.690000E+002   2.487014E-002
   8.700000E+002   2.476003E-002
   8.710000E+002   2.465356E-002
   8.720000E+002   2.455071E-002
   8.730000E+002   2.445147E-002
   8.740000E+002   2.435580E-002
   8.750000E+002   2.426371E-002
   8.760000E+002   2.417517E-002
   8.770000E+002   2.409016E-002
   8.780000E+002   2.400868E-002
   8.790000E+002   2.393069E-002
   8.800000E+002   2.385619E-002
   8.810000E+002   2.378516E-002
   8.820000E+002   2.371758E-002
   8.830000E+002   2.365344E-002
   8.840000E+002   2.359272E-002
   8.850000E+002   2.353539E-002
   8.860000E+002   2.348146E-002
   8.870000E+002   2.343089E-002
   8.880000E+002   2.338367E-002
   8.890000E+002   2.333979E-002
   8.900000E+002   2.329922E-002
   8.910000E+002   2.326196E-002
   8.920000E+002   2.322798E-002
   8.930000E+002   2.319728E-002
   8.940000E+002   2.316982E-002
   8.950000E+002   2.314560E-002
   8.960000E+002   2.312459E-002
   8.970000E+002   2.310679E-002
   8.980000E+002   2.309217E-002
   8.990000E+002   2.308072E-002
   9.000000E+002   2.307242E-002
   9.010000E+002   2.306725E-002
   9.020000E+002   2.306514E-002
   9.030000E+002   2.306603E-002
   9.040000E+002   2.306983E-002
   9.050000E+002   2.307649E-002
   9.060000E+002   2.308593E-002
   9.070000E+002   2.309807E-002
   9.080000E+002   2.311286E-002
   9.090000E+002   2.313021E-002
   9.100000E+002   2.315005E-002
   9.110000E+002   2.317232E-002
   9.120000E+002   2.319695E-002
   9.130000E+002   2.322385E-002
   9.140000E+002   2.325297E-002
   9.150000E+002   2.328423E-002
   9.160000E+002   2.331756E-002
   9.170000E+002   2.335289E-002
   9.180000E+002   2.339015E-002
   9.190000E+002   2.342926E-002
   9.200000E+002   2.347016E-002
   9.210000E+002   2.351277E-002
   9.220000E+002   2.355703E-002
   9.230000E+002   2.360286E-002
   9.240000E+002   2.365019E-002
   9.250000E+002   2.369896E-002
   9.260000E+002   2.374908E-002
   9.270000E+002   2.380049E-002
   9.280000E+002   2.385312E-002
   9.290000E+002   2.390690E-002
   9.300000E+002   2.396175E-002
   9.310000E+002   2.401761E-002
   9.320000E+002   2.407440E-002
   9.330000E+002   2.413205E-002
   9.340000E+002   2.419050E-002
   9.350000E+002   2.424967E-002
   9.360000E+002   2.430948E-002
   9.370000E+002   2.436988E-002
   9.380000E+002   2.443078E-002
   9.390000E+002   2.449212E-002
   9.400000E+002   2.455383E-002
   9.410000E+002   2.461583E-002
   9.420000E+002   2.467806E-002
   9.430000E+002   2.474044E-002
   9.440000E+002   2.480290E-002
   9.450000E+002   2.486537E-002
   9.460000E+002   2.492778E-002
   9.470000E+002   2.499006E-002
   9.480000E+002   2.505214E-002
   9.490000E+002   2.511394E-002
   9.500000E+002   2.517540E-002
   9.510000E+002   2.523645E-002
   9.520000E+002   2.529705E-002
   9.530000E+002   2.535715E-002
   9.540000E+002   2.541672E-002
   9.550000E+002   2.547571E-002
   9.560000E+002   2.553409E-002
   9.570000E+002   2.559181E-002
   9.580000E+002   2.564884E-002
   9.590000E+002   2.570513E-002
   9.600000E+002   2.576065E-002
   9.610000E+002   2.581536E-002
   9.620000E+002   2.586921E-002
   9.630000E+002   2.592217E-002
   9.640000E+002   2.597420E-002
   9.650000E+002   2.602525E-002
   9.660000E+002   2.607528E-002
   9.670000E+002   2.612427E-002
   9.680000E+002   2.617216E-002
   9.690000E+002   2.621891E-002
   9.700000E+002   2.626450E-002
   9.710000E+002   2.630887E-002
   9.720000E+002   2.635199E-002
   9.730000E+002   2.639381E-002
   9.740000E+002   2.643430E-002
   9.750000E+002   2.647342E-002
   9.760000E+002   2.651113E-002
   9.770000E+002   2.654739E-002
   9.780000E+002   2.658215E-002
   9.790000E+002   2.661538E-002
   9.800000E+002   2.664703E-002
   9.810000E+002   2.667708E-002
   9.820000E+002   2.670547E-002
   9.830000E+002   2.673217E-002
   9.840000E+002   2.675714E-002
   9.850000E+002   2.678034E-002
   9.860000E+002   2.680173E-002
   9.870000E+002   2.682126E-002
   9.880000E+002   2.683891E-002
   9.890000E+002   2.685462E-002
   9.900000E+002   2.686836E-002
   9.910000E+002   2.688009E-002
   9.920000E+002   2.688977E-002
   9.930000E+002   2.689735E-002
   9.940000E+002   2.690281E-002
   9.950000E+002   2.690609E-002
   9.960000E+002   2.690717E-002
   9.970000E+002   2.690599E-002
   9.980000E+002   2.690253E-002
   9.990000E+002   2.689673E-002
   1.000000E+003   2.688856E-002
   1.001000E+003   2.687800E-002
   1.002000E+003   2.686504E-002
   1.003000E+003   2.684972E-002
   1.004000E+003   2.683205E-002
   1.005000E+003   2.681206E-002
   1.006000E+003   2.678977E-002
   1.007000E+003   2.676519E-002
   1.008000E+003   2.673835E-002
   1.009000E+003   2.670928E-002
   1.010000E+003   2.667799E-002
   1.011000E+003   2.664450E-002
   1.012000E+003   2.660885E-002
   1.013000E+003   2.657104E-002
   1.014000E+003   2.653109E-002
   1.015000E+003   2.648904E-002
   1.016000E+003   2.644491E-002
   1.017000E+003   2.639870E-002
   1.018000E+003   2.635045E-002
   1.019000E+003   2.630018E-002
   1.020000E+003   2.624791E-002
   1.021000E+003   2.619366E-002
   1.022000E+003   2.613745E-002
   1.023000E+003   2.607930E-002
   1.024000E+003   2.601923E-002
   1.025000E+003   2.595728E-002
   1.026000E+003   2.589345E-002
   1.027000E+003   2.582777E-002
   1.028000E+003   2.576026E-002
   1.029000E+003   2.569094E-002
   1.030000E+003   2.561984E-002
   1.031000E+003   2.554697E-002
   1.032000E+003   2.547236E-002
   1.033000E+003   2.539602E-002
   1.034000E+003   2.531799E-002
   1.035000E+003   2.523828E-002
   1.036000E+003   2.515691E-002
   1.037000E+003   2.507390E-002
   1.038000E+003   2.498928E-002
   1.039000E+003   2.490307E-002
   1.040000E+003   2.481528E-002
   1.041000E+003   2.472595E-002
   1.042000E+003   2.463509E-002
   1.043000E+003   2.454272E-002
   1.044000E+003   2.444887E-002
   1.045000E+003   2.435355E-002
   1.046000E+003   2.425679E-002
   1.047000E+003   2.415861E-002
   1.048000E+003   2.405903E-002
   1.049000E+003   2.395808E-002
   1.050000E+003   2.385576E-002
   1.051000E+003   2.375212E-002
   1.052000E+003   2.364719E-002
   1.053000E+003   2.354101E-002
   1.054000E+003   2.343363E-002
   1.055000E+003   2.332510E-002
   1.056000E+003   2.321545E-002
   1.057000E+003   2.310474E-002
   1.058000E+003   2.299300E-002
   1.059000E+003   2.288029E-002
   1.060000E+003   2.276664E-002
   1.061000E+003   2.265211E-002
   1.062000E+003   2.253673E-002
   1.063000E+003   2.242056E-002
   1.064000E+003   2.230363E-002
   1.065000E+003   2.218599E-002
   1.066000E+003   2.206768E-002
   1.067000E+003   2.194876E-002
   1.068000E+003   2.182925E-002
   1.069000E+003   2.170922E-002
   1.070000E+003   2.158870E-002
   1.071000E+003   2.146774E-002
   1.072000E+003   2.134638E-002
   1.073000E+003   2.122467E-002
   1.074000E+003   2.110265E-002
   1.075000E+003   2.098037E-002
   1.076000E+003   2.085787E-002
   1.077000E+003   2.073520E-002
   1.078000E+003   2.061239E-002
   1.079000E+003   2.048950E-002
   1.080000E+003   2.036657E-002
   1.081000E+003   2.024365E-002
   1.082000E+003   2.012077E-002
   1.083000E+003   1.999799E-002
   1.084000E+003   1.987535E-002
   1.085000E+003   1.975288E-002
   1.086000E+003   1.963065E-002
   1.087000E+003   1.950869E-002
   1.088000E+003   1.938705E-002
   1.089000E+003   1.926576E-002
   1.090000E+003   1.914489E-002
   1.091000E+003   1.902446E-002
   1.092000E+003   1.890453E-002
   1.093000E+003   1.878514E-002
   1.094000E+003   1.866633E-002
   1.095000E+003   1.854816E-002
   1.096000E+003   1.843065E-002
   1.097000E+003   1.831387E-002
   1.098000E+003   1.819785E-002
   1.099000E+003   1.808264E-002
   1.100000E+003   1.796828E-002
   1.101000E+003   1.785481E-002
   1.102000E+003   1.774226E-002
   1.103000E+003   1.763065E-002
   1.104000E+003   1.752000E-002
   1.105000E+003   1.741034E-002
   1.106000E+003   1.730167E-002
   1.107000E+003   1.719404E-002
   1.108000E+003   1.708745E-002
   1.109000E+003   1.698193E-002
   1.110000E+003   1.687749E-002
   1.111000E+003   1.677417E-002
   1.112000E+003   1.667198E-002
   1.113000E+003   1.657094E-002
   1.114000E+003   1.647108E-002
   1.115000E+003   1.637241E-002
   1.116000E+003   1.627496E-002
   1.117000E+003   1.617875E-002
   1.118000E+003   1.608380E-002
   1.119000E+003   1.599013E-002
   1.120000E+003   1.589776E-002
   1.121000E+003   1.580672E-002
   1.122000E+003   1.571702E-002
   1.123000E+003   1.562869E-002
   1.124000E+003   1.554175E-002
   1.125000E+003   1.545622E-002
   1.126000E+003   1.537211E-002
   1.127000E+003   1.528946E-002
   1.128000E+003   1.520828E-002
   1.129000E+003   1.512860E-002
   1.130000E+003   1.505044E-002
   1.131000E+003   1.497381E-002
   1.132000E+003   1.489874E-002
   1.133000E+003   1.482525E-002
   1.134000E+003   1.475336E-002
   1.135000E+003   1.468309E-002
   1.136000E+003   1.461447E-002
   1.137000E+003   1.454752E-002
   1.138000E+003   1.448225E-002
   1.139000E+003   1.441869E-002
   1.140000E+003   1.435685E-002
   1.141000E+003   1.429677E-002
   1.142000E+003   1.423847E-002
   1.143000E+003   1.418195E-002
   1.144000E+003   1.412725E-002
   1.145000E+003   1.407439E-002
   1.146000E+003   1.402338E-002
   1.147000E+003   1.397426E-002
   1.148000E+003   1.392703E-002
   1.149000E+003   1.388173E-002
   1.150000E+003   1.383837E-002
   1.151000E+003   1.379696E-002
   1.152000E+003   1.375748E-002
   1.153000E+003   1.371988E-002
   1.154000E+003   1.368413E-002
   1.155000E+003   1.365019E-002
   1.156000E+003   1.361801E-002
   1.157000E+003   1.358757E-002
   1.158000E+003   1.355881E-002
   1.159000E+003   1.353171E-002
   1.160000E+003   1.350621E-002
   1.161000E+003   1.348229E-002
   1.162000E+003   1.345989E-002
   1.163000E+003   1.343900E-002
   1.164000E+003   1.341955E-002
   1.165000E+003   1.340152E-002
   1.166000E+003   1.338486E-002
   1.167000E+003   1.336954E-002
   1.168000E+003   1.335552E-002
   1.169000E+003   1.334275E-002
   1.170000E+003   1.333121E-002
   1.171000E+003   1.332084E-002
   1.172000E+003   1.331161E-002
   1.173000E+003   1.330348E-002
   1.174000E+003   1.329641E-002
   1.175000E+003   1.329036E-002
   1.176000E+003   1.328529E-002
   1.177000E+003   1.328117E-002
   1.178000E+003   1.327795E-002
   1.179000E+003   1.327560E-002
   1.180000E+003   1.327407E-002
   1.181000E+003   1.327332E-002
   1.182000E+003   1.327332E-002
   1.183000E+003   1.327403E-002
   1.184000E+003   1.327541E-002
   1.185000E+003   1.327742E-002
   1.186000E+003   1.328001E-002
   1.187000E+003   1.328316E-002
   1.188000E+003   1.328681E-002
   1.189000E+003   1.329094E-002
   1.190000E+003   1.329550E-002
   1.191000E+003   1.330045E-002
   1.192000E+003   1.330576E-002
   1.193000E+003   1.331138E-002
   1.194000E+003   1.331728E-002
   1.195000E+003   1.332341E-002
   1.196000E+003   1.332973E-002
   1.197000E+003   1.333622E-002
   1.198000E+003   1.334282E-002
   1.199000E+003   1.334950E-002
   1.200000E+003   1.335622E-002
