    1.500000E+00    1.500000E+00    1.500000E+00    1.500000E+00    1.500000E+00    1.500000E+00
    1.493765E+00    1.493765E+00    1.493765E+00    1.493765E+00    1.493765E+00    1.493765E+00
    1.488208E+00    1.488208E+00    1.488208E+00    1.488208E+00    1.488208E+00    1.488208E+00
    1.483254E+00    1.483254E+00    1.483254E+00    1.483254E+00    1.483254E+00    1.483255E+00
    1.478839E+00    1.478839E+00    1.478839E+00    1.478839E+00    1.478839E+00    1.478839E+00
    1.474904E+00    1.474904E+00    1.474904E+00    1.474904E+00    1.474904E+00    1.474904E+00
    1.471396E+00    1.471396E+00    1.471396E+00    1.471396E+00    1.471396E+00    1.471396E+00
    1.468269E+00    1.468269E+00    1.468269E+00    1.468269E+00    1.468269E+00    1.468269E+00
    1.465482E+00    1.465482E+00    1.465482E+00    1.465482E+00    1.465482E+00    1.465482E+00
    1.462997E+00    1.462997E+00    1.462997E+00    1.462997E+00    1.462998E+00    1.462998E+00
    1.460783E+00    1.460783E+00    1.460783E+00    1.460783E+00    1.460783E+00    1.460784E+00
    1.458810E+00    1.458810E+00    1.458810E+00    1.458810E+00    1.458810E+00    1.458810E+00
    1.457050E+00    1.457050E+00    1.457050E+00    1.457050E+00    1.457051E+00    1.457051E+00
    1.455483E+00    1.455483E+00    1.455483E+00    1.455483E+00    1.455483E+00    1.455484E+00
    1.454085E+00    1.454085E+00    1.454085E+00    1.454085E+00    1.454085E+00    1.454086E+00
    1.452839E+00    1.452839E+00    1.452839E+00    1.452839E+00    1.452840E+00    1.452841E+00
    1.451729E+00    1.451729E+00    1.451729E+00    1.451729E+00    1.451729E+00    1.451731E+00
    1.450740E+00    1.450740E+00    1.450740E+00    1.450740E+00    1.450740E+00    1.450741E+00
    1.449858E+00    1.449858E+00    1.449858E+00    1.449858E+00    1.449858E+00    1.449859E+00
    1.449072E+00    1.449072E+00    1.449072E+00    1.449072E+00    1.449072E+00    1.449074E+00
    1.448371E+00    1.448371E+00    1.448371E+00    1.448372E+00    1.448372E+00    1.448373E+00
    1.447747E+00    1.447747E+00    1.447747E+00    1.447747E+00    1.447747E+00    1.447749E+00
    1.447191E+00    1.447191E+00    1.447191E+00    1.447191E+00    1.447191E+00    1.447193E+00
    1.446695E+00    1.446695E+00    1.446695E+00    1.446695E+00    1.446695E+00    1.446697E+00
    1.446253E+00    1.446253E+00    1.446253E+00    1.446253E+00    1.446254E+00    1.446256E+00
    1.445860E+00    1.445860E+00    1.445860E+00    1.445860E+00    1.445860E+00    1.445862E+00
    1.445509E+00    1.445509E+00    1.445509E+00    1.445509E+00    1.445509E+00    1.445512E+00
    1.445196E+00    1.445196E+00    1.445196E+00    1.445197E+00    1.445197E+00    1.445200E+00
    1.444918E+00    1.444918E+00    1.444918E+00    1.444918E+00    1.444919E+00    1.444921E+00
    1.444670E+00    1.444670E+00    1.444670E+00    1.444670E+00    1.444671E+00    1.444674E+00
    1.444449E+00    1.444449E+00    1.444449E+00    1.444449E+00    1.444450E+00    1.444453E+00
    1.444252E+00    1.444252E+00    1.444252E+00    1.444253E+00    1.444253E+00    1.444257E+00
    1.444077E+00    1.444077E+00    1.444077E+00    1.444077E+00    1.444078E+00    1.444082E+00
    1.443921E+00    1.443921E+00    1.443921E+00    1.443921E+00    1.443922E+00    1.443926E+00
    1.443782E+00    1.443782E+00    1.443782E+00    1.443783E+00    1.443783E+00    1.443788E+00
    1.443659E+00    1.443659E+00    1.443659E+00    1.443659E+00    1.443660E+00    1.443665E+00
    1.443549E+00    1.443549E+00    1.443549E+00    1.443549E+00    1.443550E+00    1.443555E+00
    1.443451E+00    1.443451E+00    1.443451E+00    1.443451E+00    1.443452E+00    1.443458E+00
    1.443364E+00    1.443364E+00    1.443364E+00    1.443364E+00    1.443365E+00    1.443372E+00
    1.443287E+00    1.443287E+00    1.443287E+00    1.443287E+00    1.443288E+00    1.443295E+00
    1.443218E+00    1.443218E+00    1.443218E+00    1.443219E+00    1.443219E+00    1.443227E+00
    1.443157E+00    1.443157E+00    1.443157E+00    1.443158E+00    1.443159E+00    1.443166E+00
    1.443103E+00    1.443103E+00    1.443103E+00    1.443104E+00    1.443105E+00    1.443113E+00
    1.443055E+00    1.443055E+00    1.443055E+00    1.443056E+00    1.443057E+00    1.443066E+00
    1.443013E+00    1.443013E+00    1.443013E+00    1.443013E+00    1.443014E+00    1.443024E+00
    1.442975E+00    1.442975E+00    1.442975E+00    1.442976E+00    1.442977E+00    1.442988E+00
    1.442942E+00    1.442942E+00    1.442942E+00    1.442942E+00    1.442944E+00    1.442955E+00
    1.442913E+00    1.442913E+00    1.442913E+00    1.442913E+00    1.442915E+00    1.442927E+00
    1.442887E+00    1.442887E+00    1.442887E+00    1.442887E+00    1.442889E+00    1.442902E+00
    1.442864E+00    1.442864E+00    1.442864E+00    1.442865E+00    1.442866E+00    1.442881E+00
    1.442845E+00    1.442845E+00    1.442845E+00    1.442845E+00    1.442847E+00    1.442862E+00
    1.442827E+00    1.442827E+00    1.442827E+00    1.442828E+00    1.442830E+00    1.442846E+00
    1.442812E+00    1.442812E+00    1.442812E+00    1.442813E+00    1.442815E+00    1.442833E+00
    1.442799E+00    1.442799E+00    1.442799E+00    1.442799E+00    1.442802E+00    1.442821E+00
    1.442788E+00    1.442788E+00    1.442788E+00    1.442788E+00    1.442791E+00    1.442812E+00
    1.442778E+00    1.442778E+00    1.442778E+00    1.442779E+00    1.442781E+00    1.442804E+00
    1.442770E+00    1.442770E+00    1.442770E+00    1.442771E+00    1.442773E+00    1.442798E+00
    1.442763E+00    1.442763E+00    1.442763E+00    1.442764E+00    1.442767E+00    1.442793E+00
    1.442757E+00    1.442757E+00    1.442757E+00    1.442758E+00    1.442761E+00    1.442790E+00
    1.442753E+00    1.442753E+00    1.442753E+00    1.442754E+00    1.442757E+00    1.442788E+00
    1.442749E+00    1.442749E+00    1.442749E+00    1.442750E+00    1.442754E+00    1.442787E+00
    1.442746E+00    1.442747E+00    1.442747E+00    1.442747E+00    1.442752E+00    1.442787E+00
    1.442745E+00    1.442745E+00    1.442745E+00    1.442746E+00    1.442750E+00    1.442788E+00
    1.442744E+00    1.442744E+00    1.442744E+00    1.442745E+00    1.442749E+00    1.442790E+00
    1.442743E+00    1.442743E+00    1.442743E+00    1.442744E+00    1.442749E+00    1.442794E+00
    1.442743E+00    1.442743E+00    1.442743E+00    1.442745E+00    1.442750E+00    1.442798E+00
    1.442744E+00    1.442744E+00    1.442744E+00    1.442745E+00    1.442751E+00    1.442803E+00
    1.442745E+00    1.442745E+00    1.442745E+00    1.442747E+00    1.442753E+00    1.442809E+00
    1.442747E+00    1.442747E+00    1.442747E+00    1.442749E+00    1.442756E+00    1.442815E+00
    1.442750E+00    1.442750E+00    1.442750E+00    1.442751E+00    1.442759E+00    1.442823E+00
    1.442752E+00    1.442752E+00    1.442752E+00    1.442754E+00    1.442762E+00    1.442831E+00
    1.442756E+00    1.442756E+00    1.442756E+00    1.442758E+00    1.442766E+00    1.442840E+00
    1.442759E+00    1.442759E+00    1.442759E+00    1.442761E+00    1.442771E+00    1.442851E+00
    1.442763E+00    1.442763E+00    1.442763E+00    1.442765E+00    1.442776E+00    1.442862E+00
    1.442768E+00    1.442768E+00    1.442768E+00    1.442770E+00    1.442781E+00    1.442874E+00
    1.442772E+00    1.442772E+00    1.442772E+00    1.442775E+00    1.442787E+00    1.442886E+00
    1.442777E+00    1.442777E+00    1.442777E+00    1.442780E+00    1.442793E+00    1.442900E+00
    1.442783E+00    1.442783E+00    1.442783E+00    1.442786E+00    1.442800E+00    1.442915E+00
    1.442789E+00    1.442789E+00    1.442789E+00    1.442792E+00    1.442807E+00    1.442931E+00
    1.442795E+00    1.442795E+00    1.442795E+00    1.442799E+00    1.442814E+00    1.442948E+00
    1.442801E+00    1.442801E+00    1.442801E+00    1.442805E+00    1.442822E+00    1.442967E+00
    1.442808E+00    1.442808E+00    1.442808E+00    1.442813E+00    1.442831E+00    1.442986E+00
    1.442815E+00    1.442815E+00    1.442816E+00    1.442820E+00    1.442840E+00    1.443007E+00
    1.442823E+00    1.442823E+00    1.442823E+00    1.442828E+00    1.442849E+00    1.443029E+00
    1.442831E+00    1.442831E+00    1.442831E+00    1.442836E+00    1.442859E+00    1.443053E+00
    1.442839E+00    1.442839E+00    1.442839E+00    1.442845E+00    1.442869E+00    1.443078E+00
    1.442848E+00    1.442848E+00    1.442848E+00    1.442854E+00    1.442880E+00    1.443105E+00
    1.442857E+00    1.442857E+00    1.442857E+00    1.442864E+00    1.442892E+00    1.443134E+00
    1.442866E+00    1.442866E+00    1.442866E+00    1.442874E+00    1.442904E+00    1.443165E+00
    1.442876E+00    1.442876E+00    1.442876E+00    1.442884E+00    1.442917E+00    1.443197E+00
    1.442886E+00    1.442886E+00    1.442886E+00    1.442895E+00    1.442930E+00    1.443232E+00
    1.442897E+00    1.442897E+00    1.442897E+00    1.442906E+00    1.442944E+00    1.443269E+00
    1.442908E+00    1.442908E+00    1.442908E+00    1.442918E+00    1.442959E+00    1.443309E+00
    1.442920E+00    1.442920E+00    1.442920E+00    1.442930E+00    1.442974E+00    1.443351E+00
    1.442932E+00    1.442932E+00    1.442932E+00    1.442943E+00    1.442990E+00    1.443396E+00
    1.442944E+00    1.442944E+00    1.442944E+00    1.442956E+00    1.443007E+00    1.443444E+00
    1.442957E+00    1.442957E+00    1.442957E+00    1.442970E+00    1.443025E+00    1.443495E+00
    1.442970E+00    1.442970E+00    1.442970E+00    1.442984E+00    1.443044E+00    1.443550E+00
    1.442984E+00    1.442984E+00    1.442984E+00    1.442999E+00    1.443063E+00    1.443608E+00
    1.442999E+00    1.442999E+00    1.442999E+00    1.443015E+00    1.443084E+00    1.443671E+00
    1.443014E+00    1.443014E+00    1.443014E+00    1.443031E+00    1.443105E+00    1.443737E+00
    1.443029E+00    1.443029E+00    1.443029E+00    1.443048E+00    1.443128E+00    1.443808E+00
    1.443046E+00    1.443046E+00    1.443046E+00    1.443066E+00    1.443151E+00    1.443884E+00
    1.443062E+00    1.443062E+00    1.443062E+00    1.443084E+00    1.443176E+00    1.443965E+00
    1.443080E+00    1.443080E+00    1.443080E+00    1.443103E+00    1.443202E+00    1.444051E+00
    1.443098E+00    1.443098E+00    1.443098E+00    1.443123E+00    1.443230E+00    1.444143E+00
    1.443117E+00    1.443117E+00    1.443117E+00    1.443144E+00    1.443259E+00    1.444242E+00
    1.443136E+00    1.443136E+00    1.443136E+00    1.443165E+00    1.443289E+00    1.444348E+00
    1.443156E+00    1.443156E+00    1.443157E+00    1.443188E+00    1.443321E+00    1.444461E+00
    1.443177E+00    1.443177E+00    1.443177E+00    1.443211E+00    1.443355E+00    1.444581E+00
    1.443199E+00    1.443199E+00    1.443199E+00    1.443236E+00    1.443390E+00    1.444711E+00
    1.443222E+00    1.443222E+00    1.443222E+00    1.443261E+00    1.443427E+00    1.444849E+00
    1.443245E+00    1.443245E+00    1.443245E+00    1.443287E+00    1.443466E+00    1.444997E+00
    1.443269E+00    1.443269E+00    1.443270E+00    1.443315E+00    1.443507E+00    1.445155E+00
    1.443295E+00    1.443295E+00    1.443295E+00    1.443344E+00    1.443551E+00    1.445324E+00
    1.443321E+00    1.443321E+00    1.443321E+00    1.443374E+00    1.443597E+00    1.445506E+00
    1.443348E+00    1.443348E+00    1.443348E+00    1.443405E+00    1.443645E+00    1.445700E+00
    1.443376E+00    1.443376E+00    1.443376E+00    1.443437E+00    1.443696E+00    1.445908E+00
    1.443405E+00    1.443405E+00    1.443406E+00    1.443471E+00    1.443749E+00    1.446130E+00
    1.443436E+00    1.443436E+00    1.443436E+00    1.443506E+00    1.443806E+00    1.446369E+00
    1.443467E+00    1.443467E+00    1.443467E+00    1.443543E+00    1.443866E+00    1.446624E+00
    1.443500E+00    1.443500E+00    1.443500E+00    1.443582E+00    1.443929E+00    1.446898E+00
    1.443534E+00    1.443534E+00    1.443534E+00    1.443622E+00    1.443995E+00    1.447192E+00
    1.443569E+00    1.443569E+00    1.443569E+00    1.443664E+00    1.444066E+00    1.447506E+00
    1.443605E+00    1.443605E+00    1.443605E+00    1.443707E+00    1.444140E+00    1.447843E+00
    1.443643E+00    1.443643E+00    1.443643E+00    1.443753E+00    1.444219E+00    1.448205E+00
    1.443682E+00    1.443682E+00    1.443682E+00    1.443800E+00    1.444302E+00    1.448592E+00
    1.443723E+00    1.443723E+00    1.443723E+00    1.443850E+00    1.444390E+00    1.449008E+00
    1.443765E+00    1.443765E+00    1.443765E+00    1.443902E+00    1.444483E+00    1.449453E+00
    1.443808E+00    1.443808E+00    1.443809E+00    1.443956E+00    1.444581E+00    1.449931E+00
    1.443854E+00    1.443854E+00    1.443854E+00    1.444013E+00    1.444686E+00    1.450444E+00
    1.443901E+00    1.443901E+00    1.443901E+00    1.444072E+00    1.444796E+00    1.450994E+00
    1.443949E+00    1.443949E+00    1.443950E+00    1.444134E+00    1.444913E+00    1.451584E+00
    1.444000E+00    1.444000E+00    1.444001E+00    1.444198E+00    1.445038E+00    1.452217E+00
    1.444052E+00    1.444053E+00    1.444053E+00    1.444266E+00    1.445169E+00    1.452896E+00
    1.444107E+00    1.444107E+00    1.444108E+00    1.444337E+00    1.445309E+00    1.453625E+00
    1.444163E+00    1.444163E+00    1.444164E+00    1.444411E+00    1.445457E+00    1.454407E+00
    1.444222E+00    1.444222E+00    1.444223E+00    1.444488E+00    1.445614E+00    1.455246E+00
    1.444282E+00    1.444283E+00    1.444283E+00    1.444569E+00    1.445781E+00    1.456147E+00
    1.444345E+00    1.444345E+00    1.444346E+00    1.444654E+00    1.445958E+00    1.457114E+00
    1.444411E+00    1.444411E+00    1.444412E+00    1.444742E+00    1.446147E+00    1.458151E+00
    1.444478E+00    1.444478E+00    1.444479E+00    1.444835E+00    1.446347E+00    1.459266E+00
    1.444549E+00    1.444549E+00    1.444550E+00    1.444933E+00    1.446559E+00    1.460462E+00
    1.444621E+00    1.444621E+00    1.444623E+00    1.445035E+00    1.446785E+00    1.461746E+00
    1.444697E+00    1.444697E+00    1.444698E+00    1.445142E+00    1.447026E+00    1.463124E+00
    1.444775E+00    1.444775E+00    1.444776E+00    1.445254E+00    1.447282E+00    1.464604E+00
    1.444856E+00    1.444856E+00    1.444858E+00    1.445372E+00    1.447554E+00    1.466193E+00
    1.444940E+00    1.444940E+00    1.444942E+00    1.445495E+00    1.447843E+00    1.467899E+00
    1.445028E+00    1.445028E+00    1.445029E+00    1.445625E+00    1.448152E+00    1.469731E+00
    1.445118E+00    1.445118E+00    1.445120E+00    1.445761E+00    1.448480E+00    1.471699E+00
    1.445212E+00    1.445212E+00    1.445214E+00    1.445903E+00    1.448830E+00    1.473811E+00
    1.445309E+00    1.445309E+00    1.445311E+00    1.446053E+00    1.449202E+00    1.476079E+00
    1.445410E+00    1.445410E+00    1.445412E+00    1.446211E+00    1.449600E+00    1.478514E+00
    1.445514E+00    1.445514E+00    1.445517E+00    1.446376E+00    1.450023E+00    1.481129E+00
    1.445623E+00    1.445623E+00    1.445625E+00    1.446550E+00    1.450474E+00    1.483938E+00
    1.445735E+00    1.445735E+00    1.445738E+00    1.446733E+00    1.450955E+00    1.486953E+00
    1.445852E+00    1.445852E+00    1.445855E+00    1.446925E+00    1.451469E+00    1.490190E+00
    1.445972E+00    1.445972E+00    1.445976E+00    1.447128E+00    1.452016E+00    1.493666E+00
    1.446097E+00    1.446097E+00    1.446101E+00    1.447340E+00    1.452601E+00    1.497399E+00
    1.446227E+00    1.446227E+00    1.446231E+00    1.447565E+00    1.453224E+00    1.501406E+00
    1.446361E+00    1.446362E+00    1.446366E+00    1.447801E+00    1.453890E+00    1.505708E+00
    1.446501E+00    1.446501E+00    1.446505E+00    1.448049E+00    1.454601E+00    1.510326E+00
    1.446645E+00    1.446645E+00    1.446650E+00    1.448311E+00    1.455360E+00    1.515284E+00
    1.446795E+00    1.446795E+00    1.446800E+00    1.448588E+00    1.456170E+00    1.520606E+00
    1.446950E+00    1.446950E+00    1.446956E+00    1.448879E+00    1.457036E+00    1.526319E+00
    1.447111E+00    1.447111E+00    1.447117E+00    1.449186E+00    1.457962E+00    1.532449E+00
    1.447277E+00    1.447278E+00    1.447284E+00    1.449510E+00    1.458950E+00    1.539029E+00
    1.447450E+00    1.447450E+00    1.447457E+00    1.449851E+00    1.460007E+00    1.546088E+00
    1.447629E+00    1.447629E+00    1.447636E+00    1.450212E+00    1.461137E+00    1.553663E+00
    1.447814E+00    1.447814E+00    1.447822E+00    1.450593E+00    1.462344E+00    1.561790E+00
    1.448006E+00    1.448006E+00    1.448015E+00    1.450996E+00    1.463635E+00    1.570506E+00
    1.448205E+00    1.448205E+00    1.448214E+00    1.451421E+00    1.465015E+00    1.579856E+00
    1.448411E+00    1.448411E+00    1.448421E+00    1.451870E+00    1.466491E+00    1.589881E+00
    1.448624E+00    1.448625E+00    1.448635E+00    1.452345E+00    1.468070E+00    1.600630E+00
    1.448845E+00    1.448846E+00    1.448857E+00    1.452848E+00    1.469758E+00    1.612153E+00
    1.449074E+00    1.449075E+00    1.449087E+00    1.453379E+00    1.471565E+00    1.624503E+00
    1.449311E+00    1.449312E+00    1.449325E+00    1.453941E+00    1.473497E+00    1.637736E+00
    1.449557E+00    1.449558E+00    1.449571E+00    1.454537E+00    1.475565E+00    1.651912E+00
    1.449811E+00    1.449812E+00    1.449827E+00    1.455167E+00    1.477777E+00    1.667096E+00
    1.450075E+00    1.450075E+00    1.450091E+00    1.455834E+00    1.480143E+00    1.683353E+00
    1.450347E+00    1.450348E+00    1.450365E+00    1.456540E+00    1.482676E+00    1.700755E+00
    1.450629E+00    1.450630E+00    1.450649E+00    1.457289E+00    1.485387E+00    1.719376E+00
    1.450922E+00    1.450923E+00    1.450942E+00    1.458083E+00    1.488287E+00    1.739296E+00
    1.451224E+00    1.451225E+00    1.451247E+00    1.458924E+00    1.491391E+00    1.760597E+00
    1.451537E+00    1.451538E+00    1.451561E+00    1.459816E+00    1.494713E+00    1.783365E+00
    1.451861E+00    1.451862E+00    1.451887E+00    1.460762E+00    1.498269E+00    1.807692E+00
    1.452197E+00    1.452198E+00    1.452224E+00    1.461765E+00    1.502074E+00    1.833671E+00
    1.452544E+00    1.452545E+00    1.452574E+00    1.462830E+00    1.506146E+00    1.861402E+00
    1.452903E+00    1.452904E+00    1.452935E+00    1.463960E+00    1.510504E+00    1.890987E+00
    1.453274E+00    1.453276E+00    1.453309E+00    1.465160E+00    1.515168E+00    1.922531E+00
    1.453659E+00    1.453660E+00    1.453696E+00    1.466434E+00    1.520159E+00    1.956143E+00
    1.454056E+00    1.454058E+00    1.454096E+00    1.467787E+00    1.525499E+00    1.991933E+00
    1.454467E+00    1.454469E+00    1.454510E+00    1.469224E+00    1.531214E+00    2.030017E+00
    1.454892E+00    1.454894E+00    1.454938E+00    1.470750E+00    1.537328E+00    2.070507E+00
    1.455332E+00    1.455334E+00    1.455381E+00    1.472373E+00    1.543869E+00    2.113520E+00
    1.455786E+00    1.455789E+00    1.455840E+00    1.474097E+00    1.550867E+00    2.159170E+00
    1.456256E+00    1.456259E+00    1.456314E+00    1.475929E+00    1.558352E+00    2.207570E+00
    1.456742E+00    1.456745E+00    1.456803E+00    1.477877E+00    1.566358E+00    2.258830E+00
    1.457244E+00    1.457247E+00    1.457310E+00    1.479949E+00    1.574918E+00    2.313052E+00
    1.457763E+00    1.457766E+00    1.457834E+00    1.482151E+00    1.584072E+00    2.370336E+00
    1.458299E+00    1.458302E+00    1.458375E+00    1.484494E+00    1.593857E+00    2.430767E+00
    1.458852E+00    1.458856E+00    1.458934E+00    1.486986E+00    1.604316E+00    2.494421E+00
    1.459424E+00    1.459428E+00    1.459512E+00    1.489636E+00    1.615494E+00    2.561356E+00
    1.460015E+00    1.460019E+00    1.460109E+00    1.492456E+00    1.627436E+00    2.631612E+00
    1.460624E+00    1.460629E+00    1.460726E+00    1.495456E+00    1.640192E+00    2.705203E+00
    1.461254E+00    1.461259E+00    1.461363E+00    1.498649E+00    1.653815E+00    2.782116E+00
    1.461904E+00    1.461909E+00    1.462021E+00    1.502046E+00    1.668360E+00    2.862302E+00
    1.462574E+00    1.462580E+00    1.462700E+00    1.505661E+00    1.683883E+00    2.945672E+00
    1.463267E+00    1.463272E+00    1.463401E+00    1.509508E+00    1.700447E+00    3.032089E+00
    1.463980E+00    1.463987E+00    1.464125E+00    1.513602E+00    1.718114E+00    3.121362E+00
    1.464717E+00    1.464724E+00    1.464872E+00    1.517959E+00    1.736952E+00    3.213234E+00
    1.465476E+00    1.465483E+00    1.465643E+00    1.522596E+00    1.757031E+00    3.307376E+00
    1.466259E+00    1.466267E+00    1.466438E+00    1.527531E+00    1.778422E+00    3.403374E+00
    1.467066E+00    1.467075E+00    1.467258E+00    1.532782E+00    1.801202E+00    3.500722E+00
    1.467898E+00    1.467907E+00    1.468104E+00    1.538371E+00    1.825450E+00    3.598808E+00
    1.468755E+00    1.468765E+00    1.468976E+00    1.544319E+00    1.851246E+00    3.696899E+00
    1.469638E+00    1.469648E+00    1.469875E+00    1.550647E+00    1.878675E+00    3.794135E+00
    1.470548E+00    1.470558E+00    1.470802E+00    1.557380E+00    1.907822E+00    3.889510E+00
    1.471484E+00    1.471495E+00    1.471756E+00    1.564543E+00    1.938776E+00    3.981865E+00
    1.472448E+00    1.472460E+00    1.472740E+00    1.572163E+00    1.971627E+00    4.069869E+00
    1.473439E+00    1.473453E+00    1.473753E+00    1.580268E+00    2.006464E+00    4.152015E+00
    1.474460E+00    1.474474E+00    1.474796E+00    1.588888E+00    2.043380E+00    4.226606E+00
    1.475509E+00    1.475525E+00    1.475869E+00    1.598053E+00    2.082466E+00    4.291748E+00
    1.476589E+00    1.476605E+00    1.476974E+00    1.607797E+00    2.123813E+00    4.345348E+00
    1.477698E+00    1.477716E+00    1.478111E+00    1.618154E+00    2.167508E+00    4.385114E+00
    1.478838E+00    1.478857E+00    1.479281E+00    1.629161E+00    2.213638E+00    4.408560E+00
    1.480009E+00    1.480030E+00    1.480484E+00    1.640856E+00    2.262284E+00    4.413021E+00
    1.481212E+00    1.481234E+00    1.481721E+00    1.653278E+00    2.313522E+00    4.395674E+00
    1.482447E+00    1.482471E+00    1.482992E+00    1.666470E+00    2.367420E+00    4.353570E+00
    1.483715E+00    1.483740E+00    1.484298E+00    1.680474E+00    2.424038E+00    4.283681E+00
    1.485016E+00    1.485042E+00    1.485640E+00    1.695337E+00    2.483423E+00    4.182958E+00
    1.486350E+00    1.486378E+00    1.487018E+00    1.711106E+00    2.545610E+00    4.048407E+00
    1.487718E+00    1.487748E+00    1.488432E+00    1.727830E+00    2.610615E+00    3.877181E+00
    1.489120E+00    1.489152E+00    1.489884E+00    1.745560E+00    2.678437E+00    3.666699E+00
    1.490556E+00    1.490591E+00    1.491374E+00    1.764349E+00    2.749050E+00    3.414774E+00
    1.492027E+00    1.492065E+00    1.492902E+00    1.784252E+00    2.822404E+00    3.119776E+00
    1.493534E+00    1.493574E+00    1.494469E+00    1.805325E+00    2.898415E+00    2.780801E+00
    1.495075E+00    1.495118E+00    1.496075E+00    1.827626E+00    2.976968E+00    2.397875E+00
    1.496652E+00    1.496698E+00    1.497721E+00    1.851214E+00    3.057903E+00    1.972157E+00
    1.498264E+00    1.498313E+00    1.499407E+00    1.876151E+00    3.141021E+00    1.506166E+00
    1.499913E+00    1.499965E+00    1.501134E+00    1.902496E+00    3.226066E+00    1.003998E+00
    1.501597E+00    1.501652E+00    1.502901E+00    1.930313E+00    3.312733E+00    4.715363E-01
    1.503316E+00    1.503376E+00    1.504710E+00    1.959666E+00    3.400648E+00   -8.335914E-02
    1.505072E+00    1.505136E+00    1.506560E+00    1.990616E+00    3.489372E+00   -6.507128E-01
    1.506863E+00    1.506931E+00    1.508451E+00    2.023226E+00    3.578392E+00   -1.218356E+00
    1.508690E+00    1.508763E+00    1.510385E+00    2.057560E+00    3.667111E+00   -1.771942E+00
    1.510553E+00    1.510630E+00    1.512361E+00    2.093678E+00    3.754846E+00   -2.295078E+00
    1.512450E+00    1.512533E+00    1.514380E+00    2.131640E+00    3.840820E+00   -2.769604E+00
    1.514383E+00    1.514471E+00    1.516441E+00    2.171502E+00    3.924157E+00   -3.176054E+00
    1.516350E+00    1.516444E+00    1.518544E+00    2.213319E+00    4.003878E+00   -3.494308E+00
    1.518352E+00    1.518452E+00    1.520691E+00    2.257141E+00    4.078894E+00   -3.704472E+00
    1.520387E+00    1.520494E+00    1.522880E+00    2.303012E+00    4.148009E+00   -3.787979E+00
    1.522456E+00    1.522569E+00    1.525112E+00    2.350973E+00    4.209914E+00   -3.728899E+00
    1.524557E+00    1.524678E+00    1.527387E+00    2.401056E+00    4.263190E+00   -3.515443E+00
    1.526691E+00    1.526820E+00    1.529704E+00    2.453286E+00    4.306313E+00   -3.141569E+00
    1.528856E+00    1.528994E+00    1.532064E+00    2.507678E+00    4.337662E+00   -2.608625E+00
    1.531053E+00    1.531199E+00    1.534467E+00    2.564236E+00    4.355526E+00   -1.926873E+00
    1.533279E+00    1.533434E+00    1.536911E+00    2.622953E+00    4.358122E+00   -1.116745E+00
    1.535534E+00    1.535700E+00    1.539398E+00    2.683806E+00    4.343612E+00   -2.096044E-01
    1.537818E+00    1.537994E+00    1.541927E+00    2.746759E+00    4.310132E+00    7.521789E-01
    1.540129E+00    1.540316E+00    1.544498E+00    2.811757E+00    4.255821E+00    1.716100E+00
    1.542467E+00    1.542665E+00    1.547109E+00    2.878725E+00    4.178857E+00    2.621519E+00
    1.544829E+00    1.545040E+00    1.549762E+00    2.947566E+00    4.077503E+00    3.402941E+00
    1.547216E+00    1.547441E+00    1.552456E+00    3.018163E+00    3.950160E+00    3.994629E+00
    1.549626E+00    1.549864E+00    1.555190E+00    3.090368E+00    3.795424E+00    4.336428E+00
    1.552058E+00    1.552311E+00    1.557964E+00    3.164009E+00    3.612154E+00    4.380514E+00
    1.554511E+00    1.554779E+00    1.560778E+00    3.238881E+00    3.399543E+00    4.098534E+00
    1.556982E+00    1.557267E+00    1.563632E+00    3.314748E+00    3.157198E+00    3.488362E+00
    1.559472E+00    1.559774E+00    1.566524E+00    3.391337E+00    2.885222E+00    2.579503E+00
    1.561978E+00    1.562298E+00    1.569455E+00    3.468341E+00    2.584304E+00    1.435983E+00
    1.564499E+00    1.564838E+00    1.572425E+00    3.545410E+00    2.255799E+00    1.556113E-01
    1.567034E+00    1.567393E+00    1.575432E+00    3.622156E+00    1.901820E+00   -1.135390E+00
    1.569581E+00    1.569962E+00    1.578477E+00    3.698146E+00    1.525310E+00   -2.292941E+00
    1.572139E+00    1.572542E+00    1.581559E+00    3.772904E+00    1.130108E+00   -3.170726E+00
    1.574706E+00    1.575133E+00    1.584678E+00    3.845909E+00    7.210068E-01   -3.639865E+00
    1.577280E+00    1.577732E+00    1.587833E+00    3.916593E+00    3.037745E-01   -3.610519E+00
    1.579861E+00    1.580339E+00    1.591025E+00    3.984343E+00   -1.148398E-01   -3.052269E+00
    1.582446E+00    1.582951E+00    1.594253E+00    4.048500E+00   -5.271408E-01   -2.009281E+00
    1.585033E+00    1.585568E+00    1.597517E+00    4.108363E+00   -9.245619E-01   -6.059960E-01
    1.587622E+00    1.588187E+00    1.600817E+00    4.163188E+00   -1.297788E+00    9.603580E-01
    1.590211E+00    1.590808E+00    1.604153E+00    4.212191E+00   -1.636929E+00    2.442531E+00
    1.592798E+00    1.593429E+00    1.607524E+00    4.254557E+00   -1.931758E+00    3.580690E+00
    1.595381E+00    1.596047E+00    1.610931E+00    4.289439E+00   -2.172001E+00    4.150414E+00
    1.597959E+00    1.598662E+00    1.614374E+00    4.315970E+00   -2.347693E+00    4.013328E+00
    1.600531E+00    1.601273E+00    1.617853E+00    4.333267E+00   -2.449590E+00    3.159390E+00
    1.603094E+00    1.603877E+00    1.621368E+00    4.340444E+00   -2.469624E+00    1.728616E+00
    1.605648E+00    1.606474E+00    1.624919E+00    4.336619E+00   -2.401406E+00    1.699231E-03
    1.608190E+00    1.609061E+00    1.628508E+00    4.320932E+00   -2.240739E+00   -1.645691E+00
    1.610720E+00    1.611638E+00    1.632134E+00    4.292556E+00   -1.986128E+00   -2.821542E+00
    1.613235E+00    1.614203E+00    1.635798E+00    4.250710E+00   -1.639263E+00   -3.215147E+00
    1.615735E+00    1.616754E+00    1.639501E+00    4.194686E+00   -1.205431E+00   -2.690276E+00
    1.618218E+00    1.619292E+00    1.643244E+00    4.123858E+00   -6.938168E-01   -1.345259E+00
    1.620683E+00    1.621813E+00    1.647027E+00    4.037707E+00   -1.176716E-01    4.644304E-01
    1.623128E+00    1.624318E+00    1.650852E+00    3.935843E+00    5.057200E-01    2.256951E+00
    1.625553E+00    1.626804E+00    1.654719E+00    3.818028E+00    1.155291E+00    3.499534E+00
    1.627955E+00    1.629272E+00    1.658630E+00    3.684197E+00    1.806707E+00    3.795414E+00
    1.630335E+00    1.631719E+00    1.662587E+00    3.534482E+00    2.433151E+00    3.030826E+00
    1.632690E+00    1.634145E+00    1.666591E+00    3.369235E+00    3.006413E+00    1.443427E+00
    1.635019E+00    1.636549E+00    1.670643E+00    3.189051E+00    3.498230E+00   -4.281664E-01
    1.637324E+00    1.638931E+00    1.674749E+00    2.993800E+00    3.875822E+00   -1.915803E+00
    1.637627E+00    1.639244E+00    1.675296E+00    2.966964E+00    3.916267E+00   -2.051221E+00
    1.637929E+00    1.639557E+00    1.675844E+00    2.939901E+00    3.954333E+00   -2.168797E+00
    1.638231E+00    1.639870E+00    1.676393E+00    2.912614E+00    3.989974E+00   -2.267715E+00
    1.638532E+00    1.640182E+00    1.676943E+00    2.885108E+00    4.023143E+00   -2.347284E+00
    1.638833E+00    1.640493E+00    1.677493E+00    2.857384E+00    4.053797E+00   -2.406947E+00
    1.639133E+00    1.640804E+00    1.678045E+00    2.829446E+00    4.081893E+00   -2.446286E+00
    1.639433E+00    1.641115E+00    1.678597E+00    2.801298E+00    4.107392E+00   -2.465022E+00
    1.639732E+00    1.641425E+00    1.679151E+00    2.772943E+00    4.130254E+00   -2.463025E+00
    1.640031E+00    1.641735E+00    1.679705E+00    2.744386E+00    4.150445E+00   -2.440312E+00
    1.640329E+00    1.642044E+00    1.680260E+00    2.715629E+00    4.167931E+00   -2.397052E+00
    1.640627E+00    1.642353E+00    1.680816E+00    2.686676E+00    4.182680E+00   -2.333561E+00
    1.640924E+00    1.642661E+00    1.681373E+00    2.657532E+00    4.194664E+00   -2.250308E+00
    1.641221E+00    1.642969E+00    1.681931E+00    2.628201E+00    4.203854E+00   -2.147907E+00
    1.641517E+00    1.643277E+00    1.682490E+00    2.598687E+00    4.210228E+00   -2.027116E+00
    1.641812E+00    1.643583E+00    1.683050E+00    2.568993E+00    4.213764E+00   -1.888834E+00
    1.642107E+00    1.643890E+00    1.683611E+00    2.539126E+00    4.214442E+00   -1.734095E+00
    1.642401E+00    1.644195E+00    1.684172E+00    2.509088E+00    4.212247E+00   -1.564059E+00
    1.642694E+00    1.644500E+00    1.684735E+00    2.478885E+00    4.207165E+00   -1.380007E+00
    1.642987E+00    1.644805E+00    1.685298E+00    2.448521E+00    4.199185E+00   -1.183330E+00
    1.643279E+00    1.645109E+00    1.685863E+00    2.418002E+00    4.188300E+00   -9.755230E-01
    1.643571E+00    1.645412E+00    1.686428E+00    2.387332E+00    4.174504E+00   -7.581692E-01
    1.643861E+00    1.645715E+00    1.686994E+00    2.356516E+00    4.157796E+00   -5.329314E-01
    1.644151E+00    1.646017E+00    1.687560E+00    2.325559E+00    4.138177E+00   -3.015387E-01
    1.644441E+00    1.646318E+00    1.688128E+00    2.294467E+00    4.115651E+00   -6.577295E-02
    1.644729E+00    1.646618E+00    1.688696E+00    2.263245E+00    4.090226E+00    1.725450E-01
    1.645017E+00    1.646918E+00    1.689266E+00    2.231899E+00    4.061911E+00    4.115699E-01
    1.645304E+00    1.647218E+00    1.689836E+00    2.200434E+00    4.030722E+00    6.494470E-01
    1.645590E+00    1.647516E+00    1.690406E+00    2.168855E+00    3.996675E+00    8.843277E-01
    1.645875E+00    1.647814E+00    1.690978E+00    2.137170E+00    3.959791E+00    1.114385E+00
    1.646160E+00    1.648111E+00    1.691550E+00    2.105383E+00    3.920094E+00    1.337827E+00
    1.646443E+00    1.648407E+00    1.692123E+00    2.073500E+00    3.877610E+00    1.552918E+00
    1.646726E+00    1.648702E+00    1.692697E+00    2.041529E+00    3.832370E+00    1.757987E+00
    1.647008E+00    1.648996E+00    1.693272E+00    2.009475E+00    3.784409E+00    1.951446E+00
    1.647289E+00    1.649290E+00    1.693847E+00    1.977344E+00    3.733764E+00    2.131805E+00
    1.647568E+00    1.649582E+00    1.694423E+00    1.945143E+00    3.680475E+00    2.297686E+00
    1.647847E+00    1.649874E+00    1.694999E+00    1.912878E+00    3.624589E+00    2.447833E+00
    1.648125E+00    1.650164E+00    1.695576E+00    1.880557E+00    3.566151E+00    2.581126E+00
    1.648401E+00    1.650454E+00    1.696154E+00    1.848186E+00    3.505214E+00    2.696592E+00
    1.648677E+00    1.650743E+00    1.696733E+00    1.815772E+00    3.441833E+00    2.793417E+00
    1.648952E+00    1.651030E+00    1.697311E+00    1.783323E+00    3.376067E+00    2.870948E+00
    1.649225E+00    1.651317E+00    1.697891E+00    1.750844E+00    3.307976E+00    2.928707E+00
    1.649497E+00    1.651602E+00    1.698471E+00    1.718344E+00    3.237626E+00    2.966393E+00
    1.649768E+00    1.651887E+00    1.699052E+00    1.685830E+00    3.165087E+00    2.983883E+00
    1.650038E+00    1.652170E+00    1.699633E+00    1.653309E+00    3.090430E+00    2.981241E+00
    1.650306E+00    1.652452E+00    1.700214E+00    1.620790E+00    3.013731E+00    2.958711E+00
    1.650573E+00    1.652733E+00    1.700796E+00    1.588279E+00    2.935068E+00    2.916720E+00
    1.650839E+00    1.653012E+00    1.701379E+00    1.555784E+00    2.854524E+00    2.855872E+00
    1.651103E+00    1.653290E+00    1.701961E+00    1.523314E+00    2.772183E+00    2.776943E+00
    1.651366E+00    1.653567E+00    1.702545E+00    1.490877E+00    2.688135E+00    2.680876E+00
    1.651628E+00    1.653843E+00    1.703128E+00    1.458481E+00    2.602469E+00    2.568768E+00
    1.651888E+00    1.654117E+00    1.703712E+00    1.426133E+00    2.515282E+00    2.441862E+00
    1.652147E+00    1.654389E+00    1.704296E+00    1.393843E+00    2.426670E+00    2.301531E+00
    1.652403E+00    1.654660E+00    1.704880E+00    1.361619E+00    2.336732E+00    2.149269E+00
    1.652659E+00    1.654930E+00    1.705465E+00    1.329469E+00    2.245571E+00    1.986670E+00
    1.652912E+00    1.655198E+00    1.706050E+00    1.297402E+00    2.153294E+00    1.815417E+00
    1.653164E+00    1.655464E+00    1.706634E+00    1.265427E+00    2.060006E+00    1.637257E+00
    1.653415E+00    1.655729E+00    1.707219E+00    1.233553E+00    1.965818E+00    1.453986E+00
    1.653663E+00    1.655992E+00    1.707804E+00    1.201788E+00    1.870841E+00    1.267430E+00
    1.653909E+00    1.656253E+00    1.708389E+00    1.170143E+00    1.775190E+00    1.079422E+00
    1.654154E+00    1.656512E+00    1.708974E+00    1.138625E+00    1.678980E+00    8.917850E-01
    1.654397E+00    1.656770E+00    1.709559E+00    1.107245E+00    1.582329E+00    7.063079E-01
    1.654637E+00    1.657025E+00    1.710144E+00    1.076012E+00    1.485354E+00    5.247285E-01
    1.654876E+00    1.657279E+00    1.710728E+00    1.044935E+00    1.388175E+00    3.487123E-01
    1.655112E+00    1.657530E+00    1.711312E+00    1.014023E+00    1.290913E+00    1.798349E-01
    1.655346E+00    1.657779E+00    1.711896E+00    9.832863E-01    1.193690E+00    1.956395E-02
    1.655578E+00    1.658026E+00    1.712480E+00    9.527347E-01    1.096627E+00   -1.307564E-01
    1.655808E+00    1.658271E+00    1.713063E+00    9.223778E-01    9.998469E-01   -2.699200E-01
    1.656035E+00    1.658514E+00    1.713646E+00    8.922253E-01    9.034715E-01   -3.968711E-01
    1.656260E+00    1.658754E+00    1.714229E+00    8.622871E-01    8.076227E-01   -5.107145E-01
    1.656482E+00    1.658992E+00    1.714811E+00    8.325731E-01    7.124218E-01   -6.107236E-01
    1.656701E+00    1.659227E+00    1.715392E+00    8.030932E-01    6.179895E-01   -6.963459E-01
    1.656918E+00    1.659460E+00    1.715972E+00    7.738574E-01    5.244449E-01   -7.672058E-01
    1.657132E+00    1.659690E+00    1.716552E+00    7.448758E-01    4.319061E-01   -8.231047E-01
    1.657344E+00    1.659917E+00    1.717131E+00    7.161583E-01    3.404893E-01   -8.640192E-01
    1.657552E+00    1.660141E+00    1.717709E+00    6.877149E-01    2.503086E-01   -8.900953E-01
    1.657758E+00    1.660363E+00    1.718287E+00    6.595558E-01    1.614759E-01   -9.016413E-01
    1.657960E+00    1.660582E+00    1.718863E+00    6.316910E-01    7.410034E-02   -8.991175E-01
    1.658160E+00    1.660797E+00    1.719438E+00    6.041304E-01   -1.171183E-02   -8.831242E-01
    1.658356E+00    1.661010E+00    1.720013E+00    5.768840E-01   -9.585766E-02   -8.543870E-01
    1.658549E+00    1.661220E+00    1.720586E+00    5.499617E-01   -1.782377E-01   -8.137411E-01
    1.658739E+00    1.661426E+00    1.721158E+00    5.233735E-01   -2.587564E-01   -7.621137E-01
    1.658925E+00    1.661629E+00    1.721728E+00    4.971292E-01   -3.373223E-01   -7.005054E-01
    1.659108E+00    1.661829E+00    1.722297E+00    4.712384E-01   -4.138482E-01   -6.299709E-01
    1.659288E+00    1.662025E+00    1.722865E+00    4.457108E-01   -4.882517E-01   -5.515996E-01
    1.659464E+00    1.662218E+00    1.723432E+00    4.205560E-01   -5.604552E-01   -4.664958E-01
    1.659636E+00    1.662407E+00    1.723997E+00    3.957834E-01   -6.303861E-01   -3.757601E-01
    1.659805E+00    1.662593E+00    1.724560E+00    3.714023E-01   -6.979771E-01   -2.804705E-01
    1.659970E+00    1.662775E+00    1.725122E+00    3.474218E-01   -7.631662E-01   -1.816664E-01
    1.660131E+00    1.662954E+00    1.725683E+00    3.238510E-01   -8.258971E-01   -8.033248E-02
    1.660288E+00    1.663128E+00    1.726241E+00    3.006987E-01   -8.861190E-01    2.261474E-02
    1.660441E+00    1.663299E+00    1.726798E+00    2.779736E-01   -9.437869E-01    1.263382E-01
    1.660591E+00    1.663466E+00    1.727354E+00    2.556841E-01   -9.988615E-01    2.300899E-01
    1.660736E+00    1.663629E+00    1.727907E+00    2.338386E-01   -1.051309E+00    3.332174E-01
    1.660877E+00    1.663788E+00    1.728459E+00    2.124450E-01   -1.101103E+00    4.351687E-01
    1.661015E+00    1.663943E+00    1.729008E+00    1.915113E-01   -1.148220E+00    5.354944E-01
    1.661148E+00    1.664095E+00    1.729556E+00    1.710451E-01   -1.192644E+00    6.338472E-01
    1.661277E+00    1.664242E+00    1.730102E+00    1.510537E-01   -1.234364E+00    7.299797E-01
    1.661402E+00    1.664385E+00    1.730646E+00    1.315444E-01   -1.273375E+00    8.237400E-01
    1.661522E+00    1.664524E+00    1.731189E+00    1.125240E-01   -1.309677E+00    9.150658E-01
    1.661639E+00    1.664658E+00    1.731729E+00    9.399916E-02   -1.343273E+00    1.003976E+00
    1.661751E+00    1.664789E+00    1.732267E+00    7.597637E-02   -1.374173E+00    1.090564E+00
    1.661859E+00    1.664916E+00    1.732804E+00    5.846173E-02   -1.402391E+00    1.174985E+00
    1.661963E+00    1.665038E+00    1.733338E+00    4.146115E-02   -1.427944E+00    1.257447E+00
    1.662062E+00    1.665156E+00    1.733871E+00    2.498027E-02   -1.450856E+00    1.338203E+00
    1.662157E+00    1.665270E+00    1.734402E+00    9.024475E-03   -1.471150E+00    1.417536E+00
    1.662248E+00    1.665380E+00    1.734930E+00   -6.401100E-03   -1.488855E+00    1.495753E+00
    1.662335E+00    1.665486E+00    1.735457E+00   -2.129157E-02   -1.504004E+00    1.573172E+00
    1.662418E+00    1.665588E+00    1.735982E+00   -3.564228E-02   -1.516631E+00    1.650117E+00
    1.662496E+00    1.665685E+00    1.736506E+00   -4.944883E-02   -1.526770E+00    1.726907E+00
    1.662570E+00    1.665779E+00    1.737027E+00   -6.270704E-02   -1.534462E+00    1.803852E+00
    1.662640E+00    1.665868E+00    1.737547E+00   -7.541295E-02   -1.539745E+00    1.881246E+00
    1.662706E+00    1.665954E+00    1.738065E+00   -8.756284E-02   -1.542661E+00    1.959362E+00
    1.662768E+00    1.666035E+00    1.738582E+00   -9.915315E-02   -1.543252E+00    2.038451E+00
    1.662825E+00    1.666113E+00    1.739096E+00   -1.101806E-01   -1.541560E+00    2.118738E+00
    1.662879E+00    1.666186E+00    1.739610E+00   -1.206419E-01   -1.537628E+00    2.200425E+00
    1.662929E+00    1.666256E+00    1.740122E+00   -1.305342E-01   -1.531499E+00    2.283683E+00
    1.662975E+00    1.666322E+00    1.740632E+00   -1.398547E-01   -1.523216E+00    2.368662E+00
    1.663017E+00    1.666384E+00    1.741141E+00   -1.486007E-01   -1.512821E+00    2.455486E+00
    1.663055E+00    1.666443E+00    1.741649E+00   -1.567696E-01   -1.500356E+00    2.544258E+00
    1.663089E+00    1.666498E+00    1.742155E+00   -1.643592E-01   -1.485861E+00    2.635062E+00
    1.663120E+00    1.666549E+00    1.742660E+00   -1.713670E-01   -1.469377E+00    2.727963E+00
    1.663147E+00    1.666597E+00    1.743165E+00   -1.777911E-01   -1.450941E+00    2.823016E+00
    1.663171E+00    1.666641E+00    1.743668E+00   -1.836293E-01   -1.430591E+00    2.920261E+00
    1.663191E+00    1.666682E+00    1.744170E+00   -1.888796E-01   -1.408363E+00    3.019733E+00
    1.663208E+00    1.666720E+00    1.744671E+00   -1.935402E-01   -1.384292E+00    3.121460E+00
    1.663221E+00    1.666754E+00    1.745172E+00   -1.976092E-01   -1.358409E+00    3.225464E+00
    1.663231E+00    1.666786E+00    1.745672E+00   -2.010850E-01   -1.330747E+00    3.331769E+00
    1.663238E+00    1.666814E+00    1.746171E+00   -2.039657E-01   -1.301334E+00    3.440397E+00
    1.663242E+00    1.666839E+00    1.746670E+00   -2.062497E-01   -1.270199E+00    3.551372E+00
    1.663242E+00    1.666861E+00    1.747169E+00   -2.079355E-01   -1.237368E+00    3.664721E+00
    1.663240E+00    1.666881E+00    1.747667E+00   -2.090213E-01   -1.202865E+00    3.780474E+00
    1.663235E+00    1.666897E+00    1.748165E+00   -2.095056E-01   -1.166713E+00    3.898665E+00
    1.663227E+00    1.666911E+00    1.748662E+00   -2.093869E-01   -1.128933E+00    4.019329E+00
    1.663216E+00    1.666923E+00    1.749160E+00   -2.086635E-01   -1.089545E+00    4.142509E+00
    1.663203E+00    1.666932E+00    1.749658E+00   -2.073341E-01   -1.048568E+00    4.268249E+00
    1.663187E+00    1.666938E+00    1.750156E+00   -2.053969E-01   -1.006016E+00    4.396595E+00
    1.663169E+00    1.666942E+00    1.750654E+00   -2.028505E-01   -9.619066E-01    4.527597E+00
    1.663148E+00    1.666944E+00    1.751152E+00   -1.996933E-01   -9.162522E-01    4.661306E+00
    1.663125E+00    1.666943E+00    1.751651E+00   -1.959237E-01   -8.690655E-01    4.797774E+00
    1.663100E+00    1.666941E+00    1.752150E+00   -1.915402E-01   -8.203576E-01    4.937054E+00
    1.663072E+00    1.666936E+00    1.752650E+00   -1.865412E-01   -7.701384E-01    5.079197E+00
    1.663043E+00    1.666929E+00    1.753151E+00   -1.809251E-01   -7.184164E-01    5.224256E+00
    1.663011E+00    1.666921E+00    1.753652E+00   -1.746902E-01   -6.651993E-01    5.372279E+00
    1.662978E+00    1.666911E+00    1.754154E+00   -1.678350E-01   -6.104935E-01    5.523313E+00
    1.662943E+00    1.666899E+00    1.754658E+00   -1.603578E-01   -5.543047E-01    5.677403E+00
    1.662906E+00    1.666885E+00    1.755162E+00   -1.522569E-01   -4.966372E-01    5.834591E+00
    1.662867E+00    1.666870E+00    1.755667E+00   -1.435306E-01   -4.374948E-01    5.994916E+00
    1.662827E+00    1.666854E+00    1.756174E+00   -1.341771E-01   -3.768802E-01    6.158413E+00
    1.662785E+00    1.666836E+00    1.756682E+00   -1.241948E-01   -3.147955E-01    6.325115E+00
    1.662742E+00    1.666817E+00    1.757192E+00   -1.135819E-01   -2.512417E-01    6.495048E+00
    1.662697E+00    1.666796E+00    1.757703E+00   -1.023366E-01   -1.862195E-01    6.668241E+00
    1.662651E+00    1.666774E+00    1.758215E+00   -9.045713E-02   -1.197286E-01    6.844713E+00
    1.662604E+00    1.666752E+00    1.758730E+00   -7.794160E-02   -5.176823E-02    7.024486E+00
    1.662556E+00    1.666728E+00    1.759246E+00   -6.478820E-02    1.766315E-02    7.207575E+00
    1.662507E+00    1.666703E+00    1.759764E+00   -5.099506E-02    8.856752E-02    7.393997E+00
    1.662457E+00    1.666677E+00    1.760284E+00   -3.656029E-02    1.609475E-01    7.583762E+00
    1.662405E+00    1.666651E+00    1.760805E+00   -2.148197E-02    2.348060E-01    7.776884E+00
    1.662353E+00    1.666624E+00    1.761329E+00   -5.758171E-03    3.101468E-01    7.973371E+00
    1.662301E+00    1.666596E+00    1.761856E+00    1.061305E-02    3.869739E-01    8.173232E+00
    1.662247E+00    1.666568E+00    1.762384E+00    2.763367E-02    4.652916E-01    8.376477E+00
    1.662193E+00    1.666539E+00    1.762915E+00    4.530568E-02    5.451049E-01    8.583114E+00
    1.662138E+00    1.666509E+00    1.763448E+00    6.363109E-02    6.264189E-01    8.793151E+00
    1.662082E+00    1.666479E+00    1.763984E+00    8.261192E-02    7.092394E-01    9.006597E+00
    1.662026E+00    1.666449E+00    1.764522E+00    1.022502E-01    7.935721E-01    9.223462E+00
    1.661970E+00    1.666419E+00    1.765063E+00    1.225481E-01    8.794233E-01    9.443756E+00
    1.661913E+00    1.666388E+00    1.765607E+00    1.435076E-01    9.667996E-01    9.667490E+00
    1.661856E+00    1.666357E+00    1.766153E+00    1.651308E-01    1.055708E+00    9.894676E+00
    1.661799E+00    1.666326E+00    1.766703E+00    1.874198E-01    1.146155E+00    1.012533E+01
    1.661742E+00    1.666295E+00    1.767255E+00    2.103768E-01    1.238148E+00    1.035946E+01
    1.661684E+00    1.666264E+00    1.767810E+00    2.340040E-01    1.331695E+00    1.059709E+01
    1.661626E+00    1.666233E+00    1.768368E+00    2.583034E-01    1.426803E+00    1.083822E+01
    1.661569E+00    1.666202E+00    1.768930E+00    2.832773E-01    1.523480E+00    1.108289E+01
    1.661511E+00    1.666171E+00    1.769494E+00    3.089279E-01    1.621735E+00    1.133111E+01
    1.661453E+00    1.666141E+00    1.770062E+00    3.352574E-01    1.721574E+00    1.158289E+01
    1.661396E+00    1.666110E+00    1.770633E+00    3.622680E-01    1.823008E+00    1.183825E+01
    1.661338E+00    1.666080E+00    1.771208E+00    3.899620E-01    1.926043E+00    1.209723E+01
    1.661281E+00    1.666050E+00    1.771786E+00    4.183417E-01    2.030689E+00    1.235983E+01
    1.661224E+00    1.666021E+00    1.772367E+00    4.474092E-01    2.136954E+00    1.262607E+01
    1.661168E+00    1.665992E+00    1.772952E+00    4.771670E-01    2.244846E+00    1.289599E+01
    1.661111E+00    1.665964E+00    1.773541E+00    5.076172E-01    2.354375E+00    1.316959E+01
    1.661055E+00    1.665936E+00    1.774133E+00    5.387623E-01    2.465549E+00    1.344690E+01
    1.661000E+00    1.665908E+00    1.774730E+00    5.706046E-01    2.578377E+00    1.372794E+01
    1.660945E+00    1.665882E+00    1.775329E+00    6.031464E-01    2.692868E+00    1.401273E+01
    1.660890E+00    1.665856E+00    1.775933E+00    6.363900E-01    2.809030E+00    1.430128E+01
    1.660836E+00    1.665830E+00    1.776541E+00    6.703379E-01    2.926872E+00    1.459362E+01
    1.660783E+00    1.665805E+00    1.777152E+00    7.049925E-01    3.046404E+00    1.488976E+01
    1.660730E+00    1.665781E+00    1.777768E+00    7.403560E-01    3.167633E+00    1.518973E+01
    1.660678E+00    1.665758E+00    1.778388E+00    7.764311E-01    3.290568E+00    1.549353E+01
    1.660626E+00    1.665736E+00    1.779011E+00    8.132201E-01    3.415219E+00    1.580118E+01
    1.660575E+00    1.665714E+00    1.779639E+00    8.507254E-01    3.541594E+00    1.611270E+01
    1.660525E+00    1.665694E+00    1.780271E+00    8.889494E-01    3.669701E+00    1.642811E+01
    1.660476E+00    1.665674E+00    1.780907E+00    9.278948E-01    3.799549E+00    1.674742E+01
    1.660427E+00    1.665655E+00    1.781548E+00    9.675639E-01    3.931147E+00    1.707065E+01
    1.660379E+00    1.665637E+00    1.782193E+00    1.007959E+00    4.064502E+00    1.739782E+01
    1.660332E+00    1.665620E+00    1.782842E+00    1.049083E+00    4.199624E+00    1.772893E+01
    1.660286E+00    1.665605E+00    1.783496E+00    1.090939E+00    4.336520E+00    1.806402E+01
    1.660241E+00    1.665590E+00    1.784154E+00    1.133528E+00    4.475199E+00    1.840309E+01
    1.660197E+00    1.665576E+00    1.784817E+00    1.176854E+00    4.615669E+00    1.874616E+01
    1.660154E+00    1.665564E+00    1.785484E+00    1.220919E+00    4.757938E+00    1.909326E+01
    1.660112E+00    1.665552E+00    1.786156E+00    1.265725E+00    4.902014E+00    1.944439E+01
    1.659939E+00    1.665516E+00    1.789160E+00    1.471261E+00    5.556078E+00    2.103415E+01
    1.659786E+00    1.665505E+00    1.792257E+00    1.691360E+00    6.245772E+00    2.270380E+01
    1.659657E+00    1.665519E+00    1.795450E+00    1.926250E+00    6.971730E+00    2.445496E+01
    1.659552E+00    1.665560E+00    1.798741E+00    2.176164E+00    7.734575E+00    2.628912E+01
    1.659471E+00    1.665629E+00    1.802133E+00    2.441340E+00    8.534924E+00    2.820764E+01
    1.659417E+00    1.665728E+00    1.805628E+00    2.722021E+00    9.373403E+00    3.021195E+01
    1.659389E+00    1.665857E+00    1.809229E+00    3.018457E+00    1.025066E+01    3.230365E+01
    1.659389E+00    1.666016E+00    1.812939E+00    3.330905E+00    1.116735E+01    3.448453E+01
    1.659416E+00    1.666207E+00    1.816758E+00    3.659627E+00    1.212419E+01    3.675642E+01
    1.659470E+00    1.666429E+00    1.820689E+00    4.004893E+00    1.312192E+01    3.912105E+01
    1.659552E+00    1.666682E+00    1.824734E+00    4.366981E+00    1.416130E+01    4.158015E+01
    1.659662E+00    1.666967E+00    1.828895E+00    4.746175E+00    1.524316E+01    4.413548E+01
    1.659800E+00    1.667283E+00    1.833173E+00    5.142770E+00    1.636833E+01    4.678892E+01
    1.659965E+00    1.667630E+00    1.837570E+00    5.557068E+00    1.753768E+01    4.954239E+01
    1.660157E+00    1.668008E+00    1.842088E+00    5.989381E+00    1.875211E+01    5.239776E+01
    1.660375E+00    1.668418E+00    1.846728E+00    6.440030E+00    2.001252E+01    5.535692E+01
    1.660620E+00    1.668857E+00    1.851492E+00    6.909346E+00    2.131982E+01    5.842181E+01
    1.660890E+00    1.669326E+00    1.856381E+00    7.397671E+00    2.267494E+01    6.159452E+01
    1.661185E+00    1.669825E+00    1.861398E+00    7.905357E+00    2.407881E+01    6.487720E+01
    1.661505E+00    1.670353E+00    1.866543E+00    8.432765E+00    2.553237E+01    6.827201E+01
    1.661848E+00    1.670908E+00    1.871818E+00    8.980267E+00    2.703658E+01    7.178115E+01
    1.662215E+00    1.671492E+00    1.877225E+00    9.548246E+00    2.859239E+01    7.540682E+01
    1.662603E+00    1.672102E+00    1.882765E+00    1.013709E+01    3.020079E+01    7.915128E+01
    1.663014E+00    1.672739E+00    1.888440E+00    1.074722E+01    3.186279E+01    8.301689E+01
    1.663445E+00    1.673402E+00    1.894251E+00    1.137902E+01    3.357940E+01    8.700602E+01
    1.663896E+00    1.674090E+00    1.900201E+00    1.203294E+01    3.535168E+01    9.112109E+01
    1.664366E+00    1.674802E+00    1.906291E+00    1.270939E+01    3.718072E+01    9.536459E+01
    1.664854E+00    1.675538E+00    1.912523E+00    1.340882E+01    3.906762E+01    9.973909E+01
    1.665360E+00    1.676297E+00    1.918899E+00    1.413168E+01    4.101354E+01    1.042473E+02
    1.665883E+00    1.677078E+00    1.925421E+00    1.487843E+01    4.301964E+01    1.088918E+02
    1.666422E+00    1.677881E+00    1.932090E+00    1.564953E+01    4.508712E+01    1.136753E+02
    1.666976E+00    1.678705E+00    1.938908E+00    1.644546E+01    4.721722E+01    1.186007E+02
    1.667545E+00    1.679549E+00    1.945879E+00    1.726671E+01    4.941119E+01    1.236708E+02
    1.668127E+00    1.680413E+00    1.953004E+00    1.811376E+01    5.167032E+01    1.288885E+02
    1.668721E+00    1.681295E+00    1.960285E+00    1.898713E+01    5.399592E+01    1.342568E+02
    1.669328E+00    1.682196E+00    1.967724E+00    1.988733E+01    5.638931E+01    1.397787E+02
    1.669947E+00    1.683115E+00    1.975325E+00    2.081488E+01    5.885188E+01    1.454575E+02
    1.670575E+00    1.684051E+00    1.983089E+00    2.177032E+01    6.138501E+01    1.512964E+02
    1.671214E+00    1.685003E+00    1.991019E+00    2.275420E+01    6.399016E+01    1.572985E+02
    1.671862E+00    1.685972E+00    1.999118E+00    2.376709E+01    6.666879E+01    1.634673E+02
    1.672518E+00    1.686956E+00    2.007388E+00    2.480956E+01    6.942242E+01    1.698061E+02
    1.673181E+00    1.687954E+00    2.015833E+00    2.588220E+01    7.225262E+01    1.763185E+02
    1.673852E+00    1.688968E+00    2.024455E+00    2.698562E+01    7.516097E+01    1.830081E+02
    1.674529E+00    1.689994E+00    2.033258E+00    2.812045E+01    7.814910E+01    1.898785E+02
    1.675212E+00    1.691035E+00    2.042244E+00    2.928732E+01    8.121867E+01    1.969336E+02
    1.675901E+00    1.692088E+00    2.051417E+00    3.048689E+01    8.437134E+01    2.041771E+02
    1.676593E+00    1.693154E+00    2.060780E+00    3.171983E+01    8.760884E+01    2.116129E+02
    1.677290E+00    1.694232E+00    2.070337E+00    3.298684E+01    9.093290E+01    2.192452E+02
    1.677990E+00    1.695322E+00    2.080091E+00    3.428863E+01    9.434531E+01    2.270779E+02
    1.678693E+00    1.696423E+00    2.090046E+00    3.562591E+01    9.784790E+01    2.351154E+02
    1.679399E+00    1.697536E+00    2.100205E+00    3.699944E+01    1.014426E+02    2.433619E+02
    1.680106E+00    1.698659E+00    2.110573E+00    3.840996E+01    1.051312E+02    2.518218E+02
    1.680815E+00    1.699792E+00    2.121153E+00    3.985826E+01    1.089159E+02    2.604996E+02
    1.681525E+00    1.700936E+00    2.131950E+00    4.134512E+01    1.127985E+02    2.693999E+02
    1.682235E+00    1.702090E+00    2.142968E+00    4.287136E+01    1.167813E+02    2.785275E+02
    1.682945E+00    1.703253E+00    2.154212E+00    4.443780E+01    1.208663E+02    2.878871E+02
    1.683655E+00    1.704426E+00    2.165685E+00    4.604528E+01    1.250556E+02    2.974837E+02
    1.684364E+00    1.705609E+00    2.177392E+00    4.769467E+01    1.293515E+02    3.073223E+02
    1.685072E+00    1.706800E+00    2.189339E+00    4.938684E+01    1.337562E+02    3.174080E+02
    1.685778E+00    1.708001E+00    2.201529E+00    5.112270E+01    1.382721E+02    3.277462E+02
    1.686482E+00    1.709210E+00    2.213968E+00    5.290316E+01    1.429015E+02    3.383423E+02
    1.687185E+00    1.710428E+00    2.226662E+00    5.472917E+01    1.476468E+02    3.492017E+02
    1.687885E+00    1.711655E+00    2.239615E+00    5.660168E+01    1.525107E+02    3.603301E+02
    1.688582E+00    1.712891E+00    2.252833E+00    5.852168E+01    1.574954E+02    3.717333E+02
    1.689275E+00    1.714135E+00    2.266321E+00    6.049017E+01    1.626038E+02    3.834171E+02
    1.689966E+00    1.715388E+00    2.280085E+00    6.250819E+01    1.678383E+02    3.953877E+02
    1.690653E+00    1.716650E+00    2.294131E+00    6.457679E+01    1.732017E+02    4.076511E+02
    1.691336E+00    1.717920E+00    2.308465E+00    6.669704E+01    1.786967E+02    4.202137E+02
    1.692015E+00    1.719199E+00    2.323093E+00    6.887005E+01    1.843263E+02    4.330820E+02
    1.692689E+00    1.720487E+00    2.338021E+00    7.109695E+01    1.900932E+02    4.462625E+02
    1.693359E+00    1.721784E+00    2.353256E+00    7.337888E+01    1.960005E+02    4.597620E+02
    1.694024E+00    1.723089E+00    2.368804E+00    7.571705E+01    2.020513E+02    4.735875E+02
    1.694685E+00    1.724404E+00    2.384672E+00    7.811264E+01    2.082485E+02    4.877459E+02
    1.695340E+00    1.725728E+00    2.400868E+00    8.056690E+01    2.145954E+02    5.022446E+02
    1.695990E+00    1.727061E+00    2.417397E+00    8.308109E+01    2.210953E+02    5.170908E+02
    1.696635E+00    1.728403E+00    2.434268E+00    8.565651E+01    2.277514E+02    5.322922E+02
    1.697274E+00    1.729756E+00    2.451488E+00    8.829447E+01    2.345671E+02    5.478565E+02
    1.697907E+00    1.731118E+00    2.469064E+00    9.099633E+01    2.415459E+02    5.637916E+02
    1.698535E+00    1.732490E+00    2.487004E+00    9.376347E+01    2.486914E+02    5.801056E+02
    1.699157E+00    1.733873E+00    2.505317E+00    9.659731E+01    2.560072E+02    5.968067E+02
    1.699773E+00    1.735266E+00    2.524009E+00    9.949929E+01    2.634970E+02    6.139034E+02
    1.700382E+00    1.736670E+00    2.543091E+00    1.024709E+02    2.711645E+02    6.314044E+02
    1.700986E+00    1.738086E+00    2.562570E+00    1.055136E+02    2.790137E+02    6.493184E+02
    1.701583E+00    1.739513E+00    2.582455E+00    1.086290E+02    2.870486E+02    6.676546E+02
    1.702174E+00    1.740951E+00    2.602755E+00    1.118187E+02    2.952731E+02    6.864221E+02
    1.702759E+00    1.742402E+00    2.623479E+00    1.150843E+02    3.036915E+02    7.056305E+02
    1.703337E+00    1.743865E+00    2.644637E+00    1.184274E+02    3.123081E+02    7.252893E+02
    1.703909E+00    1.745341E+00    2.666238E+00    1.218497E+02    3.211270E+02    7.454086E+02
    1.704474E+00    1.746830E+00    2.688292E+00    1.253530E+02    3.301529E+02    7.659983E+02
    1.705032E+00    1.748332E+00    2.710809E+00    1.289391E+02    3.393901E+02    7.870689E+02
    1.705585E+00    1.749849E+00    2.733799E+00    1.326097E+02    3.488434E+02    8.086309E+02
    1.706130E+00    1.751380E+00    2.757273E+00    1.363667E+02    3.585176E+02    8.306951E+02
    1.706669E+00    1.752926E+00    2.781241E+00    1.402120E+02    3.684174E+02    8.532725E+02
    1.707201E+00    1.754487E+00    2.805715E+00    1.441475E+02    3.785478E+02    8.763746E+02
    1.707727E+00    1.756064E+00    2.830705E+00    1.481752E+02    3.889139E+02    9.000128E+02
    1.708246E+00    1.757658E+00    2.856224E+00    1.522972E+02    3.995210E+02    9.241990E+02
    1.708758E+00    1.759268E+00    2.882283E+00    1.565155E+02    4.103742E+02    9.489452E+02
    1.709264E+00    1.760895E+00    2.908893E+00    1.608322E+02    4.214791E+02    9.742639E+02
    1.709763E+00    1.762540E+00    2.936068E+00    1.652495E+02    4.328412E+02    1.000168E+03
    1.710255E+00    1.764204E+00    2.963820E+00    1.697696E+02    4.444661E+02    1.026669E+03
    1.710741E+00    1.765886E+00    2.992161E+00    1.743947E+02    4.563597E+02    1.053782E+03
    1.711220E+00    1.767588E+00    3.021105E+00    1.791272E+02    4.685279E+02    1.081520E+03
    1.711693E+00    1.769310E+00    3.050665E+00    1.839694E+02    4.809768E+02    1.109896E+03
    1.712159E+00    1.771053E+00    3.080855E+00    1.889238E+02    4.937125E+02    1.138925E+03
    1.712619E+00    1.772817E+00    3.111689E+00    1.939928E+02    5.067415E+02    1.168621E+03
    1.713073E+00    1.774603E+00    3.143181E+00    1.991790E+02    5.200702E+02    1.198998E+03
    1.713520E+00    1.776412E+00    3.175346E+00    2.044850E+02    5.337052E+02    1.230073E+03
    1.713960E+00    1.778244E+00    3.208199E+00    2.099133E+02    5.476534E+02    1.261861E+03
    1.714395E+00    1.780100E+00    3.241755E+00    2.154668E+02    5.619216E+02    1.294376E+03
    1.714823E+00    1.781980E+00    3.276030E+00    2.211482E+02    5.765170E+02    1.327636E+03
    1.715245E+00    1.783886E+00    3.311040E+00    2.269602E+02    5.914469E+02    1.361657E+03
    1.715660E+00    1.785818E+00    3.346802E+00    2.329059E+02    6.067185E+02    1.396455E+03
    1.716070E+00    1.787778E+00    3.383331E+00    2.389881E+02    6.223396E+02    1.432049E+03
    1.716473E+00    1.789764E+00    3.420646E+00    2.452098E+02    6.383178E+02    1.468455E+03
    1.716871E+00    1.791779E+00    3.458764E+00    2.515743E+02    6.546611E+02    1.505693E+03
    1.717262E+00    1.793824E+00    3.497702E+00    2.580846E+02    6.713777E+02    1.543779E+03
    1.717648E+00    1.795898E+00    3.537479E+00    2.647440E+02    6.884757E+02    1.582733E+03
    1.718028E+00    1.798004E+00    3.578114E+00    2.715558E+02    7.059637E+02    1.622575E+03
    1.718402E+00    1.800141E+00    3.619626E+00    2.785233E+02    7.238503E+02    1.663324E+03
    1.718770E+00    1.802310E+00    3.662034E+00    2.856501E+02    7.421445E+02    1.705001E+03
    1.719133E+00    1.804514E+00    3.705359E+00    2.929396E+02    7.608552E+02    1.747625E+03
    1.719490E+00    1.806752E+00    3.749620E+00    3.003954E+02    7.799917E+02    1.791218E+03
    1.719841E+00    1.809025E+00    3.794839E+00    3.080213E+02    7.995635E+02    1.835802E+03
    1.720187E+00    1.811334E+00    3.841038E+00    3.158211E+02    8.195803E+02    1.881399E+03
    1.720528E+00    1.813681E+00    3.888237E+00    3.237986E+02    8.400520E+02    1.928030E+03
    1.720864E+00    1.816066E+00    3.936460E+00    3.319577E+02    8.609887E+02    1.975720E+03
    1.721194E+00    1.818491E+00    3.985728E+00    3.403025E+02    8.824007E+02    2.024492E+03
    1.721519E+00    1.820956E+00    4.036067E+00    3.488372E+02    9.042987E+02    2.074370E+03
    1.721838E+00    1.823462E+00    4.087499E+00    3.575659E+02    9.266935E+02    2.125378E+03
    1.722153E+00    1.826011E+00    4.140048E+00    3.664929E+02    9.495961E+02    2.177542E+03
    1.722463E+00    1.828603E+00    4.193741E+00    3.756228E+02    9.730178E+02    2.230888E+03
    1.722768E+00    1.831240E+00    4.248601E+00    3.849599E+02    9.969703E+02    2.285441E+03
    1.723068E+00    1.833923E+00    4.304657E+00    3.945090E+02    1.021465E+03    2.341229E+03
    1.723363E+00    1.836653E+00    4.361933E+00    4.042747E+02    1.046515E+03    2.398280E+03
    1.723654E+00    1.839432E+00    4.420458E+00    4.142619E+02    1.072132E+03    2.456621E+03
    1.723940E+00    1.842260E+00    4.480259E+00    4.244754E+02    1.098328E+03    2.516281E+03
    1.724222E+00    1.845138E+00    4.541365E+00    4.349204E+02    1.125117E+03    2.577290E+03
    1.724499E+00    1.848069E+00    4.603805E+00    4.456020E+02    1.152512E+03    2.639678E+03
    1.724771E+00    1.851052E+00    4.667609E+00    4.565254E+02    1.180526E+03    2.703475E+03
    1.725040E+00    1.854091E+00    4.732807E+00    4.676961E+02    1.209173E+03    2.768713E+03
    1.725304E+00    1.857185E+00    4.799431E+00    4.791196E+02    1.238467E+03    2.835424E+03
    1.725563E+00    1.860337E+00    4.867512E+00    4.908015E+02    1.268423E+03    2.903642E+03
    1.725819E+00    1.863547E+00    4.937083E+00    5.027476E+02    1.299056E+03    2.973399E+03
    1.726071E+00    1.866818E+00    5.008177E+00    5.149637E+02    1.330380E+03    3.044730E+03
    1.726319E+00    1.870150E+00    5.080829E+00    5.274559E+02    1.362411E+03    3.117670E+03
    1.726563E+00    1.873546E+00    5.155073E+00    5.402304E+02    1.395165E+03    3.192255E+03
    1.726803E+00    1.877006E+00    5.230945E+00    5.532933E+02    1.428657E+03    3.268523E+03
    1.727039E+00    1.880533E+00    5.308481E+00    5.666513E+02    1.462906E+03    3.346509E+03
    1.727272E+00    1.884127E+00    5.387719E+00    5.803109E+02    1.497926E+03    3.426253E+03
    1.727501E+00    1.887791E+00    5.468696E+00    5.942787E+02    1.533736E+03    3.507795E+03
    1.727726E+00    1.891526E+00    5.551452E+00    6.085617E+02    1.570353E+03    3.591173E+03
    1.727949E+00    1.895333E+00    5.636026E+00    6.231669E+02    1.607795E+03    3.676430E+03
    1.728167E+00    1.899215E+00    5.722459E+00    6.381016E+02    1.646081E+03    3.763607E+03
    1.728383E+00    1.903174E+00    5.810793E+00    6.533729E+02    1.685230E+03    3.852747E+03
    1.728595E+00    1.907211E+00    5.901070E+00    6.689886E+02    1.725260E+03    3.943894E+03
    1.728805E+00    1.911327E+00    5.993334E+00    6.849562E+02    1.766191E+03    4.037093E+03
    1.729011E+00    1.915526E+00    6.087629E+00    7.012836E+02    1.808044E+03    4.132389E+03
    1.729214E+00    1.919808E+00    6.184001E+00    7.179789E+02    1.850839E+03    4.229829E+03
    1.729414E+00    1.924176E+00    6.282496E+00    7.350502E+02    1.894597E+03    4.329462E+03
    1.729612E+00    1.928632E+00    6.383162E+00    7.525060E+02    1.939340E+03    4.431337E+03
    1.729806E+00    1.933178E+00    6.486048E+00    7.703549E+02    1.985090E+03    4.535503E+03
    1.729998E+00    1.937815E+00    6.591202E+00    7.886055E+02    2.031869E+03    4.642011E+03
    1.730188E+00    1.942546E+00    6.698677E+00    8.072670E+02    2.079700E+03    4.750914E+03
    1.730375E+00    1.947374E+00    6.808523E+00    8.263484E+02    2.128606E+03    4.862266E+03
    1.730560E+00    1.952300E+00    6.920795E+00    8.458592E+02    2.178612E+03    4.976121E+03
    1.730742E+00    1.957327E+00    7.035546E+00    8.658088E+02    2.229743E+03    5.092535E+03
    1.730922E+00    1.962456E+00    7.152832E+00    8.862073E+02    2.282023E+03    5.211565E+03
    1.731100E+00    1.967691E+00    7.272710E+00    9.070644E+02    2.335477E+03    5.333269E+03
    1.731276E+00    1.973034E+00    7.395237E+00    9.283905E+02    2.390133E+03    5.457708E+03
    1.731449E+00    1.978487E+00    7.520474E+00    9.501961E+02    2.446018E+03    5.584943E+03
    1.731621E+00    1.984053E+00    7.648481E+00    9.724919E+02    2.503157E+03    5.715035E+03
    1.731791E+00    1.989734E+00    7.779319E+00    9.952887E+02    2.561580E+03    5.848049E+03
    1.731960E+00    1.995533E+00    7.913052E+00    1.018598E+03    2.621315E+03    5.984049E+03
    1.732127E+00    2.001453E+00    8.049746E+00    1.042431E+03    2.682392E+03    6.123104E+03
    1.732292E+00    2.007496E+00    8.189466E+00    1.066799E+03    2.744840E+03    6.265280E+03
    1.732456E+00    2.013665E+00    8.332280E+00    1.091714E+03    2.808690E+03    6.410647E+03
    1.732619E+00    2.019964E+00    8.478258E+00    1.117190E+03    2.873974E+03    6.559277E+03
    1.732780E+00    2.026394E+00    8.627469E+00    1.143237E+03    2.940722E+03    6.711242E+03
    1.732940E+00    2.032960E+00    8.779987E+00    1.169869E+03    3.008969E+03    6.866617E+03
    1.733100E+00    2.039664E+00    8.935886E+00    1.197098E+03    3.078747E+03    7.025478E+03
    1.733258E+00    2.046509E+00    9.095241E+00    1.224939E+03    3.150090E+03    7.187902E+03
    1.733416E+00    2.053498E+00    9.258129E+00    1.253405E+03    3.223034E+03    7.353969E+03
    1.733573E+00    2.060635E+00    9.424629E+00    1.282509E+03    3.297613E+03    7.523760E+03
    1.733730E+00    2.067924E+00    9.594822E+00    1.312266E+03    3.373865E+03    7.697358E+03
    1.733886E+00    2.075366E+00    9.768791E+00    1.342691E+03    3.451827E+03    7.874848E+03
    1.734042E+00    2.082967E+00    9.946620E+00    1.373798E+03    3.531537E+03    8.056317E+03
    1.734198E+00    2.090729E+00    1.012840E+01    1.405602E+03    3.613033E+03    8.241853E+03
    1.734355E+00    2.098656E+00    1.031420E+01    1.438120E+03    3.696356E+03    8.431546E+03
    1.734511E+00    2.106752E+00    1.050414E+01    1.471366E+03    3.781545E+03    8.625489E+03
    1.734668E+00    2.115021E+00    1.069829E+01    1.505357E+03    3.868643E+03    8.823776E+03
    1.734825E+00    2.123467E+00    1.089675E+01    1.540110E+03    3.957692E+03    9.026505E+03
    1.734983E+00    2.132093E+00    1.109961E+01    1.575642E+03    4.048736E+03    9.233773E+03
    1.735142E+00    2.140903E+00    1.130698E+01    1.611969E+03    4.141818E+03    9.445681E+03
    1.735303E+00    2.149903E+00    1.151895E+01    1.649109E+03    4.236983E+03    9.662333E+03
    1.735464E+00    2.159095E+00    1.173563E+01    1.687081E+03    4.334278E+03    9.883833E+03
    1.735627E+00    2.168485E+00    1.195713E+01    1.725903E+03    4.433751E+03    1.011029E+04
    1.735792E+00    2.178077E+00    1.218354E+01    1.765594E+03    4.535449E+03    1.034181E+04
    1.735959E+00    2.187875E+00    1.241497E+01    1.806172E+03    4.639421E+03    1.057851E+04
    1.736128E+00    2.197885E+00    1.265155E+01    1.847659E+03    4.745718E+03    1.082050E+04
    1.736300E+00    2.208110E+00    1.289338E+01    1.890072E+03    4.854391E+03    1.106790E+04
    1.736475E+00    2.218555E+00    1.314058E+01    1.933434E+03    4.965493E+03    1.132083E+04
    1.736652E+00    2.229227E+00    1.339326E+01    1.977764E+03    5.079077E+03    1.157941E+04
    1.736834E+00    2.240129E+00    1.365155E+01    2.023085E+03    5.195197E+03    1.184376E+04
    1.737018E+00    2.251267E+00    1.391558E+01    2.069418E+03    5.313911E+03    1.211402E+04
    1.737207E+00    2.262646E+00    1.418546E+01    2.116785E+03    5.435273E+03    1.239030E+04
    1.737401E+00    2.274272E+00    1.446134E+01    2.165209E+03    5.559343E+03    1.267275E+04
    1.737599E+00    2.286150E+00    1.474333E+01    2.214713E+03    5.686181E+03    1.296150E+04
    1.737802E+00    2.298285E+00    1.503157E+01    2.265321E+03    5.815845E+03    1.325669E+04
    1.738011E+00    2.310685E+00    1.532621E+01    2.317057E+03    5.948399E+03    1.355845E+04
    1.738226E+00    2.323354E+00    1.562737E+01    2.369945E+03    6.083905E+03    1.386693E+04
    1.738448E+00    2.336299E+00    1.593521E+01    2.424011E+03    6.222428E+03    1.418228E+04
    1.738677E+00    2.349526E+00    1.624987E+01    2.479279E+03    6.364033E+03    1.450464E+04
    1.738913E+00    2.363041E+00    1.657149E+01    2.535777E+03    6.508786E+03    1.483418E+04
    1.739158E+00    2.376851E+00    1.690023E+01    2.593531E+03    6.656757E+03    1.517103E+04
    1.739412E+00    2.390962E+00    1.723624E+01    2.652568E+03    6.808014E+03    1.551537E+04
    1.739675E+00    2.405381E+00    1.757968E+01    2.712915E+03    6.962628E+03    1.586735E+04
    1.739948E+00    2.420116E+00    1.793071E+01    2.774601E+03    7.120672E+03    1.622714E+04
    1.740232E+00    2.435172E+00    1.828949E+01    2.837654E+03    7.282218E+03    1.659490E+04
    1.740527E+00    2.450559E+00    1.865620E+01    2.902104E+03    7.447342E+03    1.697080E+04
    1.740835E+00    2.466282E+00    1.903098E+01    2.967979E+03    7.616119E+03    1.735502E+04
    1.741157E+00    2.482349E+00    1.941403E+01    3.035312E+03    7.788628E+03    1.774773E+04
    1.741492E+00    2.498769E+00    1.980551E+01    3.104131E+03    7.964946E+03    1.814912E+04
    1.741843E+00    2.515549E+00    2.020560E+01    3.174469E+03    8.145154E+03    1.855936E+04
    1.742210E+00    2.532697E+00    2.061449E+01    3.246357E+03    8.329334E+03    1.897865E+04
    1.742594E+00    2.550222E+00    2.103236E+01    3.319828E+03    8.517568E+03    1.940716E+04
    1.742997E+00    2.568131E+00    2.145939E+01    3.394914E+03    8.709941E+03    1.984509E+04
    1.743420E+00    2.586435E+00    2.189577E+01    3.471649E+03    8.906537E+03    2.029264E+04
    1.743863E+00    2.605140E+00    2.234171E+01    3.550067E+03    9.107444E+03    2.075000E+04
    1.744329E+00    2.624257E+00    2.279738E+01    3.630202E+03    9.312750E+03    2.121737E+04
    1.744819E+00    2.643795E+00    2.326300E+01    3.712088E+03    9.522543E+03    2.169496E+04
    1.745334E+00    2.663762E+00    2.373877E+01    3.795762E+03    9.736913E+03    2.218297E+04
    1.745877E+00    2.684169E+00    2.422488E+01    3.881258E+03    9.955954E+03    2.268161E+04
    1.746448E+00    2.705026E+00    2.472154E+01    3.968612E+03    1.017976E+04    2.319109E+04
    1.747050E+00    2.726341E+00    2.522897E+01    4.057862E+03    1.040841E+04    2.371162E+04
    1.747685E+00    2.748126E+00    2.574736E+01    4.149045E+03    1.064202E+04    2.424342E+04
    1.748355E+00    2.770391E+00    2.627695E+01    4.242196E+03    1.088067E+04    2.478671E+04
    1.749062E+00    2.793146E+00    2.681793E+01    4.337355E+03    1.112447E+04    2.534169E+04
    1.749808E+00    2.816402E+00    2.737054E+01    4.434558E+03    1.137350E+04    2.590860E+04
    1.750596E+00    2.840170E+00    2.793497E+01    4.533843E+03    1.162786E+04    2.648766E+04
    1.751429E+00    2.864461E+00    2.851146E+01    4.635250E+03    1.188766E+04    2.707909E+04
    1.752310E+00    2.889287E+00    2.910023E+01    4.738816E+03    1.215299E+04    2.768310E+04
    1.753241E+00    2.914658E+00    2.970149E+01    4.844579E+03    1.242396E+04    2.829994E+04
    1.754225E+00    2.940587E+00    3.031546E+01    4.952579E+03    1.270065E+04    2.892981E+04
    1.755267E+00    2.967085E+00    3.094238E+01    5.062853E+03    1.298316E+04    2.957294E+04
    1.756369E+00    2.994164E+00    3.158244E+01    5.175439E+03    1.327160E+04    3.022957E+04
    1.757536E+00    3.021837E+00    3.223589E+01    5.290376E+03    1.356606E+04    3.089990E+04
    1.758770E+00    3.050115E+00    3.290292E+01    5.407701E+03    1.386664E+04    3.158415E+04
    1.760077E+00    3.079012E+00    3.358377E+01    5.527452E+03    1.417344E+04    3.228256E+04
    1.761461E+00    3.108540E+00    3.427863E+01    5.649665E+03    1.448654E+04    3.299532E+04
    1.762927E+00    3.138711E+00    3.498773E+01    5.774376E+03    1.480604E+04    3.372265E+04
    1.764479E+00    3.169538E+00    3.571127E+01    5.901621E+03    1.513203E+04    3.446476E+04
    1.766123E+00    3.201034E+00    3.644944E+01    6.031435E+03    1.546461E+04    3.522185E+04
    1.767864E+00    3.233212E+00    3.720245E+01    6.163851E+03    1.580385E+04    3.599411E+04
    1.769707E+00    3.266085E+00    3.797048E+01    6.298901E+03    1.614983E+04    3.678173E+04
    1.771660E+00    3.299665E+00    3.875372E+01    6.436616E+03    1.650265E+04    3.758490E+04
    1.773729E+00    3.333967E+00    3.955233E+01    6.577025E+03    1.686237E+04    3.840378E+04
    1.775919E+00    3.369001E+00    4.036649E+01    6.720158E+03    1.722906E+04    3.923853E+04
    1.778239E+00    3.404782E+00    4.119634E+01    6.866038E+03    1.760279E+04    4.008932E+04
    1.780695E+00    3.441322E+00    4.204204E+01    7.014690E+03    1.798363E+04    4.095627E+04
    1.783295E+00    3.478633E+00    4.290370E+01    7.166136E+03    1.837162E+04    4.183950E+04
    1.786047E+00    3.516728E+00    4.378145E+01    7.320394E+03    1.876681E+04    4.273914E+04
    1.788961E+00    3.555618E+00    4.467538E+01    7.477479E+03    1.916925E+04    4.365527E+04
    1.792043E+00    3.595315E+00    4.558558E+01    7.637406E+03    1.957897E+04    4.458797E+04
    1.795305E+00    3.635830E+00    4.651210E+01    7.800183E+03    1.999598E+04    4.553729E+04
    1.798755E+00    3.677175E+00    4.745501E+01    7.965817E+03    2.042032E+04    4.650327E+04
    1.802402E+00    3.719360E+00    4.841430E+01    8.134309E+03    2.085198E+04    4.748591E+04
    1.806258E+00    3.762394E+00    4.939000E+01    8.305658E+03    2.129096E+04    4.848522E+04
    1.810334E+00    3.806286E+00    5.038206E+01    8.479856E+03    2.173723E+04    4.950114E+04
    1.814639E+00    3.851046E+00    5.139043E+01    8.656892E+03    2.219078E+04    5.053361E+04
    1.819185E+00    3.896681E+00    5.241505E+01    8.836749E+03    2.265155E+04    5.158254E+04
    1.823984E+00    3.943197E+00    5.345578E+01    9.019406E+03    2.311950E+04    5.264779E+04
    1.829049E+00    3.990600E+00    5.451249E+01    9.204834E+03    2.359454E+04    5.372920E+04
    1.834390E+00    4.038896E+00    5.558500E+01    9.393000E+03    2.407660E+04    5.482657E+04
    1.840020E+00    4.088087E+00    5.667309E+01    9.583863E+03    2.456557E+04    5.593968E+04
    1.845953E+00    4.138177E+00    5.777652E+01    9.777378E+03    2.506133E+04    5.706824E+04
    1.852201E+00    4.189166E+00    5.889499E+01    9.973489E+03    2.556374E+04    5.821196E+04
    1.858778E+00    4.241053E+00    6.002819E+01    1.017214E+04    2.607265E+04    5.937046E+04
    1.865695E+00    4.293838E+00    6.117572E+01    1.037325E+04    2.658788E+04    6.054335E+04
    1.872967E+00    4.347516E+00    6.233719E+01    1.057676E+04    2.710925E+04    6.173020E+04
    1.880606E+00    4.402082E+00    6.351213E+01    1.078258E+04    2.763653E+04    6.293052E+04
    1.888626E+00    4.457529E+00    6.470004E+01    1.099062E+04    2.816949E+04    6.414377E+04
    1.897040E+00    4.513849E+00    6.590038E+01    1.120077E+04    2.870788E+04    6.536938E+04
    1.905859E+00    4.571030E+00    6.711256E+01    1.141294E+04    2.925142E+04    6.660673E+04
    1.915098E+00    4.629059E+00    6.833593E+01    1.162701E+04    2.979983E+04    6.785514E+04
    1.924768E+00    4.687921E+00    6.956983E+01    1.184285E+04    3.035279E+04    6.911390E+04
    1.934880E+00    4.747600E+00    7.081352E+01    1.206034E+04    3.090995E+04    7.038226E+04
    1.945445E+00    4.808075E+00    7.206623E+01    1.227933E+04    3.147098E+04    7.165940E+04
    1.956475E+00    4.869325E+00    7.332716E+01    1.249969E+04    3.203550E+04    7.294448E+04
    1.967979E+00    4.931327E+00    7.459546E+01    1.272125E+04    3.260312E+04    7.423662E+04
    1.979966E+00    4.994053E+00    7.587023E+01    1.294387E+04    3.317342E+04    7.553489E+04
    1.992444E+00    5.057475E+00    7.715056E+01    1.316737E+04    3.374600E+04    7.683833E+04
    2.005420E+00    5.121564E+00    7.843549E+01    1.339160E+04    3.432042E+04    7.814594E+04
    2.018901E+00    5.186285E+00    7.972403E+01    1.361636E+04    3.489622E+04    7.945670E+04
    2.032892E+00    5.251605E+00    8.101517E+01    1.384148E+04    3.547294E+04    8.076957E+04
    2.047396E+00    5.317485E+00    8.230787E+01    1.406678E+04    3.605012E+04    8.208347E+04
    2.062417E+00    5.383887E+00    8.360109E+01    1.429207E+04    3.662727E+04    8.339732E+04
    2.077955E+00    5.450770E+00    8.489374E+01    1.451716E+04    3.720392E+04    8.471002E+04
    2.094010E+00    5.518093E+00    8.618477E+01    1.474187E+04    3.777957E+04    8.602044E+04
    2.110582E+00    5.585809E+00    8.747307E+01    1.496599E+04    3.835374E+04    8.732749E+04
    2.127667E+00    5.653875E+00    8.875757E+01    1.518935E+04    3.892593E+04    8.863005E+04
