    0.000000E+00    0.000000E+00    0.000000E+00    0.000000E+00    0.000000E+00    0.000000E+00
    1.107757E-01    1.107757E-01    1.107757E-01    1.107757E-01    1.107757E-01    1.107753E-01
    9.826748E-02    9.826748E-02    9.826748E-02    9.826747E-02    9.826743E-02    9.826709E-02
    8.717154E-02    8.717154E-02    8.717154E-02    8.717153E-02    8.717150E-02    8.717118E-02
    7.732846E-02    7.732846E-02    7.732846E-02    7.732846E-02    7.732842E-02    7.732812E-02
    6.859678E-02    6.859678E-02    6.859678E-02    6.859677E-02    6.859674E-02    6.859646E-02
    6.085100E-02    6.085100E-02    6.085100E-02    6.085099E-02    6.085096E-02    6.085069E-02
    5.397980E-02    5.397980E-02    5.397980E-02    5.397979E-02    5.397976E-02    5.397950E-02
    4.788443E-02    4.788443E-02    4.788443E-02    4.788443E-02    4.788440E-02    4.788414E-02
    4.247729E-02    4.247729E-02    4.247729E-02    4.247729E-02    4.247726E-02    4.247701E-02
    3.768067E-02    3.768067E-02    3.768067E-02    3.768066E-02    3.768063E-02    3.768039E-02
    3.342563E-02    3.342563E-02    3.342563E-02    3.342562E-02    3.342560E-02    3.342535E-02
    2.965102E-02    2.965102E-02    2.965102E-02    2.965102E-02    2.965099E-02    2.965074E-02
    2.630260E-02    2.630260E-02    2.630260E-02    2.630259E-02    2.630256E-02    2.630231E-02
    2.333223E-02    2.333223E-02    2.333223E-02    2.333223E-02    2.333220E-02    2.333194E-02
    2.069724E-02    2.069724E-02    2.069724E-02    2.069724E-02    2.069721E-02    2.069694E-02
    1.835976E-02    1.835976E-02    1.835976E-02    1.835975E-02    1.835972E-02    1.835944E-02
    1.628618E-02    1.628618E-02    1.628618E-02    1.628617E-02    1.628614E-02    1.628585E-02
    1.444672E-02    1.444672E-02    1.444672E-02    1.444671E-02    1.444668E-02    1.444638E-02
    1.281493E-02    1.281493E-02    1.281493E-02    1.281492E-02    1.281489E-02    1.281457E-02
    1.136737E-02    1.136737E-02    1.136737E-02    1.136737E-02    1.136733E-02    1.136700E-02
    1.008324E-02    1.008324E-02    1.008324E-02    1.008323E-02    1.008319E-02    1.008284E-02
    8.944077E-03    8.944077E-03    8.944077E-03    8.944067E-03    8.944024E-03    8.943654E-03
    7.933515E-03    7.933515E-03    7.933515E-03    7.933504E-03    7.933458E-03    7.933067E-03
    7.037033E-03    7.037033E-03    7.037033E-03    7.037021E-03    7.036973E-03    7.036556E-03
    6.241748E-03    6.241748E-03    6.241748E-03    6.241736E-03    6.241684E-03    6.241242E-03
    5.536233E-03    5.536233E-03    5.536233E-03    5.536220E-03    5.536165E-03    5.535694E-03
    4.910352E-03    4.910352E-03    4.910352E-03    4.910338E-03    4.910280E-03    4.909777E-03
    4.355111E-03    4.355111E-03    4.355111E-03    4.355096E-03    4.355034E-03    4.354497E-03
    3.862533E-03    3.862533E-03    3.862533E-03    3.862518E-03    3.862451E-03    3.861878E-03
    3.425542E-03    3.425542E-03    3.425542E-03    3.425525E-03    3.425454E-03    3.424841E-03
    3.037860E-03    3.037860E-03    3.037860E-03    3.037842E-03    3.037765E-03    3.037110E-03
    2.693918E-03    2.693918E-03    2.693918E-03    2.693899E-03    2.693817E-03    2.693116E-03
    2.388776E-03    2.388776E-03    2.388776E-03    2.388756E-03    2.388668E-03    2.387917E-03
    2.118052E-03    2.118052E-03    2.118052E-03    2.118030E-03    2.117936E-03    2.117132E-03
    1.877859E-03    1.877859E-03    1.877858E-03    1.877835E-03    1.877734E-03    1.876873E-03
    1.664746E-03    1.664746E-03    1.664746E-03    1.664721E-03    1.664613E-03    1.663690E-03
    1.475657E-03    1.475657E-03    1.475656E-03    1.475629E-03    1.475514E-03    1.474524E-03
    1.307875E-03    1.307875E-03    1.307875E-03    1.307846E-03    1.307722E-03    1.306660E-03
    1.158994E-03    1.158994E-03    1.158994E-03    1.158963E-03    1.158830E-03    1.157691E-03
    1.026879E-03    1.026879E-03    1.026879E-03    1.026845E-03    1.026702E-03    1.025481E-03
    9.096334E-04    9.096334E-04    9.096333E-04    9.095972E-04    9.094441E-04    9.081336E-04
    8.055777E-04    8.055777E-04    8.055776E-04    8.055389E-04    8.053746E-04    8.039682E-04
    7.132204E-04    7.132204E-04    7.132203E-04    7.131788E-04    7.130025E-04    7.114930E-04
    6.312389E-04    6.312389E-04    6.312387E-04    6.311942E-04    6.310049E-04    6.293846E-04
    5.584595E-04    5.584595E-04    5.584593E-04    5.584115E-04    5.582083E-04    5.564688E-04
    4.938411E-04    4.938411E-04    4.938410E-04    4.937896E-04    4.935714E-04    4.917038E-04
    4.364603E-04    4.364603E-04    4.364601E-04    4.364050E-04    4.361707E-04    4.341652E-04
    3.854975E-04    3.854975E-04    3.854974E-04    3.854381E-04    3.851865E-04    3.830329E-04
    3.402259E-04    3.402259E-04    3.402257E-04    3.401621E-04    3.398919E-04    3.375789E-04
    3.000004E-04    3.000004E-04    3.000002E-04    2.999319E-04    2.996417E-04    2.971573E-04
    2.642489E-04    2.642489E-04    2.642487E-04    2.641753E-04    2.638635E-04    2.611949E-04
    2.324636E-04    2.324636E-04    2.324634E-04    2.323845E-04    2.320496E-04    2.291828E-04
    2.041940E-04    2.041940E-04    2.041938E-04    2.041090E-04    2.037492E-04    2.006693E-04
    1.790405E-04    1.790405E-04    1.790402E-04    1.789492E-04    1.785626E-04    1.752534E-04
    1.566483E-04    1.566482E-04    1.566480E-04    1.565502E-04    1.561348E-04    1.525791E-04
    1.367027E-04    1.367027E-04    1.367024E-04    1.365972E-04    1.361509E-04    1.323300E-04
    1.189244E-04    1.189243E-04    1.189240E-04    1.188111E-04    1.183314E-04    1.142254E-04
    1.030654E-04    1.030654E-04    1.030651E-04    1.029437E-04    1.024282E-04    9.801544E-05
    8.890590E-05    8.890588E-05    8.890552E-05    8.877504E-05    8.822099E-05    8.347833E-05
    7.625043E-05    7.625041E-05    7.625002E-05    7.610978E-05    7.551427E-05    7.041674E-05
    6.492565E-05    6.492563E-05    6.492521E-05    6.477447E-05    6.413437E-05    5.865512E-05
    5.477763E-05    5.477761E-05    5.477716E-05    5.461512E-05    5.392705E-05    4.803718E-05
    4.566967E-05    4.566965E-05    4.566917E-05    4.549498E-05    4.475531E-05    3.842373E-05
    3.748038E-05    3.748036E-05    3.747984E-05    3.729257E-05    3.649740E-05    2.969066E-05
    3.010191E-05    3.010188E-05    3.010132E-05    2.990000E-05    2.904511E-05    2.172720E-05
    2.343844E-05    2.343841E-05    2.343781E-05    2.322136E-05    2.230222E-05    1.443441E-05
    1.740481E-05    1.740478E-05    1.740413E-05    1.717140E-05    1.618316E-05    7.723756E-06
    1.192531E-05    1.192528E-05    1.192458E-05    1.167434E-05    1.061174E-05    1.515882E-06
    6.932600E-06    6.932566E-06    6.931817E-06    6.662740E-06    5.520150E-06   -4.260448E-06
    2.366776E-06    2.366740E-06    2.365934E-06    2.076590E-06    8.479381E-07   -9.669355E-06
   -1.825495E-06   -1.825534E-06   -1.826400E-06   -2.137550E-06   -3.458796E-06   -1.476870E-05
   -5.691715E-06   -5.691756E-06   -5.692688E-06   -6.027299E-06   -7.448168E-06   -1.961085E-05
   -9.274220E-06   -9.274265E-06   -9.275267E-06   -9.635121E-06   -1.116318E-05   -2.424339E-05
   -1.261078E-05   -1.261082E-05   -1.261190E-05   -1.299892E-05   -1.464230E-05   -2.870974E-05
   -1.573510E-05   -1.573515E-05   -1.573631E-05   -1.615254E-05   -1.792002E-05   -3.304969E-05
   -1.867731E-05   -1.867737E-05   -1.867861E-05   -1.912629E-05   -2.102729E-05   -3.729990E-05
   -2.146438E-05   -2.146444E-05   -2.146578E-05   -2.194729E-05   -2.399196E-05   -4.149437E-05
   -2.412045E-05   -2.412051E-05   -2.412196E-05   -2.463987E-05   -2.683913E-05   -4.566483E-05
   -2.666720E-05   -2.666727E-05   -2.666883E-05   -2.722592E-05   -2.959151E-05   -4.984112E-05
   -2.912413E-05   -2.912420E-05   -2.912587E-05   -2.972511E-05   -3.226970E-05   -5.405150E-05
   -3.150877E-05   -3.150885E-05   -3.151065E-05   -3.215525E-05   -3.489244E-05   -5.832296E-05
   -3.383698E-05   -3.383707E-05   -3.383900E-05   -3.453241E-05   -3.747686E-05   -6.268151E-05
   -3.612310E-05   -3.612319E-05   -3.612527E-05   -3.687120E-05   -4.003868E-05   -6.715246E-05
   -3.838016E-05   -3.838026E-05   -3.838250E-05   -3.918495E-05   -4.259242E-05   -7.176059E-05
   -4.062002E-05   -4.062013E-05   -4.062253E-05   -4.148580E-05   -4.515154E-05   -7.653045E-05
   -4.285352E-05   -4.285363E-05   -4.285622E-05   -4.378494E-05   -4.772860E-05   -8.148652E-05
   -4.509061E-05   -4.509074E-05   -4.509352E-05   -4.609267E-05   -5.033540E-05   -8.665345E-05
   -4.734048E-05   -4.734061E-05   -4.734360E-05   -4.841855E-05   -5.298312E-05   -9.205619E-05
   -4.961160E-05   -4.961174E-05   -4.961497E-05   -5.077147E-05   -5.568240E-05   -9.772027E-05
   -5.191189E-05   -5.191205E-05   -5.191551E-05   -5.315980E-05   -5.844345E-05   -1.036719E-04
   -5.424876E-05   -5.424892E-05   -5.425265E-05   -5.559140E-05   -6.127615E-05   -1.099382E-04
   -5.662915E-05   -5.662933E-05   -5.663334E-05   -5.807374E-05   -6.419016E-05   -1.165473E-04
   -5.905966E-05   -5.905985E-05   -5.906417E-05   -6.061397E-05   -6.719493E-05   -1.235286E-04
   -6.154657E-05   -6.154678E-05   -6.155142E-05   -6.321895E-05   -7.029984E-05   -1.309130E-04
   -6.409589E-05   -6.409611E-05   -6.410111E-05   -6.589534E-05   -7.351423E-05   -1.387329E-04
   -6.671340E-05   -6.671364E-05   -6.671902E-05   -6.864960E-05   -7.684750E-05   -1.470225E-04
   -6.940474E-05   -6.940500E-05   -6.941079E-05   -7.148811E-05   -8.030913E-05   -1.558182E-04
   -7.217538E-05   -7.217566E-05   -7.218188E-05   -7.441713E-05   -8.390875E-05   -1.651583E-04
   -7.503070E-05   -7.503099E-05   -7.503769E-05   -7.744290E-05   -8.765621E-05   -1.750837E-04
   -7.797599E-05   -7.797631E-05   -7.798352E-05   -8.057163E-05   -9.156164E-05   -1.856379E-04
   -8.101652E-05   -8.101687E-05   -8.102462E-05   -8.380959E-05   -9.563548E-05   -1.968672E-04
   -8.415753E-05   -8.415790E-05   -8.416625E-05   -8.716306E-05   -9.988854E-05   -2.088210E-04
   -8.740425E-05   -8.740465E-05   -8.741363E-05   -9.063844E-05   -1.043321E-04   -2.215523E-04
   -9.076195E-05   -9.076238E-05   -9.077205E-05   -9.424222E-05   -1.089778E-04   -2.351174E-04
   -9.423594E-05   -9.423641E-05   -9.424681E-05   -9.798106E-05   -1.138380E-04   -2.495767E-04
   -9.783160E-05   -9.783210E-05   -9.784329E-05   -1.018617E-04   -1.189255E-04   -2.649951E-04
   -1.015544E-04   -1.015549E-04   -1.015670E-04   -1.058913E-04   -1.242538E-04   -2.814417E-04
   -1.054098E-04   -1.054104E-04   -1.054234E-04   -1.100768E-04   -1.298371E-04   -2.989908E-04
   -1.094036E-04   -1.094042E-04   -1.094182E-04   -1.144259E-04   -1.356905E-04   -3.177220E-04
   -1.135415E-04   -1.135422E-04   -1.135572E-04   -1.189462E-04   -1.418297E-04   -3.377206E-04
   -1.178295E-04   -1.178302E-04   -1.178463E-04   -1.236456E-04   -1.482715E-04   -3.590782E-04
   -1.222736E-04   -1.222743E-04   -1.222917E-04   -1.285326E-04   -1.550337E-04   -3.818929E-04
   -1.268800E-04   -1.268809E-04   -1.268996E-04   -1.336157E-04   -1.621348E-04   -4.062702E-04
   -1.316553E-04   -1.316562E-04   -1.316763E-04   -1.389039E-04   -1.695949E-04   -4.323231E-04
   -1.366060E-04   -1.366070E-04   -1.366286E-04   -1.444067E-04   -1.774349E-04   -4.601731E-04
   -1.417390E-04   -1.417400E-04   -1.417633E-04   -1.501337E-04   -1.856775E-04   -4.899506E-04
   -1.470612E-04   -1.470623E-04   -1.470874E-04   -1.560953E-04   -1.943462E-04   -5.217954E-04
   -1.525799E-04   -1.525812E-04   -1.526082E-04   -1.623022E-04   -2.034665E-04   -5.558579E-04
   -1.583027E-04   -1.583040E-04   -1.583331E-04   -1.687655E-04   -2.130651E-04   -5.922995E-04
   -1.642373E-04   -1.642387E-04   -1.642700E-04   -1.754970E-04   -2.231709E-04   -6.312936E-04
   -1.703917E-04   -1.703932E-04   -1.704268E-04   -1.825089E-04   -2.338142E-04   -6.730264E-04
   -1.767741E-04   -1.767757E-04   -1.768119E-04   -1.898143E-04   -2.450275E-04   -7.176978E-04
   -1.833931E-04   -1.833948E-04   -1.834338E-04   -1.974266E-04   -2.568454E-04   -7.655228E-04
   -1.902576E-04   -1.902595E-04   -1.903014E-04   -2.053600E-04   -2.693047E-04   -8.167322E-04
   -1.973767E-04   -1.973788E-04   -1.974239E-04   -2.136295E-04   -2.824447E-04   -8.715740E-04
   -2.047600E-04   -2.047622E-04   -2.048107E-04   -2.222506E-04   -2.963073E-04   -9.303146E-04
   -2.124172E-04   -2.124195E-04   -2.124718E-04   -2.312399E-04   -3.109371E-04   -9.932405E-04
   -2.203584E-04   -2.203609E-04   -2.204172E-04   -2.406147E-04   -3.263819E-04   -1.060659E-03
   -2.285943E-04   -2.285970E-04   -2.286575E-04   -2.503933E-04   -3.426924E-04   -1.132901E-03
   -2.371356E-04   -2.371386E-04   -2.372037E-04   -2.605947E-04   -3.599230E-04   -1.210322E-03
   -2.459938E-04   -2.459969E-04   -2.460670E-04   -2.712393E-04   -3.781316E-04   -1.293302E-03
   -2.551803E-04   -2.551837E-04   -2.552591E-04   -2.823481E-04   -3.973801E-04   -1.382253E-03
   -2.647073E-04   -2.647110E-04   -2.647922E-04   -2.939438E-04   -4.177347E-04   -1.477616E-03
   -2.745874E-04   -2.745913E-04   -2.746787E-04   -3.060498E-04   -4.392658E-04   -1.579863E-03
   -2.848334E-04   -2.848376E-04   -2.849317E-04   -3.186910E-04   -4.620490E-04   -1.689504E-03
   -2.954588E-04   -2.954634E-04   -2.955645E-04   -3.318937E-04   -4.861649E-04   -1.807086E-03
   -3.064775E-04   -3.064824E-04   -3.065912E-04   -3.456856E-04   -5.116997E-04   -1.933197E-03
   -3.179038E-04   -3.179090E-04   -3.180262E-04   -3.600959E-04   -5.387455E-04   -2.068469E-03
   -3.297525E-04   -3.297582E-04   -3.298842E-04   -3.751555E-04   -5.674008E-04   -2.213581E-03
   -3.420392E-04   -3.420452E-04   -3.421809E-04   -3.908969E-04   -5.977710E-04   -2.369263E-03
   -3.547796E-04   -3.547861E-04   -3.549321E-04   -4.073545E-04   -6.299687E-04   -2.536299E-03
   -3.679904E-04   -3.679974E-04   -3.681545E-04   -4.245647E-04   -6.641144E-04   -2.715532E-03
   -3.816885E-04   -3.816960E-04   -3.818651E-04   -4.425659E-04   -7.003371E-04   -2.907868E-03
   -3.958916E-04   -3.958998E-04   -3.960817E-04   -4.613988E-04   -7.387746E-04   -3.114282E-03
   -4.106181E-04   -4.106268E-04   -4.108226E-04   -4.811063E-04   -7.795746E-04   -3.335820E-03
   -4.258867E-04   -4.258962E-04   -4.261068E-04   -5.017338E-04   -8.228951E-04   -3.573606E-03
   -4.417172E-04   -4.417273E-04   -4.419539E-04   -5.233295E-04   -8.689050E-04   -3.828849E-03
   -4.581295E-04   -4.581404E-04   -4.583843E-04   -5.459443E-04   -9.177854E-04   -4.102850E-03
   -4.751448E-04   -4.751565E-04   -4.754189E-04   -5.696321E-04   -9.697298E-04   -4.397003E-03
   -4.927846E-04   -4.927973E-04   -4.930796E-04   -5.944500E-04   -1.024946E-03   -4.712810E-03
   -5.110714E-04   -5.110849E-04   -5.113887E-04   -6.204585E-04   -1.083655E-03   -5.051884E-03
   -5.300281E-04   -5.300427E-04   -5.303695E-04   -6.477218E-04   -1.146096E-03   -5.415959E-03
   -5.496788E-04   -5.496945E-04   -5.500461E-04   -6.763076E-04   -1.212523E-03   -5.806896E-03
   -5.700482E-04   -5.700651E-04   -5.704434E-04   -7.062881E-04   -1.283208E-03   -6.226698E-03
   -5.911617E-04   -5.911799E-04   -5.915869E-04   -7.377398E-04   -1.358443E-03   -6.677516E-03
   -6.130458E-04   -6.130654E-04   -6.135033E-04   -7.707435E-04   -1.438542E-03   -7.161663E-03
   -6.357277E-04   -6.357488E-04   -6.362199E-04   -8.053854E-04   -1.523839E-03   -7.681623E-03
   -6.592357E-04   -6.592583E-04   -6.597652E-04   -8.417566E-04   -1.614693E-03   -8.240066E-03
   -6.835987E-04   -6.836231E-04   -6.841683E-04   -8.799541E-04   -1.711488E-03   -8.839862E-03
   -7.088469E-04   -7.088731E-04   -7.094596E-04   -9.200806E-04   -1.814635E-03   -9.484093E-03
   -7.350111E-04   -7.350393E-04   -7.356703E-04   -9.622455E-04   -1.924577E-03   -1.017607E-02
   -7.621235E-04   -7.621539E-04   -7.628326E-04   -1.006565E-03   -2.041784E-03   -1.091936E-02
   -7.902171E-04   -7.902497E-04   -7.909798E-04   -1.053162E-03   -2.166764E-03   -1.171779E-02
   -8.193258E-04   -8.193609E-04   -8.201463E-04   -1.102167E-03   -2.300059E-03   -1.257546E-02
   -8.494850E-04   -8.495227E-04   -8.503675E-04   -1.153720E-03   -2.442248E-03   -1.349679E-02
   -8.807308E-04   -8.807714E-04   -8.816800E-04   -1.207969E-03   -2.593955E-03   -1.448652E-02
   -9.131006E-04   -9.131442E-04   -9.141215E-04   -1.265071E-03   -2.755845E-03   -1.554976E-02
   -9.466329E-04   -9.466798E-04   -9.477310E-04   -1.325194E-03   -2.928634E-03   -1.669197E-02
   -9.813674E-04   -9.814179E-04   -9.825485E-04   -1.388515E-03   -3.113085E-03   -1.791905E-02
   -1.017345E-03   -1.017399E-03   -1.018615E-03   -1.455223E-03   -3.310018E-03   -1.923730E-02
   -1.054608E-03   -1.054667E-03   -1.055974E-03   -1.525520E-03   -3.520311E-03   -2.065352E-02
   -1.093200E-03   -1.093263E-03   -1.094669E-03   -1.599621E-03   -3.744905E-03   -2.217499E-02
   -1.133165E-03   -1.133232E-03   -1.134744E-03   -1.677753E-03   -3.984805E-03   -2.380955E-02
   -1.174549E-03   -1.174622E-03   -1.176248E-03   -1.760158E-03   -4.241092E-03   -2.556559E-02
   -1.217400E-03   -1.217478E-03   -1.219226E-03   -1.847095E-03   -4.514919E-03   -2.745214E-02
   -1.261765E-03   -1.261849E-03   -1.263729E-03   -1.938839E-03   -4.807525E-03   -2.947889E-02
   -1.307696E-03   -1.307787E-03   -1.309808E-03   -2.035682E-03   -5.120235E-03   -3.165623E-02
   -1.355244E-03   -1.355341E-03   -1.357514E-03   -2.137935E-03   -5.454466E-03   -3.399533E-02
   -1.404460E-03   -1.404564E-03   -1.406901E-03   -2.245931E-03   -5.811740E-03   -3.650814E-02
   -1.455400E-03   -1.455512E-03   -1.458024E-03   -2.360022E-03   -6.193681E-03   -3.920752E-02
   -1.508118E-03   -1.508239E-03   -1.510939E-03   -2.480583E-03   -6.602033E-03   -4.210722E-02
   -1.562672E-03   -1.562802E-03   -1.565704E-03   -2.608016E-03   -7.038658E-03   -4.522200E-02
   -1.619121E-03   -1.619260E-03   -1.622380E-03   -2.742747E-03   -7.505553E-03   -4.856767E-02
   -1.677523E-03   -1.677673E-03   -1.681026E-03   -2.885228E-03   -8.004854E-03   -5.216117E-02
   -1.737941E-03   -1.738102E-03   -1.741705E-03   -3.035944E-03   -8.538845E-03   -5.602063E-02
   -1.800437E-03   -1.800610E-03   -1.804482E-03   -3.195408E-03   -9.109973E-03   -6.016541E-02
   -1.865075E-03   -1.865261E-03   -1.869422E-03   -3.364168E-03   -9.720855E-03   -6.461627E-02
   -1.931921E-03   -1.932121E-03   -1.936593E-03   -3.542808E-03   -1.037429E-02   -6.939532E-02
   -2.001042E-03   -2.001256E-03   -2.006061E-03   -3.731949E-03   -1.107327E-02   -7.452619E-02
   -2.072506E-03   -2.072737E-03   -2.077899E-03   -3.932251E-03   -1.182100E-02   -8.003405E-02
   -2.146384E-03   -2.146631E-03   -2.152178E-03   -4.144419E-03   -1.262091E-02   -8.594572E-02
   -2.222746E-03   -2.223012E-03   -2.228970E-03   -4.369202E-03   -1.347665E-02   -9.228966E-02
   -2.301665E-03   -2.301951E-03   -2.308350E-03   -4.607396E-03   -1.439214E-02   -9.909611E-02
   -2.383214E-03   -2.383522E-03   -2.390395E-03   -4.859850E-03   -1.537157E-02   -1.063971E-01
   -2.467470E-03   -2.467800E-03   -2.475182E-03   -5.127469E-03   -1.641939E-02   -1.142264E-01
   -2.554508E-03   -2.554862E-03   -2.562790E-03   -5.411211E-03   -1.754039E-02   -1.226197E-01
   -2.644405E-03   -2.644786E-03   -2.653299E-03   -5.712100E-03   -1.873967E-02   -1.316145E-01
   -2.737241E-03   -2.737649E-03   -2.746790E-03   -6.031223E-03   -2.002267E-02   -1.412499E-01
   -2.833094E-03   -2.833532E-03   -2.843346E-03   -6.369735E-03   -2.139522E-02   -1.515668E-01
   -2.932044E-03   -2.932515E-03   -2.943050E-03   -6.728868E-03   -2.286350E-02   -1.626077E-01
   -3.034174E-03   -3.034680E-03   -3.045988E-03   -7.109926E-03   -2.443416E-02   -1.744162E-01
   -3.139565E-03   -3.140108E-03   -3.152245E-03   -7.514301E-03   -2.611424E-02   -1.870372E-01
   -3.248300E-03   -3.248882E-03   -3.261908E-03   -7.943468E-03   -2.791129E-02   -2.005162E-01
   -3.360462E-03   -3.361086E-03   -3.375063E-03   -8.398995E-03   -2.983334E-02   -2.148990E-01
   -3.476133E-03   -3.476803E-03   -3.491800E-03   -8.882549E-03   -3.188893E-02   -2.302309E-01
   -3.595398E-03   -3.596117E-03   -3.612205E-03   -9.395898E-03   -3.408718E-02   -2.465566E-01
   -3.718340E-03   -3.719111E-03   -3.736369E-03   -9.940921E-03   -3.643780E-02   -2.639186E-01
   -3.845043E-03   -3.845870E-03   -3.864379E-03   -1.051961E-02   -3.895111E-02   -2.823566E-01
   -3.975589E-03   -3.976476E-03   -3.996325E-03   -1.113408E-02   -4.163808E-02   -3.019062E-01
   -4.110062E-03   -4.111012E-03   -4.132296E-03   -1.178656E-02   -4.451038E-02   -3.225973E-01
   -4.248542E-03   -4.249562E-03   -4.272380E-03   -1.247945E-02   -4.758040E-02   -3.444529E-01
   -4.391112E-03   -4.392205E-03   -4.416665E-03   -1.321525E-02   -5.086130E-02   -3.674864E-01
   -4.537850E-03   -4.539021E-03   -4.565237E-03   -1.399664E-02   -5.436702E-02   -3.917001E-01
   -4.688834E-03   -4.690089E-03   -4.718182E-03   -1.482644E-02   -5.811233E-02   -4.170825E-01
   -4.844141E-03   -4.845485E-03   -4.875586E-03   -1.570764E-02   -6.211286E-02   -4.436053E-01
   -5.003844E-03   -5.005285E-03   -5.037531E-03   -1.664341E-02   -6.638514E-02   -4.712207E-01
   -5.168016E-03   -5.169559E-03   -5.204097E-03   -1.763708E-02   -7.094660E-02   -4.998583E-01
   -5.336725E-03   -5.338377E-03   -5.375364E-03   -1.869220E-02   -7.581564E-02   -5.294209E-01
   -5.510036E-03   -5.511805E-03   -5.551407E-03   -1.981251E-02   -8.101157E-02   -5.597817E-01
   -5.688013E-03   -5.689907E-03   -5.732301E-03   -2.100194E-02   -8.655472E-02   -5.907802E-01
   -5.870712E-03   -5.872739E-03   -5.918113E-03   -2.226465E-02   -9.246635E-02   -6.222182E-01
   -6.058189E-03   -6.060358E-03   -6.108912E-03   -2.360505E-02   -9.876870E-02   -6.538568E-01
   -6.250491E-03   -6.252812E-03   -6.304758E-03   -2.502775E-02   -1.054849E-01   -6.854126E-01
   -6.447664E-03   -6.450146E-03   -6.505709E-03   -2.653762E-02   -1.126391E-01   -7.165546E-01
   -6.649744E-03   -6.652399E-03   -6.711818E-03   -2.813979E-02   -1.202561E-01   -7.469023E-01
   -6.856765E-03   -6.859603E-03   -6.923131E-03   -2.983966E-02   -1.283615E-01   -7.760240E-01
   -7.068750E-03   -7.071784E-03   -7.139690E-03   -3.164288E-02   -1.369816E-01   -8.034363E-01
   -7.285718E-03   -7.288960E-03   -7.361528E-03   -3.355541E-02   -1.461431E-01   -8.286051E-01
   -7.507680E-03   -7.511143E-03   -7.588674E-03   -3.558348E-02   -1.558730E-01   -8.509480E-01
   -7.734636E-03   -7.738336E-03   -7.821147E-03   -3.773362E-02   -1.661982E-01   -8.698395E-01
   -7.966580E-03   -7.970531E-03   -8.058960E-03   -4.001269E-02   -1.771457E-01   -8.846170E-01
   -8.203496E-03   -8.207713E-03   -8.302115E-03   -4.242784E-02   -1.887414E-01   -8.945914E-01
   -8.445355E-03   -8.449856E-03   -8.550607E-03   -4.498653E-02   -2.010105E-01   -8.990590E-01
   -8.692123E-03   -8.696925E-03   -8.804421E-03   -4.769656E-02   -2.139766E-01   -8.973182E-01
   -8.943749E-03   -8.948871E-03   -9.063530E-03   -5.056605E-02   -2.276610E-01   -8.886887E-01
   -9.200174E-03   -9.205636E-03   -9.327897E-03   -5.360342E-02   -2.420823E-01   -8.725357E-01
   -9.461325E-03   -9.467147E-03   -9.597475E-03   -5.681745E-02   -2.572553E-01   -8.482972E-01
   -9.727117E-03   -9.733321E-03   -9.872203E-03   -6.021720E-02   -2.731906E-01   -8.155158E-01
   -9.997450E-03   -1.000406E-02   -1.015201E-02   -6.381205E-02   -2.898930E-01   -7.738739E-01
   -1.027221E-02   -1.027925E-02   -1.043681E-02   -6.761167E-02   -3.073606E-01   -7.232317E-01
   -1.055127E-02   -1.055877E-02   -1.072649E-02   -7.162602E-02   -3.255837E-01   -6.636675E-01
   -1.083449E-02   -1.084247E-02   -1.102096E-02   -7.586531E-02   -3.445432E-01   -5.955178E-01
   -1.112171E-02   -1.113019E-02   -1.132007E-02   -8.033996E-02   -3.642092E-01   -5.194163E-01
   -1.141275E-02   -1.142177E-02   -1.162369E-02   -8.506061E-02   -3.845397E-01   -4.363279E-01
   -1.170743E-02   -1.171702E-02   -1.193165E-02   -9.003802E-02   -4.054784E-01   -3.475753E-01
   -1.200554E-02   -1.201572E-02   -1.224379E-02   -9.528306E-02   -4.269535E-01   -2.548535E-01
   -1.230684E-02   -1.231766E-02   -1.255990E-02   -1.008066E-01   -4.488757E-01   -1.602285E-01
   -1.261110E-02   -1.262259E-02   -1.287978E-02   -1.066196E-01   -4.711366E-01   -6.611529E-02
   -1.291807E-02   -1.293026E-02   -1.320320E-02   -1.127326E-01   -4.936074E-01    2.477046E-02
   -1.322746E-02   -1.324039E-02   -1.352992E-02   -1.191563E-01   -5.161368E-01    1.094894E-01
   -1.353897E-02   -1.355268E-02   -1.385968E-02   -1.259006E-01   -5.385504E-01    1.849889E-01
   -1.385230E-02   -1.386683E-02   -1.419219E-02   -1.329753E-01   -5.606494E-01    2.482471E-01
   -1.416711E-02   -1.418251E-02   -1.452718E-02   -1.403893E-01   -5.822100E-01    2.964502E-01
   -1.448306E-02   -1.449936E-02   -1.486432E-02   -1.481507E-01   -6.029835E-01    3.271961E-01
   -1.479978E-02   -1.481703E-02   -1.520328E-02   -1.562667E-01   -6.226967E-01    3.387175E-01
   -1.511689E-02   -1.513514E-02   -1.554371E-02   -1.647429E-01   -6.410529E-01    3.301080E-01
   -1.543399E-02   -1.545328E-02   -1.588525E-02   -1.735838E-01   -6.577338E-01    3.015318E-01
   -1.575066E-02   -1.577105E-02   -1.622753E-02   -1.827916E-01   -6.724024E-01    2.543930E-01
   -1.606649E-02   -1.608802E-02   -1.657014E-02   -1.923668E-01   -6.847067E-01    1.914345E-01
   -1.638102E-02   -1.640375E-02   -1.691267E-02   -2.023072E-01   -6.942842E-01    1.167380E-01
   -1.669379E-02   -1.671777E-02   -1.725470E-02   -2.126076E-01   -7.007681E-01    3.559555E-02
   -1.700435E-02   -1.702963E-02   -1.759578E-02   -2.232597E-01   -7.037943E-01   -4.576728E-02
   -1.731220E-02   -1.733885E-02   -1.793547E-02   -2.342517E-01   -7.030092E-01   -1.206261E-01
   -1.761685E-02   -1.764492E-02   -1.827330E-02   -2.455672E-01   -6.980797E-01   -1.823395E-01
   -1.791782E-02   -1.794736E-02   -1.860879E-02   -2.571856E-01   -6.887033E-01   -2.250430E-01
   -1.821458E-02   -1.824566E-02   -1.894146E-02   -2.690811E-01   -6.746200E-01   -2.443946E-01
   -1.850663E-02   -1.853930E-02   -1.927081E-02   -2.812222E-01   -6.556247E-01   -2.382780E-01
   -1.879345E-02   -1.882777E-02   -1.959635E-02   -2.935716E-01   -6.315804E-01   -2.073541E-01
   -1.907452E-02   -1.911056E-02   -1.991757E-02   -3.060853E-01   -6.024318E-01   -1.553343E-01
   -1.934931E-02   -1.938713E-02   -2.023395E-02   -3.187126E-01   -5.682189E-01   -8.886413E-02
   -1.961731E-02   -1.965697E-02   -2.054498E-02   -3.313954E-01   -5.290899E-01   -1.693564E-02
   -1.987800E-02   -1.991956E-02   -2.085015E-02   -3.440680E-01   -4.853132E-01    5.018319E-02
   -2.013087E-02   -2.017439E-02   -2.114895E-02   -3.566571E-01   -4.372874E-01    1.024277E-01
   -2.037541E-02   -2.042095E-02   -2.144086E-02   -3.690813E-01   -3.855488E-01    1.316405E-01
   -2.061112E-02   -2.065875E-02   -2.172538E-02   -3.812514E-01   -3.307748E-01    1.332157E-01
   -2.083751E-02   -2.088729E-02   -2.200200E-02   -3.930702E-01   -2.737839E-01    1.073292E-01
   -2.105412E-02   -2.110610E-02   -2.227023E-02   -4.044334E-01   -2.155287E-01    5.939232E-02
   -2.126048E-02   -2.131472E-02   -2.252958E-02   -4.152295E-01   -1.570842E-01   -5.447618E-04
   -2.145614E-02   -2.151270E-02   -2.277958E-02   -4.253407E-01   -9.962768E-02   -5.952778E-02
   -2.164069E-02   -2.169962E-02   -2.301977E-02   -4.346440E-01   -4.441181E-02   -1.043840E-01
   -2.181371E-02   -2.187507E-02   -2.324970E-02   -4.430118E-01    7.270724E-03   -1.248576E-01
   -2.197482E-02   -2.203867E-02   -2.346894E-02   -4.503140E-01    5.412998E-02   -1.164387E-01
   -2.212367E-02   -2.219004E-02   -2.367707E-02   -4.564189E-01    9.492870E-02   -8.201953E-02
   -2.225992E-02   -2.232886E-02   -2.387370E-02   -4.611954E-01    1.285380E-01   -3.166009E-02
   -2.238326E-02   -2.245482E-02   -2.405845E-02   -4.645150E-01    1.539969E-01    1.981832E-02
   -2.249341E-02   -2.256763E-02   -2.423097E-02   -4.662538E-01    1.705726E-01    5.703305E-02
   -2.259012E-02   -2.266703E-02   -2.439093E-02   -4.662952E-01    1.778192E-01    6.892374E-02
   -2.267317E-02   -2.275281E-02   -2.453802E-02   -4.645326E-01    1.756293E-01    5.272386E-02
   -2.274237E-02   -2.282478E-02   -2.467195E-02   -4.608715E-01    1.642752E-01    1.539461E-02
   -2.279758E-02   -2.288276E-02   -2.479247E-02   -4.552332E-01    1.444343E-01   -2.843246E-02
   -2.283865E-02   -2.292663E-02   -2.489935E-02   -4.475567E-01    1.171945E-01   -6.171410E-02
   -2.286551E-02   -2.295630E-02   -2.499237E-02   -4.378021E-01    8.403528E-02   -7.179181E-02
   -2.287809E-02   -2.297170E-02   -2.507136E-02   -4.259531E-01    4.678121E-02   -5.564638E-02
   -2.287637E-02   -2.297280E-02   -2.513616E-02   -4.120196E-01    7.526865E-03   -2.172462E-02
   -2.286033E-02   -2.295959E-02   -2.518663E-02   -3.960399E-01   -3.146645E-02    1.363969E-02
   -2.282998E-02   -2.293205E-02   -2.522261E-02   -3.780828E-01   -6.789892E-02    3.385139E-02
   -2.278520E-02   -2.289006E-02   -2.524386E-02   -3.582490E-01   -9.957906E-02    3.028323E-02
   -2.272545E-02   -2.283308E-02   -2.524967E-02   -3.366725E-01   -1.245803E-01    6.801885E-03
   -2.266918E-02   -2.277954E-02   -2.525799E-02   -3.135192E-01   -1.414152E-01   -2.228221E-02
   -2.265750E-02   -2.276822E-02   -2.525485E-02   -3.103505E-01   -1.429736E-01   -2.561221E-02
   -2.264540E-02   -2.275647E-02   -2.525127E-02   -3.071582E-01   -1.443698E-01   -2.870246E-02
   -2.263284E-02   -2.274427E-02   -2.524722E-02   -3.039429E-01   -1.456028E-01   -3.152175E-02
   -2.261977E-02   -2.273156E-02   -2.524265E-02   -3.007051E-01   -1.466715E-01   -3.404206E-02
   -2.260615E-02   -2.271830E-02   -2.523753E-02   -2.974455E-01   -1.475751E-01   -3.623886E-02
   -2.259188E-02   -2.270439E-02   -2.523174E-02   -2.941645E-01   -1.483132E-01   -3.809139E-02
   -2.257716E-02   -2.269003E-02   -2.522549E-02   -2.908626E-01   -1.488854E-01   -3.958290E-02
   -2.256180E-02   -2.267502E-02   -2.521859E-02   -2.875405E-01   -1.492915E-01   -4.070084E-02
   -2.254555E-02   -2.265912E-02   -2.521078E-02   -2.841988E-01   -1.495317E-01   -4.143695E-02
   -2.252842E-02   -2.264235E-02   -2.520210E-02   -2.808380E-01   -1.496063E-01   -4.178739E-02
   -2.251035E-02   -2.262463E-02   -2.519246E-02   -2.774589E-01   -1.495159E-01   -4.175278E-02
   -2.249124E-02   -2.260588E-02   -2.518179E-02   -2.740619E-01   -1.492612E-01   -4.133817E-02
   -2.247103E-02   -2.258602E-02   -2.516999E-02   -2.706477E-01   -1.488432E-01   -4.055300E-02
   -2.244961E-02   -2.256496E-02   -2.515700E-02   -2.672169E-01   -1.482631E-01   -3.941098E-02
   -2.242690E-02   -2.254260E-02   -2.514271E-02   -2.637701E-01   -1.475223E-01   -3.792992E-02
   -2.240282E-02   -2.251887E-02   -2.512703E-02   -2.603079E-01   -1.466225E-01   -3.613153E-02
   -2.237726E-02   -2.249367E-02   -2.510990E-02   -2.568311E-01   -1.455655E-01   -3.404116E-02
   -2.235017E-02   -2.246693E-02   -2.509122E-02   -2.533402E-01   -1.443534E-01   -3.168747E-02
   -2.232144E-02   -2.243856E-02   -2.507091E-02   -2.498359E-01   -1.429886E-01   -2.910213E-02
   -2.229101E-02   -2.240848E-02   -2.504890E-02   -2.463188E-01   -1.414735E-01   -2.631942E-02
   -2.225879E-02   -2.237662E-02   -2.502512E-02   -2.427895E-01   -1.398108E-01   -2.337578E-02
   -2.222472E-02   -2.234290E-02   -2.499949E-02   -2.392488E-01   -1.380036E-01   -2.030939E-02
   -2.218872E-02   -2.230726E-02   -2.497193E-02   -2.356972E-01   -1.360549E-01   -1.715971E-02
   -2.215073E-02   -2.226961E-02   -2.494239E-02   -2.321355E-01   -1.339682E-01   -1.396694E-02
   -2.211066E-02   -2.222990E-02   -2.491079E-02   -2.285643E-01   -1.317469E-01   -1.077157E-02
   -2.206845E-02   -2.218805E-02   -2.487706E-02   -2.249842E-01   -1.293949E-01   -7.613779E-03
   -2.202403E-02   -2.214398E-02   -2.484114E-02   -2.213961E-01   -1.269162E-01   -4.533017E-03
   -2.197732E-02   -2.209764E-02   -2.480295E-02   -2.178004E-01   -1.243149E-01   -1.567402E-03
   -2.192826E-02   -2.204893E-02   -2.476241E-02   -2.141980E-01   -1.215954E-01    1.246736E-03
   -2.187676E-02   -2.199779E-02   -2.471947E-02   -2.105895E-01   -1.187622E-01    3.875310E-03
   -2.182275E-02   -2.194414E-02   -2.467404E-02   -2.069756E-01   -1.158202E-01    6.287018E-03
   -2.176616E-02   -2.188790E-02   -2.462604E-02   -2.033570E-01   -1.127742E-01    8.453693E-03
   -2.170689E-02   -2.182900E-02   -2.457539E-02   -1.997345E-01   -1.096293E-01    1.035073E-02
   -2.164486E-02   -2.176733E-02   -2.452203E-02   -1.961086E-01   -1.063908E-01    1.195736E-02
   -2.157999E-02   -2.170283E-02   -2.446584E-02   -1.924803E-01   -1.030642E-01    1.325714E-02
   -2.151219E-02   -2.163539E-02   -2.440676E-02   -1.888501E-01   -9.965498E-02    1.423792E-02
   -2.144135E-02   -2.156492E-02   -2.434468E-02   -1.852188E-01   -9.616897E-02    1.489218E-02
   -2.136739E-02   -2.149132E-02   -2.427951E-02   -1.815872E-01   -9.261204E-02    1.521710E-02
   -2.129019E-02   -2.141449E-02   -2.421115E-02   -1.779559E-01   -8.899022E-02    1.521460E-02
   -2.120965E-02   -2.133432E-02   -2.413950E-02   -1.743258E-01   -8.530968E-02    1.489136E-02
   -2.112565E-02   -2.125070E-02   -2.406444E-02   -1.706975E-01   -8.157669E-02    1.425864E-02
   -2.103808E-02   -2.116351E-02   -2.398586E-02   -1.670718E-01   -7.779765E-02    1.333219E-02
   -2.094682E-02   -2.107262E-02   -2.390364E-02   -1.634495E-01   -7.397908E-02    1.213198E-02
   -2.085174E-02   -2.097792E-02   -2.381766E-02   -1.598314E-01   -7.012757E-02    1.068189E-02
   -2.075270E-02   -2.087927E-02   -2.372779E-02   -1.562181E-01   -6.624980E-02    9.009350E-03
   -2.064957E-02   -2.077652E-02   -2.363390E-02   -1.526105E-01   -6.235255E-02    7.144922E-03
   -2.054220E-02   -2.066954E-02   -2.353585E-02   -1.490093E-01   -5.844265E-02    5.122390E-03
   -2.043045E-02   -2.055818E-02   -2.343348E-02   -1.454153E-01   -5.452700E-02    2.975840E-03
   -2.031416E-02   -2.044229E-02   -2.332667E-02   -1.418293E-01   -5.061254E-02    7.426827E-04
   -2.019317E-02   -2.032170E-02   -2.321524E-02   -1.382521E-01   -4.670624E-02   -1.539315E-03
   -2.006733E-02   -2.019627E-02   -2.309905E-02   -1.346845E-01   -4.281512E-02   -3.832109E-03
   -1.993646E-02   -2.006580E-02   -2.297794E-02   -1.311271E-01   -3.894619E-02   -6.097999E-03
   -1.980039E-02   -1.993015E-02   -2.285173E-02   -1.275810E-01   -3.510647E-02   -8.300275E-03
   -1.965895E-02   -1.978913E-02   -2.272025E-02   -1.240467E-01   -3.130299E-02   -1.040372E-02
   -1.951196E-02   -1.964256E-02   -2.258335E-02   -1.205252E-01   -2.754273E-02   -1.237578E-02
   -1.935924E-02   -1.949026E-02   -2.244083E-02   -1.170172E-01   -2.383266E-02   -1.418627E-02
   -1.920060E-02   -1.933205E-02   -2.229253E-02   -1.135235E-01   -2.017968E-02   -1.580841E-02
   -1.903586E-02   -1.916775E-02   -2.213826E-02   -1.100450E-01   -1.659064E-02   -1.721952E-02
   -1.886483E-02   -1.899716E-02   -2.197785E-02   -1.065825E-01   -1.307233E-02   -1.840073E-02
   -1.868733E-02   -1.882011E-02   -2.181111E-02   -1.031367E-01   -9.631429E-03   -1.933792E-02
   -1.850316E-02   -1.863641E-02   -2.163788E-02   -9.970852E-02   -6.274522E-03   -2.002258E-02
   -1.831216E-02   -1.844587E-02   -2.145796E-02   -9.629875E-02   -3.008076E-03   -2.044898E-02
   -1.811413E-02   -1.824831E-02   -2.127120E-02   -9.290823E-02    1.615778E-04   -2.061953E-02
   -1.790890E-02   -1.804356E-02   -2.107742E-02   -8.953778E-02    3.228256E-03   -2.053891E-02
   -1.769630E-02   -1.783144E-02   -2.087645E-02   -8.618824E-02    6.185944E-03   -2.021801E-02
   -1.747615E-02   -1.761179E-02   -2.066814E-02   -8.286046E-02    9.028809E-03   -1.967288E-02
   -1.724831E-02   -1.738446E-02   -2.045234E-02   -7.955527E-02    1.175122E-02   -1.892190E-02
   -1.701262E-02   -1.714928E-02   -2.022890E-02   -7.627354E-02    1.434776E-02   -1.798895E-02
   -1.676894E-02   -1.690612E-02   -1.999769E-02   -7.301612E-02    1.681325E-02   -1.689943E-02
   -1.651713E-02   -1.665485E-02   -1.975859E-02   -6.978388E-02    1.914277E-02   -1.568340E-02
   -1.625709E-02   -1.639535E-02   -1.951150E-02   -6.657768E-02    2.133168E-02   -1.437145E-02
   -1.598871E-02   -1.612752E-02   -1.925630E-02   -6.339841E-02    2.337561E-02   -1.299569E-02
   -1.571190E-02   -1.585128E-02   -1.899293E-02   -6.024696E-02    2.527052E-02   -1.158861E-02
   -1.542659E-02   -1.556654E-02   -1.872132E-02   -5.712421E-02    2.701271E-02   -1.018229E-02
   -1.513272E-02   -1.527326E-02   -1.844143E-02   -5.403108E-02    2.859882E-02   -8.807658E-03
   -1.483026E-02   -1.497140E-02   -1.815322E-02   -5.096849E-02    3.002587E-02   -7.493671E-03
   -1.451920E-02   -1.466094E-02   -1.785668E-02   -4.793734E-02    3.129127E-02   -6.266650E-03
   -1.419953E-02   -1.434190E-02   -1.755184E-02   -4.493858E-02    3.239285E-02   -5.149625E-03
   -1.387129E-02   -1.401429E-02   -1.723872E-02   -4.197315E-02    3.332886E-02   -4.161792E-03
   -1.353453E-02   -1.367818E-02   -1.691738E-02   -3.904201E-02    3.409803E-02   -3.318829E-03
   -1.318932E-02   -1.333363E-02   -1.658790E-02   -3.614613E-02    3.469954E-02   -2.628830E-03
   -1.283576E-02   -1.298075E-02   -1.625039E-02   -3.328647E-02    3.513306E-02   -2.100747E-03
   -1.247398E-02   -1.261966E-02   -1.590498E-02   -3.046403E-02    3.539879E-02   -1.732564E-03
   -1.210412E-02   -1.225051E-02   -1.555182E-02   -2.767982E-02    3.549745E-02   -1.521035E-03
   -1.172637E-02   -1.187347E-02   -1.519108E-02   -2.493484E-02    3.543027E-02   -1.458314E-03
   -1.134092E-02   -1.148875E-02   -1.482298E-02   -2.223011E-02    3.519907E-02   -1.531690E-03
   -1.094800E-02   -1.109657E-02   -1.444775E-02   -1.956668E-02    3.480623E-02   -1.725625E-03
   -1.054786E-02   -1.069719E-02   -1.406564E-02   -1.694558E-02    3.425468E-02   -2.021149E-03
   -1.014077E-02   -1.029089E-02   -1.367692E-02   -1.436787E-02    3.354796E-02   -2.398175E-03
   -9.727053E-03   -9.877954E-03   -1.328191E-02   -1.183462E-02    3.269019E-02   -2.834337E-03
   -9.307018E-03   -9.458723E-03   -1.288092E-02   -9.346898E-03    3.168606E-02   -3.307024E-03
   -8.881016E-03   -9.033540E-03   -1.247431E-02   -6.905782E-03    3.054087E-02   -3.794502E-03
   -8.449418E-03   -8.602775E-03   -1.206245E-02   -4.512362E-03    2.926050E-02   -4.274312E-03
   -8.012614E-03   -8.166819E-03   -1.164573E-02   -2.167728E-03    2.785139E-02   -4.730525E-03
   -7.571014E-03   -7.726082E-03   -1.122455E-02    1.270252E-04    2.632055E-02   -5.145318E-03
   -7.125044E-03   -7.280989E-03   -1.079934E-02    2.370800E-03    2.467555E-02   -5.505480E-03
   -6.675148E-03   -6.831985E-03   -1.037054E-02    4.562501E-03    2.292446E-02   -5.800834E-03
   -6.221785E-03   -6.379528E-03   -9.938613E-03    6.701033E-03    2.107587E-02   -6.026456E-03
   -5.765425E-03   -5.924089E-03   -9.504017E-03    8.785305E-03    1.913883E-02   -6.178019E-03
   -5.306550E-03   -5.466149E-03   -9.067234E-03    1.081423E-02    1.712286E-02   -6.260316E-03
   -4.845651E-03   -5.006198E-03   -8.628751E-03    1.278675E-02    1.503784E-02   -6.275072E-03
   -4.383226E-03   -4.544736E-03   -8.189061E-03    1.470178E-02    1.289404E-02   -6.231286E-03
   -3.919780E-03   -4.082266E-03   -7.748664E-03    1.655828E-02    1.070204E-02   -6.138825E-03
   -3.455819E-03   -3.619294E-03   -7.308059E-03    1.835522E-02    8.472674E-03   -6.009331E-03
   -2.991852E-03   -3.156329E-03   -6.867752E-03    2.009159E-02    6.217003E-03   -5.856763E-03
   -2.528387E-03   -2.693879E-03   -6.428243E-03    2.176641E-02    3.946231E-03   -5.692917E-03
   -2.065929E-03   -2.232449E-03   -5.990032E-03    2.337870E-02    1.671655E-03   -5.530994E-03
   -1.604982E-03   -1.772542E-03   -5.553615E-03    2.492754E-02   -5.953962E-04   -5.381559E-03
   -1.146042E-03   -1.314653E-03   -5.119481E-03    2.641204E-02   -2.843635E-03   -5.260115E-03
   -6.895960E-04   -8.592707E-04   -4.688112E-03    2.783132E-02   -5.061877E-03   -5.163699E-03
   -2.361252E-04   -4.068746E-04   -4.259980E-03    2.918458E-02   -7.239116E-03   -5.109917E-03
    2.139016E-04    4.206643E-05   -3.835546E-03    3.047102E-02   -9.364592E-03   -5.089472E-03
    6.600270E-04    4.870953E-04   -3.415262E-03    3.168993E-02   -1.142786E-02   -5.109278E-03
    1.101807E-03    9.277684E-04   -2.999562E-03    3.284061E-02   -1.341888E-02   -5.158707E-03
    1.538812E-03    1.363656E-03   -2.588869E-03    3.392245E-02   -1.532804E-02   -5.242254E-03
    1.970627E-03    1.794345E-03   -2.183589E-03    3.493487E-02   -1.714628E-02   -5.339623E-03
    2.396856E-03    2.219437E-03   -1.784113E-03    3.587735E-02   -1.886514E-02   -5.450787E-03
    2.817117E-03    2.638553E-03   -1.390812E-03    3.674946E-02   -2.047680E-02   -5.564077E-03
    3.231048E-03    3.051331E-03   -1.004042E-03    3.755080E-02   -2.197415E-02   -5.668305E-03
    3.638306E-03    3.457427E-03   -6.241373E-04    3.828107E-02   -2.335088E-02   -5.753583E-03
    4.038566E-03    3.856517E-03   -2.514158E-04    3.894002E-02   -2.460149E-02   -5.810898E-03
    4.431524E-03    4.248296E-03    1.138255E-04    3.952750E-02   -2.572133E-02   -5.833012E-03
    4.816894E-03    4.632480E-03    4.713092E-04    4.004339E-02   -2.670669E-02   -5.807735E-03
    5.194411E-03    5.008805E-03    8.207776E-04    4.048771E-02   -2.755476E-02   -5.748300E-03
    5.563831E-03    5.377025E-03    1.161993E-03    4.086051E-02   -2.826372E-02   -5.639829E-03
    5.924928E-03    5.736917E-03    1.494738E-03    4.116195E-02   -2.883273E-02   -5.491002E-03
    6.277499E-03    6.088275E-03    1.818815E-03    4.139226E-02   -2.926192E-02   -5.301801E-03
    6.621358E-03    6.430916E-03    2.134046E-03    4.155178E-02   -2.955243E-02   -5.079813E-03
    6.956340E-03    6.764674E-03    2.440272E-03    4.164091E-02   -2.970638E-02   -4.839019E-03
    7.282298E-03    7.089403E-03    2.737353E-03    4.166016E-02   -2.972684E-02   -4.579341E-03
    7.599106E-03    7.404976E-03    3.025169E-03    4.161011E-02   -2.961784E-02   -4.319175E-03
    7.906653E-03    7.711285E-03    3.303615E-03    4.149145E-02   -2.938433E-02   -4.052877E-03
    8.204850E-03    8.008237E-03    3.572607E-03    4.130495E-02   -2.903211E-02   -3.816505E-03
    8.493621E-03    8.295760E-03    3.832077E-03    4.105147E-02   -2.856780E-02   -3.618761E-03
    8.772908E-03    8.573795E-03    4.081971E-03    4.073197E-02   -2.799881E-02   -3.427518E-03
    9.042670E-03    8.842301E-03    4.322253E-03    4.034749E-02   -2.733322E-02   -3.286324E-03
    9.302881E-03    9.101251E-03    4.552903E-03    3.989916E-02   -2.657976E-02   -3.200949E-03
    9.553527E-03    9.350634E-03    4.773912E-03    3.938821E-02   -2.574769E-02   -3.149158E-03
    9.794610E-03    9.590451E-03    4.985286E-03    3.881596E-02   -2.484677E-02   -3.127400E-03
    1.002615E-02    9.820716E-03    5.187045E-03    3.818379E-02   -2.388711E-02   -3.175999E-03
    1.024816E-02    1.004146E-02    5.379220E-03    3.749321E-02   -2.287913E-02   -3.238907E-03
    1.046069E-02    1.025271E-02    5.561853E-03    3.674577E-02   -2.183344E-02   -3.357137E-03
    1.066378E-02    1.045452E-02    5.734997E-03    3.594314E-02   -2.076075E-02   -3.483550E-03
    1.085750E-02    1.064696E-02    5.898714E-03    3.508704E-02   -1.967176E-02   -3.617007E-03
    1.104191E-02    1.083009E-02    6.053076E-03    3.417929E-02   -1.857711E-02   -3.783999E-03
    1.121708E-02    1.100398E-02    6.198163E-03    3.322177E-02   -1.748719E-02   -3.937055E-03
    1.138311E-02    1.116872E-02    6.334064E-03    3.221645E-02   -1.641214E-02   -4.078814E-03
    1.154008E-02    1.132440E-02    6.460872E-03    3.116535E-02   -1.536169E-02   -4.205680E-03
    1.168809E-02    1.147112E-02    6.578690E-03    3.007058E-02   -1.434511E-02   -4.307776E-03
    1.182725E-02    1.160899E-02    6.687624E-03    2.893429E-02   -1.337111E-02   -4.380699E-03
    1.195766E-02    1.173811E-02    6.787787E-03    2.775871E-02   -1.244774E-02   -4.418953E-03
    1.207944E-02    1.185859E-02    6.879296E-03    2.654612E-02   -1.158235E-02   -4.414242E-03
    1.219271E-02    1.197057E-02    6.962272E-03    2.529885E-02   -1.078153E-02   -4.396890E-03
    1.229758E-02    1.207415E-02    7.036840E-03    2.401929E-02   -1.005098E-02   -4.344970E-03
    1.239420E-02    1.216946E-02    7.103129E-03    2.270986E-02   -9.395569E-03   -4.258324E-03
    1.248267E-02    1.225663E-02    7.161269E-03    2.137304E-02   -8.819194E-03   -4.150032E-03
    1.256313E-02    1.233580E-02    7.211395E-03    2.001133E-02   -8.324812E-03   -4.032244E-03
    1.263573E-02    1.240710E-02    7.253641E-03    1.862728E-02   -7.914397E-03   -3.905530E-03
    1.270058E-02    1.247065E-02    7.288145E-03    1.722345E-02   -7.588929E-03   -3.774296E-03
    1.275783E-02    1.252660E-02    7.315046E-03    1.580243E-02   -7.348399E-03   -3.650815E-03
    1.280762E-02    1.257509E-02    7.334483E-03    1.436685E-02   -7.191823E-03   -3.537636E-03
    1.285008E-02    1.261625E-02    7.346598E-03    1.291932E-02   -7.117251E-03   -3.440743E-03
    1.288535E-02    1.265022E-02    7.351530E-03    1.146248E-02   -7.121810E-03   -3.363590E-03
    1.291357E-02    1.267714E-02    7.349422E-03    9.998982E-03   -7.201741E-03   -3.308080E-03
    1.293488E-02    1.269715E-02    7.340415E-03    8.531458E-03   -7.352454E-03   -3.273961E-03
    1.294943E-02    1.271039E-02    7.324652E-03    7.062547E-03   -7.568585E-03   -3.258550E-03
    1.295733E-02    1.271700E-02    7.302272E-03    5.594875E-03   -7.844065E-03   -3.258078E-03
    1.295875E-02    1.271712E-02    7.273417E-03    4.131053E-03   -8.172202E-03   -3.267139E-03
    1.295381E-02    1.271088E-02    7.238228E-03    2.673671E-03   -8.545756E-03   -3.279333E-03
    1.294266E-02    1.269843E-02    7.196843E-03    1.225294E-03   -8.957039E-03   -3.287783E-03
    1.292542E-02    1.267989E-02    7.149403E-03   -2.115425E-04   -9.397999E-03   -3.285049E-03
    1.290224E-02    1.265541E-02    7.096044E-03   -1.634340E-03   -9.860332E-03   -3.265657E-03
    1.287324E-02    1.262512E-02    7.036904E-03   -3.040640E-03   -1.033555E-02   -3.226534E-03
    1.283857E-02    1.258916E-02    6.972118E-03   -4.428029E-03   -1.081515E-02   -3.163801E-03
    1.279836E-02    1.254765E-02    6.901822E-03   -5.794144E-03   -1.129064E-02   -3.075631E-03
    1.275273E-02    1.250073E-02    6.826148E-03   -7.136678E-03   -1.175369E-02   -2.967461E-03
    1.270182E-02    1.244853E-02    6.745228E-03   -8.453384E-03   -1.219622E-02   -2.838952E-03
    1.264576E-02    1.239117E-02    6.659194E-03   -9.742077E-03   -1.261049E-02   -2.643743E-03
    1.258466E-02    1.232879E-02    6.568174E-03   -1.100065E-02   -1.298919E-02   -2.475626E-03
    1.251867E-02    1.226151E-02    6.472297E-03   -1.222705E-02   -1.332556E-02   -2.422414E-03
    1.244790E-02    1.218945E-02    6.371687E-03   -1.341933E-02   -1.361342E-02   -2.244702E-03
    1.237247E-02    1.211274E-02    6.266472E-03   -1.457560E-02   -1.384726E-02   -2.200061E-03
    1.229251E-02    1.203150E-02    6.156772E-03   -1.569407E-02   -1.402234E-02   -2.094140E-03
    1.220813E-02    1.194584E-02    6.042711E-03   -1.677303E-02   -1.413468E-02   -2.046177E-03
    1.211946E-02    1.185589E-02    5.924408E-03   -1.781088E-02   -1.418116E-02   -2.112530E-03
    1.202661E-02    1.176176E-02    5.801981E-03   -1.880611E-02   -1.415954E-02   -2.124858E-03
    1.192969E-02    1.166357E-02    5.675548E-03   -1.975730E-02   -1.406843E-02   -2.172288E-03
    1.182882E-02    1.156142E-02    5.545223E-03   -2.066314E-02   -1.390740E-02   -2.361123E-03
    1.172410E-02    1.145544E-02    5.411120E-03   -2.152243E-02   -1.367690E-02   -2.497015E-03
    1.161566E-02    1.134573E-02    5.273350E-03   -2.233408E-02   -1.337827E-02   -2.637634E-03
    1.150359E-02    1.123239E-02    5.132024E-03   -2.309711E-02   -1.301374E-02   -2.737816E-03
    1.138800E-02    1.111554E-02    4.987250E-03   -2.381064E-02   -1.258637E-02   -2.903256E-03
    1.126900E-02    1.099528E-02    4.839135E-03   -2.447394E-02   -1.210001E-02   -2.959284E-03
    1.114670E-02    1.087172E-02    4.687784E-03   -2.508635E-02   -1.155925E-02   -3.064422E-03
    1.102118E-02    1.074495E-02    4.533300E-03   -2.564737E-02   -1.096938E-02   -3.084154E-03
    1.089255E-02    1.061507E-02    4.375786E-03   -2.615660E-02   -1.033627E-02   -3.063528E-03
    1.076092E-02    1.048218E-02    4.215342E-03   -2.661376E-02   -9.666338E-03   -2.997514E-03
    1.062637E-02    1.034639E-02    4.052066E-03   -2.701870E-02   -8.966432E-03   -2.898835E-03
    1.048900E-02    1.020778E-02    3.886056E-03   -2.737138E-02   -8.243758E-03   -2.770585E-03
    1.034890E-02    1.006644E-02    3.717406E-03   -2.767188E-02   -7.505795E-03   -2.611049E-03
    9.703920E-03    9.416053E-03    2.948141E-03   -2.838158E-02   -4.277530E-03   -1.979313E-03
    9.015522E-03    8.722321E-03    2.137350E-03   -2.813759E-02   -1.526431E-03   -1.856521E-03
    8.290544E-03    7.992087E-03    1.292044E-03   -2.702578E-02    2.488098E-04   -1.979804E-03
    7.535280E-03    7.231652E-03    4.186986E-04   -2.516898E-02    7.843564E-04   -1.809770E-03
    6.755514E-03    6.446807E-03   -4.767257E-04   -2.272017E-02    9.806017E-05   -1.495187E-03
    5.956545E-03    5.642857E-03   -1.388751E-03   -1.985412E-02   -1.530462E-03   -1.545006E-03
    5.143218E-03    4.824654E-03   -2.312355E-03   -1.675753E-02   -3.648322E-03   -1.879274E-03
    4.319949E-03    3.996623E-03   -3.242945E-03   -1.361846E-02   -5.746439E-03   -1.864403E-03
    3.490756E-03    3.162788E-03   -4.176327E-03   -1.061542E-02   -7.379426E-03   -1.408423E-03
    2.659281E-03    2.326799E-03   -5.108684E-03   -7.907072E-03   -8.255131E-03   -1.032675E-03
    1.828820E-03    1.491956E-03   -6.036549E-03   -5.622877E-03   -8.275832E-03   -1.043847E-03
    1.002341E-03    6.612377E-04   -6.956782E-03   -3.855672E-03   -7.528824E-03   -1.157362E-03
    1.825126E-04   -1.626836E-04   -7.866545E-03   -2.656417E-03   -6.238293E-03   -1.083936E-03
   -6.282793E-04   -9.774136E-04   -8.763284E-03   -2.031882E-03   -4.698064E-03   -9.586585E-04
   -1.427908E-03   -1.780819E-03   -9.644706E-03   -1.945294E-03   -3.203142E-03   -1.030764E-03
   -2.214487E-03   -2.571007E-03   -1.050876E-02   -2.320107E-03   -1.994715E-03   -1.046827E-03
   -2.986353E-03   -3.346309E-03   -1.135362E-02   -3.046680E-03   -1.220096E-03   -6.474879E-04
   -3.742050E-03   -4.105259E-03   -1.217767E-02   -3.991473E-03   -9.113691E-04   -4.100803E-04
   -4.480308E-03   -4.846585E-03   -1.297949E-02   -5.008119E-03   -9.809694E-04   -5.853641E-04
   -5.200037E-03   -5.569186E-03   -1.375782E-02   -5.949515E-03   -1.242019E-03   -7.212763E-04
   -5.900302E-03   -6.272126E-03   -1.451159E-02   -6.680001E-03   -1.457773E-03   -5.313867E-04
   -6.580322E-03   -6.954613E-03   -1.523985E-02   -7.086612E-03   -1.410948E-03   -4.507920E-04
   -7.239446E-03   -7.615992E-03   -1.594180E-02   -7.088402E-03   -9.922736E-04   -4.855250E-04
   -7.877150E-03   -8.255733E-03   -1.661678E-02   -6.642999E-03   -2.537101E-04   -2.614977E-04
   -8.493022E-03   -8.873419E-03   -1.726423E-02   -5.749748E-03    5.810058E-04   -7.488048E-05
   -9.086756E-03   -9.468735E-03   -1.788370E-02   -4.449077E-03    1.187829E-03   -2.285739E-04
   -9.658138E-03   -1.004146E-02   -1.847484E-02   -2.818099E-03    1.280788E-03   -3.046822E-04
   -1.020704E-02   -1.059147E-02   -1.903738E-02   -9.628056E-04    7.697349E-04   -9.984608E-05
   -1.073341E-02   -1.111870E-02   -1.957112E-02    9.924314E-04   -1.734783E-04   -1.743864E-05
   -1.123727E-02   -1.162316E-02   -2.007598E-02    2.917025E-03   -1.140034E-03   -1.077205E-07
   -1.171871E-02   -1.210494E-02   -2.055188E-02    4.686795E-03   -1.650892E-03    1.683916E-04
   -1.217787E-02   -1.256417E-02   -2.099885E-02    6.195729E-03   -1.383666E-03    1.501557E-04
   -1.261493E-02   -1.300104E-02   -2.141694E-02    7.365664E-03   -3.567576E-04    2.569572E-05
   -1.303013E-02   -1.341578E-02   -2.180628E-02    8.152834E-03    1.074550E-03    1.148067E-04
   -1.342377E-02   -1.380866E-02   -2.216702E-02    8.550610E-03    2.350123E-03    3.180447E-04
   -1.379614E-02   -1.417999E-02   -2.249934E-02    8.588181E-03    3.003003E-03    2.878480E-04
   -1.414759E-02   -1.453011E-02   -2.280349E-02    8.325367E-03    2.903356E-03    3.203939E-04
   -1.447851E-02   -1.485939E-02   -2.307970E-02    7.844371E-03    2.313881E-03    4.493510E-04
   -1.478928E-02   -1.516823E-02   -2.332828E-02    7.239391E-03    1.730806E-03    3.015999E-04
   -1.508033E-02   -1.545703E-02   -2.354952E-02    6.605596E-03    1.579308E-03    4.298760E-04
   -1.535209E-02   -1.572623E-02   -2.374375E-02    6.028784E-03    1.961096E-03    5.609007E-04
   -1.560502E-02   -1.597627E-02   -2.391130E-02    5.577044E-03    2.612211E-03    5.068143E-04
   -1.583957E-02   -1.620761E-02   -2.405255E-02    5.295370E-03    3.097182E-03    5.259963E-04
   -1.605622E-02   -1.642072E-02   -2.416785E-02    5.203760E-03    3.117388E-03    5.751618E-04
   -1.625546E-02   -1.661607E-02   -2.425758E-02    5.298755E-03    2.709439E-03    5.814566E-04
   -1.643776E-02   -1.679414E-02   -2.432213E-02    5.557867E-03    2.224977E-03    7.027424E-04
   -1.660362E-02   -1.695542E-02   -2.436189E-02    5.945932E-03    2.067981E-03    7.183316E-04
   -1.675354E-02   -1.710040E-02   -2.437725E-02    6.422152E-03    2.425881E-03    7.018379E-04
   -1.688799E-02   -1.722956E-02   -2.436862E-02    6.946609E-03    3.154486E-03    7.758799E-04
   -1.700749E-02   -1.734339E-02   -2.433639E-02    7.485208E-03    3.896757E-03    8.167602E-04
   -1.711251E-02   -1.744237E-02   -2.428096E-02    8.012567E-03    4.329685E-03    8.369990E-04
   -1.720355E-02   -1.752699E-02   -2.420274E-02    8.511985E-03    4.498145E-03    8.641112E-04
   -1.728108E-02   -1.759772E-02   -2.410211E-02    8.975158E-03    4.133314E-03    9.991001E-04
   -1.734560E-02   -1.765504E-02   -2.397948E-02    9.398710E-03    4.014177E-03    9.124606E-04
   -1.739757E-02   -1.769941E-02   -2.383523E-02    9.782187E-03    3.793495E-03    1.095659E-03
   -1.743746E-02   -1.773130E-02   -2.366976E-02    1.012599E-02    3.903904E-03    9.657507E-04
   -1.746573E-02   -1.775115E-02   -2.348345E-02    1.043171E-02    4.132728E-03    9.773421E-04
   -1.748283E-02   -1.775942E-02   -2.327667E-02    1.070177E-02    4.350895E-03    1.023023E-03
   -1.748921E-02   -1.775655E-02   -2.304980E-02    1.094171E-02    4.448605E-03    1.166696E-03
   -1.748531E-02   -1.774295E-02   -2.280320E-02    1.116146E-02    4.443509E-03    1.055130E-03
   -1.747155E-02   -1.771907E-02   -2.253724E-02    1.137557E-02    4.432278E-03    1.087753E-03
   -1.744836E-02   -1.768530E-02   -2.225228E-02    1.160160E-02    4.577620E-03    1.087178E-03
   -1.741614E-02   -1.764205E-02   -2.194866E-02    1.185650E-02    4.918041E-03    1.139107E-03
   -1.737529E-02   -1.758972E-02   -2.162672E-02    1.215149E-02    5.320322E-03    1.168991E-03
   -1.732621E-02   -1.752868E-02   -2.128681E-02    1.248699E-02    5.515691E-03    1.171075E-03
   -1.726928E-02   -1.745932E-02   -2.092925E-02    1.284938E-02    5.381749E-03    1.198754E-03
   -1.720486E-02   -1.738200E-02   -2.055436E-02    1.321010E-02    5.076023E-03    1.218642E-03
   -1.713333E-02   -1.729707E-02   -2.016246E-02    1.353181E-02    4.933129E-03    1.299898E-03
   -1.705503E-02   -1.720487E-02   -1.975388E-02    1.377515E-02    7.297605E-03    1.254127E-03
   -1.697031E-02   -1.710575E-02   -1.932890E-02    1.391048E-02    5.508545E-03    1.355365E-03
   -1.687950E-02   -1.700002E-02   -1.888782E-02    1.392833E-02    5.735943E-03    1.302898E-03
   -1.678293E-02   -1.688800E-02   -1.843096E-02    1.384614E-02    5.719644E-03    1.342200E-03
   -1.668090E-02   -1.677000E-02   -1.795858E-02    1.370844E-02    5.627547E-03    1.440759E-03
   -1.657373E-02   -1.664631E-02   -1.747098E-02    1.357908E-02    5.763882E-03    1.375623E-03
   -1.646170E-02   -1.651722E-02   -1.696843E-02    1.352667E-02    6.059863E-03    1.378163E-03
   -1.634510E-02   -1.638300E-02   -1.645121E-02    1.360645E-02    6.264373E-03    1.402701E-03
   -1.622421E-02   -1.624392E-02   -1.591958E-02    1.384388E-02    6.167638E-03    1.406934E-03
   -1.609930E-02   -1.610025E-02   -1.537382E-02    1.422522E-02    5.969211E-03    1.452860E-03
   -1.597062E-02   -1.595222E-02   -1.481418E-02    1.469898E-02    5.950245E-03    1.497984E-03
   -1.583843E-02   -1.580007E-02   -1.424092E-02    1.518869E-02    6.157437E-03    1.492030E-03
   -1.570296E-02   -1.564405E-02   -1.365429E-02    1.561502E-02    6.401107E-03    1.486127E-03
   -1.556445E-02   -1.548437E-02   -1.305456E-02    1.591874E-02    6.860802E-03    1.651735E-03
   -1.542312E-02   -1.532124E-02   -1.244196E-02    1.607926E-02    6.546434E-03    2.671071E-03
   -1.527919E-02   -1.515487E-02   -1.181675E-02    1.612008E-02    6.635951E-03    1.561078E-03
   -1.513286E-02   -1.498545E-02   -1.117917E-02    1.610099E-02    6.651028E-03    1.560023E-03
   -1.498434E-02   -1.481319E-02   -1.052947E-02    1.609544E-02    6.738165E-03    1.562772E-03
   -1.483382E-02   -1.463825E-02   -9.867895E-03    1.616503E-02    6.779233E-03    1.590359E-03
   -1.468149E-02   -1.446081E-02   -9.194687E-03    1.633562E-02    6.745892E-03    1.937771E-03
   -1.452752E-02   -1.428104E-02   -8.510089E-03    1.658912E-02    6.727604E-03    1.543306E-03
   -1.437208E-02   -1.409910E-02   -7.814347E-03    1.687538E-02    6.870151E-03    1.630308E-03
   -1.421534E-02   -1.391514E-02   -7.107706E-03    1.712762E-02    7.088476E-03    1.647412E-03
   -1.405747E-02   -1.372931E-02   -6.390412E-03    1.729054E-02    7.183390E-03    1.958967E-03
   -1.389860E-02   -1.354174E-02   -5.662713E-03    1.734508E-02    7.461633E-03    1.667873E-03
   -1.373888E-02   -1.335256E-02   -4.924858E-03    1.732617E-02    7.096889E-03    1.732969E-03
   -1.357846E-02   -1.316191E-02   -4.177099E-03    1.728825E-02    7.223073E-03    1.939360E-03
   -1.341746E-02   -1.296990E-02   -3.419691E-03    1.729603E-02    1.416100E-02    1.809817E-03
   -1.325602E-02   -1.277664E-02   -2.652891E-03    1.739474E-02    7.612317E-03    1.753783E-03
   -1.309426E-02   -1.258225E-02   -1.876960E-03    1.759201E-02    7.306199E-03    1.734434E-03
   -1.293229E-02   -1.238682E-02   -1.092162E-03    1.784972E-02    7.470316E-03    1.748200E-03
   -1.277022E-02   -1.219045E-02   -2.987649E-04    1.812448E-02    7.650995E-03    1.758944E-03
   -1.260816E-02   -1.199323E-02    5.029576E-04    1.836214E-02    7.608635E-03    1.795224E-03
   -1.244622E-02   -1.179525E-02    1.312729E-03    1.853474E-02    7.561229E-03    1.785726E-03
   -1.228448E-02   -1.159659E-02    2.130266E-03    1.865173E-02    7.619913E-03    1.822318E-03
   -1.212304E-02   -1.139733E-02    2.955282E-03    1.872251E-02    7.705383E-03    1.904819E-03
   -1.196200E-02   -1.119753E-02    3.787484E-03    1.878963E-02    7.745597E-03    1.837187E-03
   -1.180142E-02   -1.099726E-02    4.626573E-03    1.885575E-02    7.777677E-03    1.966174E-03
   -1.164139E-02   -1.079659E-02    5.472245E-03    1.894968E-02    7.878945E-03    1.860522E-03
   -1.148199E-02   -1.059557E-02    6.324188E-03    1.906111E-02    7.940847E-03    1.880449E-03
   -1.132329E-02   -1.039426E-02    7.182086E-03    1.917597E-02    7.987569E-03    1.960204E-03
   -1.116536E-02   -1.019271E-02    8.045614E-03    1.928644E-02    8.008990E-03    1.655465E-03
   -1.100825E-02   -9.990962E-03    8.914441E-03    1.939023E-02    8.031831E-03    1.889722E-03
   -1.085204E-02   -9.789057E-03    9.788231E-03    1.949018E-02    8.293518E-03    1.900364E-03
   -1.069677E-02   -9.587037E-03    1.066664E-02    1.958080E-02    8.139086E-03    1.902405E-03
   -1.054251E-02   -9.384935E-03    1.154931E-02    1.966960E-02    8.175326E-03    1.914316E-03
   -1.038930E-02   -9.182784E-03    1.243589E-02    1.976386E-02    8.241881E-03    1.926572E-03
   -1.023720E-02   -8.980613E-03    1.332602E-02    1.987919E-02    8.311463E-03    2.035345E-03
   -1.008624E-02   -8.778446E-03    1.421931E-02    2.001352E-02    8.272447E-03    2.398055E-03
   -9.936481E-03   -8.576305E-03    1.511538E-02    2.017167E-02    8.335249E-03    1.993147E-03
   -9.787953E-03   -8.374212E-03    1.601386E-02    2.032513E-02    8.409934E-03    9.474969E-04
   -9.640696E-03   -8.172181E-03    1.691435E-02    2.044913E-02    1.259849E-02    2.556773E-03
   -9.494747E-03   -7.970227E-03    1.781643E-02    2.051881E-02    8.450408E-03    2.817803E-03
   -9.350140E-03   -7.768362E-03    1.871972E-02    2.054317E-02    8.513690E-03    2.011770E-03
   -9.206906E-03   -7.566594E-03    1.962378E-02    2.057231E-02    8.595489E-03    1.981570E-03
   -9.065075E-03   -7.364931E-03    2.052821E-02    2.064390E-02    8.549275E-03    2.100202E-03
   -8.924676E-03   -7.163375E-03    2.143257E-02    2.075237E-02    8.619177E-03    2.221103E-03
   -8.785734E-03   -6.961930E-03    2.233643E-02    2.089120E-02    8.853423E-03    2.466210E-03
   -8.648274E-03   -6.760596E-03    2.323935E-02    2.102023E-02    8.678774E-03    2.040135E-03
   -8.512319E-03   -6.559371E-03    2.414088E-02    2.109040E-02    9.329125E-03    2.077800E-03
   -8.377891E-03   -6.358251E-03    2.504059E-02    2.115719E-02    9.827581E-03    2.061387E-03
   -8.245010E-03   -6.157231E-03    2.593801E-02    2.123220E-02    8.776925E-03    9.303865E-04
   -8.113694E-03   -5.956303E-03    2.683269E-02    2.133197E-02    8.935709E-03    2.074982E-03
   -7.983961E-03   -5.755459E-03    2.772417E-02    2.145000E-02    8.890607E-03    2.083714E-03
   -7.855829E-03   -5.554689E-03    2.861199E-02    2.179692E-02    8.879417E-03    2.304772E-03
   -7.729313E-03   -5.353981E-03    2.949568E-02    2.165663E-02    8.942950E-03    4.510599E-03
   -7.604428E-03   -5.153322E-03    3.037479E-02    2.168483E-02    9.040848E-03    2.286188E-03
   -7.481188E-03   -4.952698E-03    3.124883E-02    2.172162E-02    9.275880E-03    3.490837E-03
   -7.359606E-03   -4.752095E-03    3.211735E-02    2.179207E-02    9.039547E-03    2.098374E-03
   -7.239696E-03   -4.551495E-03    3.297987E-02    2.190532E-02    9.086136E-03    1.413793E-03
   -7.121469E-03   -4.350882E-03    3.383595E-02    2.198734E-02    9.076675E-03    2.154222E-03
   -7.004937E-03   -4.150238E-03    3.468510E-02    2.208072E-02    9.187908E-03    2.143178E-03
   -6.890113E-03   -3.949544E-03    3.552689E-02    2.239434E-02    9.715580E-03    2.151215E-03
   -6.777008E-03   -3.748781E-03    3.636085E-02    2.222404E-02    9.203189E-03    2.157471E-03
   -6.665633E-03   -3.547930E-03    3.718653E-02    2.230100E-02    9.265211E-03    2.107857E-03
   -6.555999E-03   -3.346970E-03    3.800349E-02    2.242049E-02    9.470788E-03    1.873695E-03
   -6.448118E-03   -3.145880E-03    3.881130E-02    2.246496E-02    9.282415E-03    2.028412E-03
   -6.342002E-03   -2.944641E-03    3.960954E-02    2.255589E-02    9.317357E-03    2.175038E-03
   -6.237663E-03   -2.743232E-03    4.039777E-02    2.259835E-02    9.601587E-03    2.190612E-03
   -6.135113E-03   -2.541631E-03    4.117560E-02    2.265326E-02    9.694622E-03    1.998024E-03
   -6.034366E-03   -2.339819E-03    4.194264E-02    2.272303E-02    9.408460E-03    2.190431E-04
   -5.935434E-03   -2.137775E-03    4.269848E-02    2.280949E-02    9.559335E-03    2.415457E-03
   -5.838333E-03   -1.935479E-03    4.344278E-02    2.290766E-02    9.468409E-03    2.579867E-03
   -5.743078E-03   -1.732913E-03    4.417517E-02    2.296327E-02    1.021258E-02    4.316802E-03
   -5.649686E-03   -1.530058E-03    4.489531E-02    2.307827E-02    9.527070E-03    1.677382E-03
   -5.558173E-03   -1.326895E-03    4.560289E-02    2.310513E-02    9.603806E-03    1.649269E-03
   -5.468560E-03   -1.123410E-03    4.629758E-02    2.318095E-02    9.581440E-03    2.372763E-03
   -5.380867E-03   -9.195855E-04    4.697912E-02    2.320877E-02    9.582956E-03    2.140373E-03
   -5.295115E-03   -7.154081E-04    4.764724E-02    2.327957E-02    9.633772E-03    1.935994E-03
   -5.211329E-03   -5.108651E-04    4.830168E-02    2.334255E-02    9.783050E-03    5.454984E-03
   -5.129535E-03   -3.059456E-04    4.894222E-02    2.339170E-02    9.914942E-03    2.339732E-03
   -5.049760E-03   -1.006405E-04    4.956867E-02    2.347838E-02    9.738200E-03    2.240555E-03
   -4.972036E-03    1.050570E-04    5.018084E-02    2.353250E-02    9.729269E-03    2.154670E-03
   -4.896395E-03    3.111514E-04    5.077859E-02    2.361115E-02    9.749245E-03   -4.995205E-03
   -4.822872E-03    5.176448E-04    5.136176E-02    2.366525E-02    9.824839E-03   -5.883132E-04
   -4.751508E-03    7.245364E-04    5.193027E-02    2.372956E-02    9.880341E-03    2.787217E-03
   -4.682342E-03    9.318221E-04    5.248403E-02    2.384339E-02    9.986526E-03    2.524450E-03
   -4.615422E-03    1.139495E-03    5.302299E-02    2.383108E-02    9.847791E-03    3.137226E-03
   -4.550795E-03    1.347544E-03    5.354711E-02    2.387134E-02    9.867636E-03    2.563009E-03
   -4.488515E-03    1.555954E-03    5.405638E-02    2.397709E-02    9.889582E-03    2.323696E-03
   -4.428638E-03    1.764707E-03    5.455083E-02    2.399374E-02    1.020685E-02    2.322730E-03
   -4.371228E-03    1.973778E-03    5.503050E-02    2.407676E-02    1.005316E-02    2.214919E-03
   -4.316350E-03    2.183138E-03    5.549546E-02    2.410347E-02    1.004101E-02    2.336149E-03
   -4.264077E-03    2.392755E-03    5.594579E-02    2.421696E-02    9.979950E-03   -4.831776E-01
   -4.214487E-03    2.602587E-03    5.638162E-02    2.419177E-02    1.001743E-02    2.352225E-03
   -4.167662E-03    2.812588E-03    5.680307E-02    2.426153E-02    1.002010E-02   -6.897798E-03
   -4.123692E-03    3.022707E-03    5.721029E-02    2.435068E-02    1.003829E-02    2.085289E-03
   -4.082676E-03    3.232882E-03    5.760347E-02    2.435816E-02    1.007287E-02    2.410888E-03
   -4.044717E-03    3.443045E-03    5.798278E-02    2.450848E-02    1.008273E-02    2.466548E-03
   -4.009926E-03    3.653121E-03    5.834844E-02    2.442801E-02    1.039496E-02   -1.013963E-02
   -3.978425E-03    3.863025E-03    5.870064E-02    2.452482E-02    1.030086E-02    2.209329E-03
   -3.950342E-03    4.072661E-03    5.903962E-02    2.454828E-02    1.013030E-02    2.364634E-03
   -3.925816E-03    4.281926E-03    5.936561E-02    2.462700E-02    1.014678E-02    2.416665E-03
   -3.904997E-03    4.490702E-03    5.967884E-02    2.498841E-02    1.016938E-02   -3.120285E-03
   -3.888042E-03    4.698863E-03    5.997953E-02    2.467861E-02    1.019673E-02    2.338178E-03
   -3.875124E-03    4.906269E-03    6.026794E-02    2.470918E-02    1.110889E-02    2.463582E-03
   -3.866426E-03    5.112765E-03    6.054427E-02    2.492629E-02    1.024948E-02    2.473711E-03
   -3.862144E-03    5.318185E-03    6.080874E-02    2.474172E-02    9.684609E-03    2.405501E-03
   -3.862488E-03    5.522344E-03    6.106155E-02    2.482564E-02    1.116207E-02    2.414313E-03
   -3.867683E-03    5.725044E-03    6.130288E-02    2.485607E-02    1.027725E-02    2.567640E-03
   -3.877970E-03    5.926067E-03    6.153289E-02    2.484834E-02    1.035229E-02    3.109791E-03
   -3.893605E-03    6.125178E-03    6.175171E-02    2.490809E-02    3.057003E-02    1.943169E-03
   -3.914865E-03    6.322121E-03    6.195944E-02    2.487252E-02    1.027303E-02    1.648939E-03
   -3.942043E-03    6.516619E-03    6.215612E-02    2.493103E-02    1.028975E-02    9.567168E-04
   -3.975453E-03    6.708373E-03    6.234179E-02    2.496336E-02    1.047624E-02    1.861369E-03
   -4.015432E-03    6.897060E-03    6.251642E-02    2.757242E-02    1.086658E-02    2.437087E-03
   -4.062337E-03    7.082329E-03    6.267992E-02    2.503183E-02    1.052144E-02    2.764617E-03
   -4.116552E-03    7.263805E-03    6.283217E-02    2.494908E-02    1.030321E-02    1.538220E-03
   -4.178485E-03    7.441080E-03    6.297296E-02    2.497867E-02    1.030884E-02    1.969726E-03
   -4.248573E-03    7.613718E-03    6.310203E-02    2.496621E-02    1.060893E-02   -1.485151E-02
   -4.327279E-03    7.781249E-03    6.321904E-02    2.498004E-02    1.038778E-02    2.490275E-03
   -4.415101E-03    7.943167E-03    6.332361E-02    2.500792E-02    2.155651E-02    1.629472E-03
   -4.512567E-03    8.098929E-03    6.341523E-02    2.509406E-02    1.047110E-02    1.845966E-03
   -4.620241E-03    8.247950E-03    6.349334E-02    2.494098E-02    1.034036E-02    2.596615E-03
   -4.738723E-03    8.389607E-03    6.355729E-02    2.492665E-02    1.029031E-02    2.428443E-03
   -4.868655E-03    8.523227E-03    6.360633E-02    2.603332E-02    1.136711E-02    2.872449E-03
   -5.010718E-03    8.648093E-03    6.363963E-02    2.485888E-02    1.036450E-02    1.850020E-03
   -5.165637E-03    8.763433E-03    6.365625E-02    2.486813E-02    1.028140E-02    2.427260E-03
   -5.334187E-03    8.868423E-03    6.365516E-02    2.730947E-02    1.127203E-02    1.257017E-02
   -5.517189E-03    8.962183E-03    6.363523E-02    2.471500E-02    1.059155E-02    1.776626E-03
   -5.715519E-03    9.043768E-03    6.359522E-02    2.474501E-02    2.157035E-02    2.495127E-03
   -5.930108E-03    9.112172E-03    6.353379E-02    2.591993E-02    1.058323E-02    1.803393E-03
   -6.161946E-03    9.166317E-03    6.344950E-02    2.460698E-02    1.007716E-02    7.293475E-05
   -6.412086E-03    9.205055E-03    6.334078E-02    2.620961E-02    6.605957E-03    4.868002E-03
   -6.681644E-03    9.227160E-03    6.320598E-02    2.435627E-02    1.006924E-02   -3.501509E-02
   -6.971811E-03    9.231323E-03    6.304330E-02    2.427442E-02    9.711194E-03    2.275075E-03
   -7.283846E-03    9.216150E-03    6.285087E-02    2.417193E-02    2.063007E-02    2.733963E-03
   -7.619090E-03    9.180156E-03    6.262668E-02    2.404285E-02    1.062471E-02    3.391103E-03
   -7.978962E-03    9.121759E-03    6.236861E-02    2.392260E-02    1.337324E-02    2.253217E-03
   -8.364971E-03    9.039276E-03    6.207443E-02    2.384580E-02    1.038291E-02    2.305820E-03
   -8.778714E-03    8.930915E-03    6.174178E-02    2.417329E-02    1.060559E-02    2.232259E-03
   -9.221884E-03    8.794773E-03    6.136820E-02    2.355772E-02    9.711293E-03    2.271642E-03
   -9.696275E-03    8.628827E-03    6.095107E-02    2.324875E-02    1.639710E-02    2.231595E-03
   -1.020379E-02    8.430927E-03    6.048768E-02    2.309302E-02    9.529296E-03    2.129539E-02
   -1.074642E-02    8.198795E-03    5.997518E-02    2.286451E-02   -5.617615E-03    2.268018E-03
   -1.132631E-02    7.930013E-03    5.941057E-02    2.263057E-02    1.059855E-02   -3.520839E-02
   -1.194570E-02    7.622019E-03    5.879071E-02    2.537588E-02    9.036972E-03    2.925058E-04
   -1.260696E-02    7.272098E-03    5.811234E-02    2.209364E-02    9.101258E-03    1.974693E-03
   -1.331258E-02    6.877379E-03    5.737202E-02    2.185070E-02    9.553925E-03    2.145404E-03
   -1.406521E-02    6.434826E-03    5.656615E-02    2.154154E-02    9.034267E-03    2.315084E-03
   -1.486763E-02    5.941230E-03    5.569098E-02    2.207031E-02    8.688785E-03    2.331094E-03
   -1.572276E-02    5.393205E-03    5.474256E-02    2.081391E-02    1.060130E-02   -1.538572E-03
   -1.663368E-02    4.787179E-03    5.371676E-02    2.041419E-02    8.426370E-03    2.477797E-02
   -1.760363E-02    4.119390E-03    5.260925E-02    2.003468E-02    8.472821E-03    1.953316E-03
   -1.863600E-02    3.385878E-03    5.141548E-02    2.032383E-02    7.649738E-03    1.891579E-03
   -1.973434E-02    2.582479E-03    5.013071E-02    1.901206E-02    8.578896E-03    2.014736E-03
   -2.090240E-02    1.704824E-03    4.874993E-02    1.854592E-02    7.603703E-03   -1.011689E-02
   -2.214405E-02    7.483289E-04    4.726792E-02    1.796534E-02    1.215950E-02    1.720092E-03
   -2.346338E-02   -2.918060E-04    4.567918E-02    1.751935E-02    7.151560E-03    1.660540E-03
   -2.486463E-02   -1.420599E-03    4.397799E-02    1.680776E-02    6.913398E-03    1.686031E-03
   -2.635222E-02   -2.643288E-03    4.215833E-02    1.624228E-02    6.640474E-03    1.530694E-03
   -2.793073E-02   -3.965333E-03    4.021392E-02    1.543447E-02    6.345429E-03    2.192779E-03
   -2.960494E-02   -5.392413E-03    3.813820E-02    1.459012E-02   -1.066046E-02    1.258344E-03
   -3.137976E-02   -6.930424E-03    3.592437E-02    1.381404E-02    5.681629E-03    5.544501E-03
   -3.326029E-02   -8.585473E-03    3.356530E-02    1.291212E-02    4.761820E-03    9.533868E-03
   -3.525177E-02   -1.036387E-02    3.105366E-02    1.200773E-02    4.963372E-03   -2.117360E-02
   -3.735960E-02   -1.227213E-02    2.838181E-02    1.104931E-02    3.206312E-03    1.361563E-02
   -3.958928E-02   -1.431693E-02    2.554192E-02    1.014370E-02    4.141291E-03    1.719197E-03
   -4.194645E-02   -1.650514E-02    2.252592E-02    8.890488E-03    2.493972E-03   -7.431391E-03
   -4.443685E-02   -1.884375E-02    1.932554E-02    7.798240E-03    8.941603E-03    7.409434E-04
   -4.706629E-02   -2.133990E-02    1.593236E-02    6.503227E-03    2.665304E-03   -1.954591E-03
   -4.984062E-02   -2.400080E-02    1.233784E-02    5.227123E-03    1.782545E-03    2.976135E-02
   -5.276574E-02   -2.683376E-02    8.533348E-03    3.842638E-03    2.336083E-03    1.074473E-03
   -5.584753E-02   -2.984609E-02    4.510223E-03    2.381917E-03   -2.154279E-02   -2.004000E-03
   -5.909181E-02   -3.304511E-02    2.598267E-04    8.423383E-04    7.566483E-04    1.161283E-04
   -6.250436E-02   -3.643807E-02   -4.226399E-03   -7.932048E-04   -9.998569E-04   -1.208515E-04
   -6.609078E-02   -4.003213E-02   -8.956862E-03   -2.480637E-03   -2.311409E-03   -1.061121E-02
   -6.985652E-02   -4.383426E-02   -1.393974E-02   -3.817466E-03   -1.747995E-03   -4.513439E-04
   -7.380679E-02   -4.785122E-02   -1.918292E-02   -6.096610E-03   -2.532216E-03    1.118040E-03
   -7.794651E-02   -5.208947E-02   -2.469389E-02   -6.882625E-03   -3.886864E-03   -2.245895E-04
   -8.228025E-02   -5.655510E-02   -3.047966E-02   -1.003444E-02   -4.223245E-03   -2.085528E-03
   -8.681214E-02   -6.125376E-02   -3.654667E-02   -1.242396E-02   -5.161204E-03    1.667224E-02
   -9.154585E-02   -6.619056E-02   -4.290068E-02   -1.388982E-02   -6.776206E-03   -1.459862E-03
   -9.648446E-02   -7.136999E-02   -4.954667E-02   -1.710295E-02   -3.576267E-03   -7.494327E-03
   -1.016304E-01   -7.679584E-02   -5.648874E-02   -1.776490E-02   -1.174165E-02   -1.649750E-03
   -1.069854E-01   -8.247109E-02   -6.373000E-02   -2.152370E-02   -1.119497E-02    9.875438E-02
   -1.125505E-01   -8.839783E-02   -7.127243E-02   -2.448434E-02   -1.122499E-02   -2.424227E-03
   -1.183255E-01   -9.457712E-02   -7.911684E-02   -2.727282E-02   -1.249702E-02   -4.393718E-02
   -1.243097E-01   -1.010090E-01   -8.726267E-02   -5.572252E-03   -1.256589E-02   -6.416380E-04
   -1.305011E-01   -1.076922E-01   -9.570797E-02   -3.321376E-02   -1.630027E-02   -1.085171E-02
   -1.368966E-01   -1.146243E-01   -1.044492E-01   -3.683678E-02   -1.508032E-02   -2.331414E-03
   -1.434921E-01   -1.218015E-01   -1.134814E-01   -4.003794E-02   -1.654268E-02    1.673869E-03
   -1.502820E-01   -1.292185E-01   -1.227975E-01   -4.341639E-02   -3.542867E-02   -7.634141E-03
   -1.572596E-01   -1.368686E-01   -1.323891E-01   -4.495467E-02   -1.967716E-02   -4.474718E-03
   -1.644169E-01   -1.447435E-01   -1.422457E-01   -5.037454E-02    4.466150E+00   -1.017038E-03
   -1.717445E-01   -1.528332E-01   -1.523550E-01   -5.399502E-02   -1.884998E-02   -1.962647E-02
   -1.792315E-01   -1.611262E-01   -1.627027E-01   -5.768464E-02   -2.330520E-02   -5.603757E-03
   -1.868659E-01   -1.696093E-01   -1.732727E-01   -6.147018E-02   -2.541825E-02   -5.950244E-03
   -1.946341E-01   -1.782679E-01   -1.840468E-01   -6.547784E-02   -2.721588E-02   -6.315015E-03
   -2.025214E-01   -1.870855E-01   -1.950052E-01   -6.918073E-02   -2.861716E-02   -6.698520E-03
   -2.105114E-01   -1.960442E-01   -2.061261E-01   -7.321943E-02   -3.007125E-02   -6.847468E-03
   -2.185871E-01   -2.051246E-01   -2.173860E-01   -7.719994E-02   -3.332872E-02   -7.504621E-03
   -2.267299E-01   -2.143060E-01   -2.287599E-01   -8.140443E-02   -3.408280E-02   -7.896916E-03
   -2.349202E-01   -2.235663E-01   -2.402210E-01   -8.462664E-02   -3.659399E-02    1.609540E-01
   -2.431378E-01   -2.328823E-01   -2.517415E-01   -8.956576E-02   -3.707681E-02   -8.177044E-03
   -2.513614E-01   -2.422299E-01   -2.632923E-01   -9.376165E-02   -3.914860E-02   -9.104548E-03
   -2.595692E-01   -2.515841E-01   -2.748434E-01   -9.790409E-02   -4.040299E-02   -2.345194E-02
   -2.677388E-01   -2.609192E-01   -2.863640E-01   -1.017713E-01   -4.185248E-02   -1.216744E-02
   -2.758476E-01   -2.702092E-01   -2.978228E-01   -1.054944E-01   -3.560363E-02   -1.033933E-02
   -2.838728E-01   -2.794275E-01   -3.091883E-01   -1.101198E-01   -4.646262E-02   -1.123058E-02
   -2.917917E-01   -2.885480E-01   -3.204288E-01   -1.142223E-01   -4.765036E-02   -1.014302E-02
   -2.995815E-01   -2.975441E-01   -3.315131E-01   -1.182071E-01   -4.894859E-02   -1.198770E-02
   -3.072201E-01   -3.063901E-01   -3.424101E-01   -1.219139E-01   -5.908723E-02   -1.181065E-02
   -3.146858E-01   -3.150606E-01   -3.530896E-01   -1.258915E-01   -5.015858E-02   -1.220896E-02
   -3.219577E-01   -3.235310E-01   -3.635225E-01   -1.295246E-01   -5.388870E-02   -1.066820E-02
   -3.290155E-01   -3.317775E-01   -3.736804E-01   -1.331487E-01   -5.511662E-02   -1.323718E-02
   -3.358402E-01   -3.397776E-01   -3.835368E-01   -1.365310E-01   -5.639108E-02   -1.149192E-02
   -3.424137E-01   -3.475099E-01   -3.930662E-01   -1.390020E-01   -5.839469E-02   -1.369548E-02
   -3.487193E-01   -3.549546E-01   -4.022452E-01   -1.435280E-01   -5.927991E-02   -1.383477E-02
   -3.547417E-01   -3.620933E-01   -4.110521E-01   -1.456713E-01   -6.026942E-02   -1.360078E-02
   -3.604667E-01   -3.689091E-01   -4.194670E-01   -1.485277E-01   -6.281363E-02   -1.362400E-02
   -3.658819E-01   -3.753869E-01   -4.274723E-01   -1.524338E-01   -7.703205E-02   -1.479593E-02
