    0.000000E+00    0.000000E+00    0.000000E+00    0.000000E+00    0.000000E+00    0.000000E+00
    7.468477E-06    7.468478E-06    7.468503E-06    7.477496E-06    7.515684E-06    7.842576E-06
    6.982947E-06    6.982948E-06    6.982971E-06    6.991400E-06    7.027189E-06    7.333546E-06
    6.559636E-06    6.559637E-06    6.559659E-06    6.567610E-06    6.601374E-06    6.890393E-06
    6.192438E-06    6.192439E-06    6.192460E-06    6.200015E-06    6.232097E-06    6.506722E-06
    5.875904E-06    5.875905E-06    5.875925E-06    5.883159E-06    5.913878E-06    6.176830E-06
    5.605174E-06    5.605174E-06    5.605194E-06    5.612176E-06    5.641827E-06    5.895635E-06
    5.375912E-06    5.375913E-06    5.375931E-06    5.382728E-06    5.411586E-06    5.658615E-06
    5.184256E-06    5.184257E-06    5.184275E-06    5.190946E-06    5.219273E-06    5.461747E-06
    5.026767E-06    5.026768E-06    5.026787E-06    5.033390E-06    5.061431E-06    5.301458E-06
    4.900387E-06    4.900388E-06    4.900406E-06    4.906997E-06    4.934987E-06    5.174579E-06
    4.802395E-06    4.802396E-06    4.802414E-06    4.809047E-06    4.837212E-06    5.078304E-06
    4.730379E-06    4.730380E-06    4.730399E-06    4.737125E-06    4.765684E-06    5.010154E-06
    4.682201E-06    4.682202E-06    4.682221E-06    4.689090E-06    4.718259E-06    4.967942E-06
    4.655967E-06    4.655968E-06    4.655988E-06    4.663050E-06    4.693039E-06    4.949748E-06
    4.650007E-06    4.650008E-06    4.650028E-06    4.657334E-06    4.688354E-06    4.953891E-06
    4.662849E-06    4.662850E-06    4.662871E-06    4.670469E-06    4.702732E-06    4.978905E-06
    4.693200E-06    4.693201E-06    4.693223E-06    4.701164E-06    4.734883E-06    5.023519E-06
    4.739928E-06    4.739929E-06    4.739952E-06    4.748287E-06    4.783680E-06    5.086641E-06
    4.802047E-06    4.802049E-06    4.802073E-06    4.810854E-06    4.848143E-06    5.167338E-06
    4.878702E-06    4.878704E-06    4.878729E-06    4.888012E-06    4.927427E-06    5.264825E-06
    4.969156E-06    4.969157E-06    4.969185E-06    4.979024E-06    5.020805E-06    5.378450E-06
    5.072778E-06    5.072780E-06    5.072809E-06    5.083264E-06    5.127659E-06    5.507684E-06
    5.189036E-06    5.189038E-06    5.189069E-06    5.200201E-06    5.247472E-06    5.652111E-06
    5.317484E-06    5.317486E-06    5.317519E-06    5.329393E-06    5.379814E-06    5.811419E-06
    5.457757E-06    5.457759E-06    5.457794E-06    5.470479E-06    5.524340E-06    5.985391E-06
    5.609563E-06    5.609564E-06    5.609602E-06    5.623169E-06    5.680777E-06    6.173903E-06
    5.772674E-06    5.772676E-06    5.772716E-06    5.787242E-06    5.848923E-06    6.376914E-06
    5.946925E-06    5.946927E-06    5.946971E-06    5.962537E-06    6.028638E-06    6.594461E-06
    6.132207E-06    6.132210E-06    6.132256E-06    6.148950E-06    6.219840E-06    6.826659E-06
    6.328462E-06    6.328464E-06    6.328514E-06    6.346429E-06    6.422503E-06    7.073695E-06
    6.535677E-06    6.535679E-06    6.535733E-06    6.554968E-06    6.636648E-06    7.335824E-06
    6.753887E-06    6.753889E-06    6.753947E-06    6.774608E-06    6.862345E-06    7.613369E-06
    6.983164E-06    6.983167E-06    6.983229E-06    7.005431E-06    7.099708E-06    7.906721E-06
    7.223623E-06    7.223626E-06    7.223692E-06    7.247557E-06    7.348893E-06    8.216332E-06
    7.475410E-06    7.475414E-06    7.475485E-06    7.501143E-06    7.610095E-06    8.542723E-06
    7.738710E-06    7.738713E-06    7.738790E-06    7.766382E-06    7.883546E-06    8.886474E-06
    8.013736E-06    8.013739E-06    8.013822E-06    8.043499E-06    8.169517E-06    9.248235E-06
    8.300734E-06    8.300738E-06    8.300827E-06    8.332751E-06    8.468313E-06    9.628719E-06
    8.599981E-06    8.599985E-06    8.600081E-06    8.634427E-06    8.780272E-06    1.002870E-05
    8.911780E-06    8.911784E-06    8.911887E-06    8.948842E-06    9.105767E-06    1.044904E-05
    9.236462E-06    9.236467E-06    9.236578E-06    9.276344E-06    9.445204E-06    1.089065E-05
    9.574388E-06    9.574393E-06    9.574513E-06    9.617306E-06    9.799023E-06    1.135452E-05
    9.925943E-06    9.925948E-06    9.926077E-06    9.972131E-06    1.016769E-05    1.184171E-05
    1.029154E-05    1.029154E-05    1.029168E-05    1.034125E-05    1.055172E-05    1.235339E-05
    1.067161E-05    1.067162E-05    1.067176E-05    1.072511E-05    1.095165E-05    1.289077E-05
    1.106662E-05    1.106663E-05    1.106679E-05    1.112421E-05    1.136804E-05    1.345517E-05
    1.147707E-05    1.147708E-05    1.147725E-05    1.153905E-05    1.180150E-05    1.404801E-05
    1.190346E-05    1.190347E-05    1.190365E-05    1.197018E-05    1.225267E-05    1.467079E-05
    1.234634E-05    1.234634E-05    1.234654E-05    1.241815E-05    1.272223E-05    1.532511E-05
    1.280627E-05    1.280628E-05    1.280649E-05    1.288357E-05    1.321089E-05    1.601269E-05
    1.328385E-05    1.328386E-05    1.328409E-05    1.336706E-05    1.371939E-05    1.673536E-05
    1.377970E-05    1.377971E-05    1.377996E-05    1.386927E-05    1.424854E-05    1.749507E-05
    1.429446E-05    1.429448E-05    1.429474E-05    1.439089E-05    1.479916E-05    1.829391E-05
    1.482883E-05    1.482884E-05    1.482913E-05    1.493263E-05    1.537211E-05    1.913410E-05
    1.538349E-05    1.538350E-05    1.538381E-05    1.549523E-05    1.596832E-05    2.001800E-05
    1.595919E-05    1.595921E-05    1.595954E-05    1.607947E-05    1.658875E-05    2.094815E-05
    1.655669E-05    1.655671E-05    1.655707E-05    1.668617E-05    1.723440E-05    2.192722E-05
    1.717679E-05    1.717681E-05    1.717720E-05    1.731618E-05    1.790633E-05    2.295809E-05
    1.782032E-05    1.782034E-05    1.782075E-05    1.797036E-05    1.860566E-05    2.404382E-05
    1.848813E-05    1.848815E-05    1.848860E-05    1.864966E-05    1.933355E-05    2.518768E-05
    1.918113E-05    1.918115E-05    1.918164E-05    1.935501E-05    2.009122E-05    2.639314E-05
    1.990025E-05    1.990027E-05    1.990079E-05    2.008743E-05    2.087995E-05    2.766393E-05
    2.064644E-05    2.064647E-05    2.064703E-05    2.084794E-05    2.170109E-05    2.900401E-05
    2.142073E-05    2.142075E-05    2.142136E-05    2.163764E-05    2.255605E-05    3.041761E-05
    2.222414E-05    2.222417E-05    2.222482E-05    2.245765E-05    2.344631E-05    3.190925E-05
    2.305777E-05    2.305780E-05    2.305850E-05    2.330913E-05    2.437343E-05    3.348375E-05
    2.392273E-05    2.392277E-05    2.392352E-05    2.419333E-05    2.533903E-05    3.514626E-05
    2.482020E-05    2.482024E-05    2.482105E-05    2.511150E-05    2.634485E-05    3.690228E-05
    2.575139E-05    2.575143E-05    2.575230E-05    2.606497E-05    2.739266E-05    3.875769E-05
    2.671755E-05    2.671760E-05    2.671853E-05    2.705512E-05    2.848437E-05    4.071877E-05
    2.772000E-05    2.772004E-05    2.772105E-05    2.808338E-05    2.962197E-05    4.279222E-05
    2.876008E-05    2.876013E-05    2.876121E-05    2.915126E-05    3.080754E-05    4.498523E-05
    2.983920E-05    2.983925E-05    2.984042E-05    3.026031E-05    3.204328E-05    4.730546E-05
    3.095882E-05    3.095888E-05    3.096014E-05    3.141214E-05    3.333150E-05    4.976111E-05
    3.212046E-05    3.212052E-05    3.212187E-05    3.260845E-05    3.467462E-05    5.236095E-05
    3.332568E-05    3.332574E-05    3.332720E-05    3.385100E-05    3.607521E-05    5.511436E-05
    3.457611E-05    3.457618E-05    3.457775E-05    3.514161E-05    3.753595E-05    5.803138E-05
    3.587345E-05    3.587353E-05    3.587522E-05    3.648221E-05    3.905969E-05    6.112276E-05
    3.721945E-05    3.721953E-05    3.722135E-05    3.787477E-05    4.064939E-05    6.439999E-05
    3.861592E-05    3.861601E-05    3.861797E-05    3.932137E-05    4.230821E-05    6.787537E-05
    4.006477E-05    4.006486E-05    4.006697E-05    4.082416E-05    4.403945E-05    7.156208E-05
    4.156793E-05    4.156803E-05    4.157030E-05    4.238541E-05    4.584661E-05    7.547424E-05
    4.312745E-05    4.312756E-05    4.313000E-05    4.400745E-05    4.773337E-05    7.962694E-05
    4.474543E-05    4.474555E-05    4.474818E-05    4.569274E-05    4.970362E-05    8.403638E-05
    4.642406E-05    4.642419E-05    4.642702E-05    4.744381E-05    5.176144E-05    8.871989E-05
    4.816561E-05    4.816574E-05    4.816879E-05    4.926335E-05    5.391118E-05    9.369605E-05
    4.997242E-05    4.997257E-05    4.997585E-05    5.115411E-05    5.615738E-05    9.898476E-05
    5.184694E-05    5.184709E-05    5.185063E-05    5.311899E-05    5.850489E-05    1.046074E-04
    5.379169E-05    5.379186E-05    5.379566E-05    5.516102E-05    6.095878E-05    1.105867E-04
    5.580930E-05    5.580949E-05    5.581358E-05    5.728335E-05    6.352447E-05    1.169474E-04
    5.790250E-05    5.790270E-05    5.790710E-05    5.948927E-05    6.620763E-05    1.237156E-04
    6.007410E-05    6.007432E-05    6.007906E-05    6.178220E-05    6.901429E-05    1.309196E-04
    6.232704E-05    6.232727E-05    6.233238E-05    6.416575E-05    7.195083E-05    1.385895E-04
    6.466435E-05    6.466459E-05    6.467009E-05    6.664365E-05    7.502399E-05    1.467578E-04
    6.708918E-05    6.708944E-05    6.709536E-05    6.921981E-05    7.824091E-05    1.554593E-04
    6.960480E-05    6.960508E-05    6.961145E-05    7.189833E-05    8.160915E-05    1.647312E-04
    7.221459E-05    7.221489E-05    7.222175E-05    7.468348E-05    8.513673E-05    1.746136E-04
    7.492207E-05    7.492240E-05    7.492978E-05    7.757971E-05    8.883214E-05    1.851494E-04
    7.773088E-05    7.773124E-05    7.773918E-05    8.059170E-05    9.270437E-05    1.963847E-04
    8.064481E-05    8.064519E-05    8.065374E-05    8.372433E-05    9.676296E-05    2.083690E-04
    8.366776E-05    8.366817E-05    8.367738E-05    8.698269E-05    1.010181E-04    2.211552E-04
    8.680381E-05    8.680426E-05    8.681416E-05    9.037214E-05    1.054804E-04    2.348004E-04
    9.005717E-05    9.005765E-05    9.006831E-05    9.389825E-05    1.101613E-04    2.493658E-04
    9.343220E-05    9.343271E-05    9.344420E-05    9.756688E-05    1.150730E-04    2.649168E-04
    9.693344E-05    9.693399E-05    9.694635E-05    1.013841E-04    1.202283E-04    2.815241E-04
    1.005656E-04    1.005662E-04    1.005795E-04    1.053564E-04    1.256408E-04    2.992632E-04
    1.043335E-04    1.043342E-04    1.043485E-04    1.094905E-04    1.313251E-04    3.182154E-04
    1.082423E-04    1.082430E-04    1.082584E-04    1.137934E-04    1.372965E-04    3.384679E-04
    1.122971E-04    1.122978E-04    1.123144E-04    1.182724E-04    1.435716E-04    3.601145E-04
    1.165034E-04    1.165042E-04    1.165221E-04    1.229353E-04    1.501677E-04    3.832556E-04
    1.208668E-04    1.208677E-04    1.208869E-04    1.277902E-04    1.571033E-04    4.079994E-04
    1.253932E-04    1.253942E-04    1.254149E-04    1.328456E-04    1.643984E-04    4.344618E-04
    1.300886E-04    1.300896E-04    1.301119E-04    1.381103E-04    1.720738E-04    4.627675E-04
    1.349593E-04    1.349604E-04    1.349844E-04    1.435939E-04    1.801519E-04    4.930504E-04
    1.400118E-04    1.400130E-04    1.400388E-04    1.493059E-04    1.886567E-04    5.254542E-04
    1.452528E-04    1.452541E-04    1.452818E-04    1.552569E-04    1.976134E-04    5.601336E-04
    1.506893E-04    1.506907E-04    1.507206E-04    1.614575E-04    2.070492E-04    5.972543E-04
    1.563286E-04    1.563301E-04    1.563622E-04    1.679192E-04    2.169930E-04    6.369947E-04
    1.621782E-04    1.621797E-04    1.622143E-04    1.746540E-04    2.274754E-04    6.795464E-04
    1.682457E-04    1.682474E-04    1.682847E-04    1.816742E-04    2.385293E-04    7.251150E-04
    1.745394E-04    1.745412E-04    1.745813E-04    1.889933E-04    2.501897E-04    7.739218E-04
    1.810676E-04    1.810695E-04    1.811127E-04    1.966251E-04    2.624938E-04    8.262041E-04
    1.878388E-04    1.878409E-04    1.878874E-04    2.045841E-04    2.754815E-04    8.822174E-04
    1.948622E-04    1.948645E-04    1.949145E-04    2.128858E-04    2.891953E-04    9.422357E-04
    2.021470E-04    2.021494E-04    2.022033E-04    2.215464E-04    3.036806E-04    1.006554E-03
    2.097028E-04    2.097054E-04    2.097634E-04    2.305829E-04    3.189859E-04    1.075488E-03
    2.175396E-04    2.175424E-04    2.176048E-04    2.400132E-04    3.351627E-04    1.149379E-03
    2.256678E-04    2.256708E-04    2.257380E-04    2.498564E-04    3.522665E-04    1.228591E-03
    2.340981E-04    2.341013E-04    2.341736E-04    2.601324E-04    3.703563E-04    1.313519E-03
    2.428416E-04    2.428451E-04    2.429229E-04    2.708621E-04    3.894951E-04    1.404583E-03
    2.519097E-04    2.519135E-04    2.519972E-04    2.820678E-04    4.097504E-04    1.502237E-03
    2.613145E-04    2.613185E-04    2.614087E-04    2.937730E-04    4.311942E-04    1.606968E-03
    2.710682E-04    2.710725E-04    2.711695E-04    3.060022E-04    4.539037E-04    1.719301E-03
    2.811836E-04    2.811883E-04    2.812927E-04    3.187817E-04    4.779611E-04    1.839796E-03
    2.916740E-04    2.916791E-04    2.917914E-04    3.321389E-04    5.034546E-04    1.969058E-03
    3.025531E-04    3.025585E-04    3.026794E-04    3.461029E-04    5.304784E-04    2.107738E-03
    3.138350E-04    3.138409E-04    3.139710E-04    3.607046E-04    5.591333E-04    2.256531E-03
    3.255345E-04    3.255408E-04    3.256809E-04    3.759763E-04    5.895272E-04    2.416187E-03
    3.376668E-04    3.376736E-04    3.378243E-04    3.919525E-04    6.217755E-04    2.587513E-03
    3.502476E-04    3.502549E-04    3.504171E-04    4.086696E-04    6.560015E-04    2.771371E-03
    3.632933E-04    3.633011E-04    3.634757E-04    4.261658E-04    6.923376E-04    2.968691E-03
    3.768206E-04    3.768290E-04    3.770169E-04    4.444821E-04    7.309251E-04    3.180471E-03
    3.908472E-04    3.908562E-04    3.910584E-04    4.636614E-04    7.719154E-04    3.407782E-03
    4.053910E-04    4.054007E-04    4.056183E-04    4.837494E-04    8.154707E-04    3.651776E-03
    4.204708E-04    4.204813E-04    4.207154E-04    5.047943E-04    8.617645E-04    3.913689E-03
    4.361059E-04    4.361172E-04    4.363691E-04    5.268475E-04    9.109827E-04    4.194847E-03
    4.523164E-04    4.523285E-04    4.525996E-04    5.499630E-04    9.633243E-04    4.496676E-03
    4.691229E-04    4.691359E-04    4.694277E-04    5.741986E-04    1.019002E-03    4.820708E-03
    4.865469E-04    4.865609E-04    4.868749E-04    5.996150E-04    1.078245E-03    5.168583E-03
    5.046105E-04    5.046256E-04    5.049635E-04    6.262771E-04    1.141297E-03    5.542067E-03
    5.233367E-04    5.233529E-04    5.237165E-04    6.542535E-04    1.208420E-03    5.943051E-03
    5.427491E-04    5.427666E-04    5.431578E-04    6.836169E-04    1.279895E-03    6.373568E-03
    5.628723E-04    5.628911E-04    5.633120E-04    7.144448E-04    1.356021E-03    6.835798E-03
    5.837314E-04    5.837517E-04    5.842046E-04    7.468191E-04    1.437122E-03    7.332080E-03
    6.053528E-04    6.053746E-04    6.058619E-04    7.808271E-04    1.523541E-03    7.864923E-03
    6.277634E-04    6.277869E-04    6.283112E-04    8.165613E-04    1.615649E-03    8.437019E-03
    6.509912E-04    6.510164E-04    6.515805E-04    8.541201E-04    1.713840E-03    9.051254E-03
    6.750650E-04    6.750921E-04    6.756990E-04    8.936080E-04    1.818540E-03    9.710724E-03
    7.000145E-04    7.000437E-04    7.006967E-04    9.351362E-04    1.930202E-03    1.041875E-02
    7.258707E-04    7.259021E-04    7.266045E-04    9.788227E-04    2.049313E-03    1.117888E-02
    7.526651E-04    7.526989E-04    7.534546E-04    1.024793E-03    2.176394E-03    1.199493E-02
    7.804307E-04    7.804670E-04    7.812800E-04    1.073181E-03    2.312004E-03    1.287099E-02
    8.092012E-04    8.092403E-04    8.101149E-04    1.124129E-03    2.456742E-03    1.381142E-02
    8.390116E-04    8.390537E-04    8.399945E-04    1.177787E-03    2.611248E-03    1.482091E-02
    8.698979E-04    8.699431E-04    8.709552E-04    1.234317E-03    2.776209E-03    1.590447E-02
    9.018972E-04    9.019459E-04    9.030345E-04    1.293890E-03    2.952361E-03    1.706746E-02
    9.350479E-04    9.351002E-04    9.362712E-04    1.356688E-03    3.140492E-03    1.831563E-02
    9.693893E-04    9.694456E-04    9.707052E-04    1.422906E-03    3.341446E-03    1.965511E-02
    1.004962E-03    1.005023E-03    1.006378E-03    1.492748E-03    3.556127E-03    2.109245E-02
    1.041809E-03    1.041874E-03    1.043331E-03    1.566436E-03    3.785502E-03    2.263467E-02
    1.079972E-03    1.080042E-03    1.081609E-03    1.644204E-03    4.030607E-03    2.428924E-02
    1.119496E-03    1.119571E-03    1.121256E-03    1.726300E-03    4.292554E-03    2.606417E-02
    1.160427E-03    1.160508E-03    1.162320E-03    1.812992E-03    4.572529E-03    2.796796E-02
    1.202811E-03    1.202898E-03    1.204848E-03    1.904560E-03    4.871805E-03    3.000973E-02
    1.246698E-03    1.246792E-03    1.248888E-03    2.001308E-03    5.191742E-03    3.219914E-02
    1.292138E-03    1.292238E-03    1.294492E-03    2.103556E-03    5.533797E-03    3.454652E-02
    1.339180E-03    1.339289E-03    1.341712E-03    2.211647E-03    5.899529E-03    3.706284E-02
    1.387879E-03    1.387995E-03    1.390601E-03    2.325944E-03    6.290606E-03    3.975979E-02
    1.438288E-03    1.438413E-03    1.441215E-03    2.446836E-03    6.708811E-03    4.264976E-02
    1.490462E-03    1.490597E-03    1.493609E-03    2.574737E-03    7.156052E-03    4.574593E-02
    1.544459E-03    1.544603E-03    1.547842E-03    2.710089E-03    7.634368E-03    4.906227E-02
    1.600336E-03    1.600492E-03    1.603973E-03    2.853360E-03    8.145939E-03    5.261357E-02
    1.658155E-03    1.658322E-03    1.662064E-03    3.005051E-03    8.693097E-03    5.641549E-02
    1.717976E-03    1.718155E-03    1.722178E-03    3.165697E-03    9.278331E-03    6.048459E-02
    1.779861E-03    1.780055E-03    1.784378E-03    3.335864E-03    9.904300E-03    6.483832E-02
    1.843877E-03    1.844084E-03    1.848731E-03    3.516158E-03    1.057385E-02    6.949511E-02
    1.910087E-03    1.910310E-03    1.915304E-03    3.707225E-03    1.129000E-02    7.447431E-02
    1.978560E-03    1.978800E-03    1.984166E-03    3.909751E-03    1.205600E-02    7.979626E-02
    2.049364E-03    2.049622E-03    2.055389E-03    4.124467E-03    1.287530E-02    8.548230E-02
    2.122570E-03    2.122847E-03    2.129043E-03    4.352153E-03    1.375158E-02    9.155471E-02
    2.198249E-03    2.198547E-03    2.205204E-03    4.593639E-03    1.468876E-02    9.803676E-02
    2.276475E-03    2.276795E-03    2.283947E-03    4.849808E-03    1.569104E-02    1.049527E-01
    2.357321E-03    2.357665E-03    2.365349E-03    5.121600E-03    1.676286E-02    1.123275E-01
    2.440864E-03    2.441233E-03    2.449487E-03    5.410017E-03    1.790897E-02    1.201872E-01
    2.527181E-03    2.527577E-03    2.536443E-03    5.716123E-03    1.913442E-02    1.285585E-01
    2.616349E-03    2.616775E-03    2.626297E-03    6.041051E-03    2.044459E-02    1.374689E-01
    2.708449E-03    2.708906E-03    2.719132E-03    6.386007E-03    2.184517E-02    1.469461E-01
    2.803561E-03    2.804052E-03    2.815033E-03    6.752273E-03    2.334224E-02    1.570187E-01
    2.901767E-03    2.902294E-03    2.914085E-03    7.141212E-03    2.494223E-02    1.677150E-01
    3.003149E-03    3.003715E-03    3.016374E-03    7.554272E-03    2.665196E-02    1.790635E-01
    3.107791E-03    3.108398E-03    3.121988E-03    7.992993E-03    2.847869E-02    1.910924E-01
    3.215777E-03    3.216428E-03    3.231017E-03    8.459009E-03    3.043008E-02    2.038293E-01
    3.327191E-03    3.327891E-03    3.343549E-03    8.954057E-03    3.251425E-02    2.173006E-01
    3.442120E-03    3.442871E-03    3.459676E-03    9.479980E-03    3.473978E-02    2.315313E-01
    3.560649E-03    3.561455E-03    3.579488E-03    1.003873E-02    3.711573E-02    2.465443E-01
    3.682864E-03    3.683728E-03    3.703077E-03    1.063239E-02    3.965169E-02    2.623600E-01
    3.808851E-03    3.809778E-03    3.830536E-03    1.126315E-02    4.235772E-02    2.789955E-01
    3.938695E-03    3.939690E-03    3.961958E-03    1.193335E-02    4.524445E-02    2.964635E-01
    4.072483E-03    4.073550E-03    4.097434E-03    1.264544E-02    4.832303E-02    3.147720E-01
    4.210300E-03    4.211444E-03    4.237059E-03    1.340205E-02    5.160519E-02    3.339228E-01
    4.352229E-03    4.353456E-03    4.380923E-03    1.420594E-02    5.510320E-02    3.539105E-01
    4.498355E-03    4.499671E-03    4.529119E-03    1.506003E-02    5.882993E-02    3.747215E-01
    4.648759E-03    4.650169E-03    4.681737E-03    1.596740E-02    6.279878E-02    3.963321E-01
    4.803522E-03    4.805033E-03    4.838869E-03    1.693133E-02    6.702375E-02    4.187074E-01
    4.962722E-03    4.964342E-03    5.000603E-03    1.795525E-02    7.151940E-02    4.417994E-01
    5.126437E-03    5.128172E-03    5.167027E-03    1.904279E-02    7.630082E-02    4.655455E-01
    5.294739E-03    5.296599E-03    5.338225E-03    2.019777E-02    8.138364E-02    4.898663E-01
    5.467702E-03    5.469694E-03    5.514282E-03    2.142422E-02    8.678397E-02    5.146636E-01
    5.645392E-03    5.647526E-03    5.695278E-03    2.272638E-02    9.251838E-02    5.398185E-01
    5.827875E-03    5.830160E-03    5.881292E-03    2.410868E-02    9.860385E-02    5.651894E-01
    6.015211E-03    6.017657E-03    6.072398E-03    2.557580E-02    1.050577E-01    5.906091E-01
    6.207457E-03    6.210074E-03    6.268668E-03    2.713264E-02    1.118975E-01    6.158838E-01
    6.404663E-03    6.407464E-03    6.470169E-03    2.878432E-02    1.191410E-01    6.407903E-01
    6.606876E-03    6.609873E-03    6.676965E-03    3.053620E-02    1.268060E-01    6.650745E-01
    6.814136E-03    6.817342E-03    6.889112E-03    3.239389E-02    1.349104E-01    6.884502E-01
    7.026477E-03    7.029906E-03    7.106665E-03    3.436324E-02    1.434715E-01    7.105978E-01
    7.243926E-03    7.247593E-03    7.329669E-03    3.645033E-02    1.525065E-01    7.311643E-01
    7.466504E-03    7.470424E-03    7.558166E-03    3.866148E-02    1.620319E-01    7.497634E-01
    7.694222E-03    7.698412E-03    7.792188E-03    4.100328E-02    1.720634E-01    7.659771E-01
    7.927084E-03    7.931561E-03    8.031763E-03    4.348253E-02    1.826156E-01    7.793585E-01
    8.165084E-03    8.169866E-03    8.276908E-03    4.610627E-02    1.937016E-01    7.894356E-01
    8.408207E-03    8.413314E-03    8.527634E-03    4.888177E-02    2.053329E-01    7.957176E-01
    8.656428E-03    8.661881E-03    8.783941E-03    5.181649E-02    2.175187E-01    7.977024E-01
    8.909710E-03    8.915531E-03    9.045820E-03    5.491812E-02    2.302657E-01    7.948869E-01
    9.168007E-03    9.174219E-03    9.313254E-03    5.819451E-02    2.435777E-01    7.867794E-01
    9.431259E-03    9.437886E-03    9.586212E-03    6.165368E-02    2.574549E-01    7.729155E-01
    9.699393E-03    9.706461E-03    9.864653E-03    6.530377E-02    2.718933E-01    7.528756E-01
    9.972325E-03    9.979860E-03    1.014852E-02    6.915304E-02    2.868843E-01    7.263062E-01
    1.024995E-02    1.025799E-02    1.043776E-02    7.320981E-02    3.024139E-01    6.929436E-01
    1.053217E-02    1.054073E-02    1.073228E-02    7.748245E-02    3.184621E-01    6.526399E-01
    1.081884E-02    1.082796E-02    1.103200E-02    8.197929E-02    3.350018E-01    6.053906E-01
    1.110983E-02    1.111954E-02    1.133681E-02    8.670861E-02    3.519986E-01    5.513640E-01
    1.140497E-02    1.141530E-02    1.164658E-02    9.167853E-02    3.694095E-01    4.909293E-01
    1.170409E-02    1.171509E-02    1.196119E-02    9.689701E-02    3.871820E-01    4.246830E-01
    1.200700E-02    1.201869E-02    1.228048E-02    1.023717E-01    4.052536E-01    3.534726E-01
    1.231348E-02    1.232592E-02    1.260429E-02    1.081100E-01    4.235506E-01    2.784120E-01
    1.262331E-02    1.263653E-02    1.293243E-02    1.141187E-01    4.419875E-01    2.008896E-01
    1.293625E-02    1.295030E-02    1.326470E-02    1.204041E-01    4.604658E-01    1.225630E-01
    1.325203E-02    1.326695E-02    1.360088E-02    1.269720E-01    4.788737E-01    4.533862E-02
    1.357038E-02    1.358622E-02    1.394075E-02    1.338271E-01    4.970849E-01   -2.866719E-02
    1.389099E-02    1.390780E-02    1.428405E-02    1.409735E-01    5.149585E-01   -9.718903E-02
    1.421354E-02    1.423138E-02    1.463051E-02    1.484141E-01    5.323384E-01   -1.578964E-01
    1.453771E-02    1.455662E-02    1.497985E-02    1.561505E-01    5.490532E-01   -2.085016E-01
    1.486314E-02    1.488318E-02    1.533177E-02    1.641831E-01    5.649162E-01   -2.468913E-01
    1.518945E-02    1.521069E-02    1.568595E-02    1.725105E-01    5.797258E-01   -2.712759E-01
    1.551627E-02    1.553876E-02    1.604205E-02    1.811299E-01    5.932667E-01   -2.803523E-01
    1.584319E-02    1.586700E-02    1.639971E-02    1.900363E-01    6.053103E-01   -2.734686E-01
    1.616979E-02    1.619498E-02    1.675858E-02    1.992226E-01    6.156173E-01   -2.507763E-01
    1.649563E-02    1.652226E-02    1.711826E-02    2.086795E-01    6.239397E-01   -2.133538E-01
    1.682026E-02    1.684841E-02    1.747836E-02    2.183949E-01    6.300234E-01   -1.632802E-01
    1.714321E-02    1.717296E-02    1.783847E-02    2.283540E-01    6.336126E-01   -1.036395E-01
    1.746402E-02    1.749543E-02    1.819816E-02    2.385390E-01    6.344537E-01   -3.843321E-02
    1.778219E-02    1.781534E-02    1.855698E-02    2.489289E-01    6.323005E-01    2.761085E-02
    1.809722E-02    1.813218E-02    1.891450E-02    2.594992E-01    6.269206E-01    8.934458E-02
    1.840860E-02    1.844546E-02    1.927024E-02    2.702215E-01    6.181018E-01    1.416122E-01
    1.871582E-02    1.875466E-02    1.962375E-02    2.810639E-01    6.056601E-01    1.797490E-01
    1.901835E-02    1.905926E-02    1.997454E-02    2.919901E-01    5.894475E-01    2.001271E-01
    1.931566E-02    1.935872E-02    2.032213E-02    3.029596E-01    5.693612E-01    2.006845E-01
    1.960723E-02    1.965253E-02    2.066603E-02    3.139277E-01    5.453528E-01    1.813647E-01
    1.989252E-02    1.994016E-02    2.100576E-02    3.248449E-01    5.174373E-01    1.443769E-01
    2.017100E-02    2.022106E-02    2.134080E-02    3.356573E-01    4.857028E-01    9.419473E-02
    2.044214E-02    2.049472E-02    2.167068E-02    3.463064E-01    4.503187E-01    3.722847E-02
    2.070542E-02    2.076061E-02    2.199490E-02    3.567290E-01    4.115438E-01   -1.885522E-02
    2.096032E-02    2.101821E-02    2.231297E-02    3.668575E-01    3.697322E-01   -6.613355E-02
    2.120633E-02    2.126702E-02    2.262440E-02    3.766199E-01    3.253378E-01   -9.764373E-02
    2.144294E-02    2.150654E-02    2.292873E-02    3.859402E-01    2.789152E-01   -1.086382E-01
    2.166968E-02    2.173628E-02    2.322547E-02    3.947386E-01    2.311188E-01   -9.764128E-02
    2.188607E-02    2.195576E-02    2.351418E-02    4.029318E-01    1.826962E-01   -6.704686E-02
    2.209164E-02    2.216454E-02    2.379441E-02    4.104340E-01    1.344787E-01   -2.302912E-02
    2.228597E-02    2.236217E-02    2.406572E-02    4.171570E-01    8.736597E-02    2.536086E-02
    2.246864E-02    2.254824E-02    2.432770E-02    4.230112E-01    4.230552E-02    6.787241E-02
    2.263924E-02    2.272235E-02    2.457995E-02    4.279065E-01    2.671166E-04    9.525445E-02
    2.279741E-02    2.288412E-02    2.482209E-02    4.317533E-01   -3.778826E-02    1.015213E-01
    2.294280E-02    2.303321E-02    2.505377E-02    4.344636E-01   -7.094413E-02    8.569132E-02
    2.307508E-02    2.316930E-02    2.527465E-02    4.359523E-01   -9.836796E-02    5.241590E-02
    2.319397E-02    2.329209E-02    2.548440E-02    4.361383E-01   -1.193531E-01    1.110901E-02
    2.329920E-02    2.340132E-02    2.568276E-02    4.349466E-01   -1.333614E-01   -2.642647E-02
    2.339054E-02    2.349675E-02    2.586944E-02    4.323091E-01   -1.400640E-01   -4.938339E-02
    2.346779E-02    2.357819E-02    2.604422E-02    4.281670E-01   -1.393778E-01   -5.139736E-02
    2.353078E-02    2.364546E-02    2.620689E-02    4.224722E-01   -1.314948E-01   -3.287239E-02
    2.357937E-02    2.369843E-02    2.635726E-02    4.151887E-01   -1.169008E-01   -1.174798E-03
    2.361346E-02    2.373699E-02    2.649519E-02    4.062953E-01   -9.638021E-02    2.984005E-02
    2.363298E-02    2.376107E-02    2.662055E-02    3.957863E-01   -7.100512E-02    5.249755E-02
    2.363790E-02    2.377062E-02    2.673324E-02    3.836739E-01   -4.210526E-02    5.662551E-02
    2.362820E-02    2.376565E-02    2.683320E-02    3.699893E-01   -1.121858E-02    4.163799E-02
    2.360387E-02    2.374612E-02    2.692033E-02    3.547844E-01    1.997778E-02    1.497054E-02
    2.356482E-02    2.371195E-02    2.699450E-02    3.381327E-01    4.975421E-02   -1.105062E-02
    2.351062E-02    2.366271E-02    2.705519E-02    3.201301E-01    7.642944E-02   -2.480270E-02
    2.469402E-02    2.484905E-02    2.831501E-02    3.009261E-01    9.643247E-02   -2.091801E-02
    2.464632E-02    2.480238E-02    2.828316E-02    2.983455E-01    9.896995E-02   -1.917298E-02
    2.464949E-02    2.480621E-02    2.830138E-02    2.957212E-01    1.014011E-01   -1.719073E-02
    2.467552E-02    2.483288E-02    2.834218E-02    2.930676E-01    1.037247E-01   -1.499351E-02
    2.471500E-02    2.487299E-02    2.839626E-02    2.903898E-01    1.059386E-01   -1.260555E-02
    2.476760E-02    2.492621E-02    2.846331E-02    2.876886E-01    1.080404E-01   -1.005270E-02
    2.482720E-02    2.498644E-02    2.853727E-02    2.849673E-01    1.100286E-01   -7.362698E-03
    2.484761E-02    2.500749E-02    2.857256E-02    2.822485E-01    1.119078E-01   -4.565547E-03
    2.495069E-02    2.511117E-02    2.868943E-02    2.794747E-01    1.136586E-01   -1.686693E-03
    2.504941E-02    2.521049E-02    2.880199E-02    2.766879E-01    1.152917E-01    1.240449E-03
    2.515949E-02    2.532116E-02    2.892575E-02    2.738812E-01    1.168031E-01    4.185895E-03
    2.528236E-02    2.544461E-02    2.906211E-02    2.710546E-01    1.181912E-01    7.119207E-03
    2.542017E-02    2.558300E-02    2.921320E-02    2.682077E-01    1.194541E-01    1.001027E-02
    2.557355E-02    2.573694E-02    2.937961E-02    2.653408E-01    1.205908E-01    1.282960E-02
    2.574281E-02    2.590675E-02    2.956167E-02    2.624545E-01    1.216001E-01    1.554870E-02
    2.592794E-02    2.609243E-02    2.975934E-02    2.595494E-01    1.224814E-01    1.814037E-02
    2.612873E-02    2.629375E-02    2.997243E-02    2.566265E-01    1.232339E-01    2.057901E-02
    2.634485E-02    2.651039E-02    3.020058E-02    2.536865E-01    1.238574E-01    2.284086E-02
    2.657590E-02    2.674195E-02    3.044341E-02    2.507303E-01    1.243518E-01    2.490439E-02
    2.682147E-02    2.698803E-02    3.070051E-02    2.477590E-01    1.247170E-01    2.675038E-02
    2.708121E-02    2.724825E-02    3.097151E-02    2.447733E-01    1.249535E-01    2.836216E-02
    2.735478E-02    2.752230E-02    3.125610E-02    2.417742E-01    1.250616E-01    2.972585E-02
    2.764197E-02    2.780995E-02    3.155404E-02    2.387625E-01    1.250420E-01    3.083042E-02
    2.794261E-02    2.811105E-02    3.186517E-02    2.357391E-01    1.248955E-01    3.166784E-02
    2.825665E-02    2.842553E-02    3.218943E-02    2.327048E-01    1.246232E-01    3.223315E-02
    2.858411E-02    2.875342E-02    3.252684E-02    2.296604E-01    1.242262E-01    3.252451E-02
    2.892508E-02    2.909482E-02    3.287748E-02    2.266066E-01    1.237059E-01    3.254316E-02
    2.927976E-02    2.944990E-02    3.324153E-02    2.235442E-01    1.230638E-01    3.229344E-02
    2.964838E-02    2.981892E-02    3.361923E-02    2.204738E-01    1.223017E-01    3.178271E-02
    3.003127E-02    3.020219E-02    3.401089E-02    2.173963E-01    1.214215E-01    3.102120E-02
    3.042880E-02    3.060009E-02    3.441688E-02    2.143123E-01    1.204252E-01    3.002194E-02
    3.084144E-02    3.101308E-02    3.483763E-02    2.112225E-01    1.193151E-01    2.880052E-02
    3.126967E-02    3.144165E-02    3.527363E-02    2.081275E-01    1.180937E-01    2.737493E-02
    3.171405E-02    3.188636E-02    3.572542E-02    2.050282E-01    1.167635E-01    2.576532E-02
    3.217521E-02    3.234783E-02    3.619360E-02    2.019251E-01    1.153273E-01    2.399368E-02
    3.265381E-02    3.282671E-02    3.667883E-02    1.988189E-01    1.137881E-01    2.208364E-02
    3.315055E-02    3.332373E-02    3.718179E-02    1.957104E-01    1.121491E-01    2.006008E-02
    3.366622E-02    3.383965E-02    3.770323E-02    1.926002E-01    1.104135E-01    1.794887E-02
    3.420162E-02    3.437529E-02    3.824395E-02    1.894891E-01    1.085847E-01    1.577649E-02
    3.475761E-02    3.493148E-02    3.880478E-02    1.863777E-01    1.066665E-01    1.356968E-02
    3.533506E-02    3.550914E-02    3.938658E-02    1.832668E-01    1.046626E-01    1.135514E-02
    3.593493E-02    3.610917E-02    3.999026E-02    1.801571E-01    1.025770E-01    9.159126E-03
    3.655816E-02    3.673254E-02    4.061675E-02    1.770493E-01    1.004137E-01    7.007134E-03
    3.720573E-02    3.738024E-02    4.126702E-02    1.739443E-01    9.817718E-02    4.923532E-03
    3.787866E-02    3.805327E-02    4.194203E-02    1.708428E-01    9.587171E-02    2.931298E-03
    3.857797E-02    3.875265E-02    4.264280E-02    1.677457E-01    9.350189E-02    1.052054E-03
    3.930469E-02    3.947941E-02    4.337032E-02    1.646537E-01    9.107242E-02   -6.952008E-04
    4.005985E-02    4.023458E-02    4.412559E-02    1.615678E-01    8.858816E-02   -2.292681E-03
    4.084448E-02    4.101918E-02    4.490962E-02    1.584888E-01    8.605405E-02   -3.726436E-03
    4.165959E-02    4.183424E-02    4.572338E-02    1.554177E-01    8.347519E-02   -4.983369E-03
    4.250618E-02    4.268075E-02    4.656785E-02    1.523553E-01    8.085678E-02   -6.054161E-03
    4.338520E-02    4.355966E-02    4.744396E-02    1.493028E-01    7.820409E-02   -6.931756E-03
    4.429759E-02    4.447189E-02    4.835259E-02    1.462610E-01    7.552252E-02   -7.611891E-03
    4.524422E-02    4.541832E-02    4.929460E-02    1.432311E-01    7.281752E-02   -8.093003E-03
    4.622588E-02    4.639976E-02    5.027076E-02    1.402141E-01    7.009461E-02   -8.376153E-03
    4.724334E-02    4.741694E-02    5.128180E-02    1.372112E-01    6.735936E-02   -8.464912E-03
    4.829722E-02    4.847052E-02    5.232832E-02    1.342235E-01    6.461737E-02   -8.364902E-03
    4.938811E-02    4.956106E-02    5.341089E-02    1.312521E-01    6.187425E-02   -8.085122E-03
    5.051646E-02    5.068901E-02    5.452991E-02    1.282983E-01    5.913561E-02   -7.634708E-03
    5.168258E-02    5.185470E-02    5.568572E-02    1.253634E-01    5.640702E-02   -7.025651E-03
    5.288670E-02    5.305834E-02    5.687848E-02    1.224486E-01    5.369403E-02   -6.271088E-03
    5.412887E-02    5.429998E-02    5.810825E-02    1.195552E-01    5.100210E-02   -5.385283E-03
    5.540899E-02    5.557953E-02    5.937492E-02    1.166844E-01    4.833660E-02   -4.383344E-03
    5.672680E-02    5.689672E-02    6.067820E-02    1.138378E-01    4.570277E-02   -3.280948E-03
    5.808185E-02    5.825111E-02    6.201766E-02    1.110165E-01    4.310571E-02   -2.094066E-03
    5.947352E-02    5.964207E-02    6.339265E-02    1.082220E-01    4.055035E-02   -8.387171E-04
    6.090097E-02    6.106876E-02    6.480234E-02    1.054556E-01    3.804140E-02    4.692493E-04
    6.236316E-02    6.253015E-02    6.624570E-02    1.027187E-01    3.558336E-02    1.814189E-03
    6.385884E-02    6.402498E-02    6.772149E-02    1.000126E-01    3.318046E-02    3.181621E-03
    6.538653E-02    6.555178E-02    6.922825E-02    9.733868E-02    3.083661E-02    4.556586E-03
    6.694452E-02    6.710883E-02    7.076427E-02    9.469819E-02    2.855545E-02    5.925831E-03
    6.853088E-02    6.869421E-02    7.232767E-02    9.209243E-02    2.634023E-02    7.276300E-03
    7.014344E-02    7.030575E-02    7.391629E-02    8.952264E-02    2.419385E-02    8.595559E-03
    7.177981E-02    7.194105E-02    7.552778E-02    8.699000E-02    2.211882E-02    9.872265E-03
    7.343735E-02    7.359750E-02    7.715956E-02    8.449563E-02    2.011719E-02    1.109526E-02
    7.511322E-02    7.527222E-02    7.880880E-02    8.204059E-02    1.819060E-02    1.225408E-02
    7.680434E-02    7.696217E-02    8.047251E-02    7.962587E-02    1.634024E-02    1.333873E-02
    7.850743E-02    7.866406E-02    8.214745E-02    7.725236E-02    1.456680E-02    1.433949E-02
    8.021903E-02    8.037442E-02    8.383022E-02    7.492086E-02    1.287050E-02    1.524706E-02
    8.193546E-02    8.208960E-02    8.551723E-02    7.263207E-02    1.125109E-02    1.605238E-02
    8.365292E-02    8.380577E-02    8.720473E-02    7.038659E-02    9.707813E-03    1.674675E-02
    8.536741E-02    8.551897E-02    8.888881E-02    6.818488E-02    8.239457E-03    1.732188E-02
    8.707484E-02    8.722507E-02    9.056546E-02    6.602730E-02    6.844325E-03    1.777004E-02
    8.877098E-02    8.891989E-02    9.223055E-02    6.391405E-02    5.520280E-03    1.808425E-02
    9.045155E-02    9.059912E-02    9.387987E-02    6.184522E-02    4.264757E-03    1.825850E-02
    9.211217E-02    9.225839E-02    9.550916E-02    5.982074E-02    3.074794E-03    1.828801E-02
    9.374845E-02    9.389333E-02    9.711411E-02    5.784041E-02    1.947071E-03    1.816979E-02
    9.535599E-02    9.549953E-02    9.869042E-02    5.590388E-02    8.779494E-04    1.790211E-02
    9.693039E-02    9.707260E-02    1.002338E-01    5.401065E-02   -1.364801E-04    1.748635E-02
    9.846731E-02    9.860820E-02    1.017400E-01    5.216008E-02   -1.100345E-03    1.692578E-02
    9.996249E-02    1.001021E-01    1.032049E-01    5.035139E-02   -2.017934E-03    1.622684E-02
    1.014117E-01    1.015501E-01    1.046244E-01    4.858364E-02   -2.893633E-03    1.539783E-02
    1.028110E-01    1.029481E-01    1.059946E-01    4.685577E-02   -3.731864E-03    1.445138E-02
    1.041565E-01    1.042923E-01    1.073116E-01    4.516659E-02   -4.537016E-03    1.340232E-02
    1.054443E-01    1.055789E-01    1.085719E-01    4.351478E-02   -5.313374E-03    1.226713E-02
    1.066710E-01    1.068045E-01    1.097720E-01    4.189889E-02   -6.065051E-03    1.106680E-02
    1.078333E-01    1.079657E-01    1.109087E-01    4.031740E-02   -6.795922E-03    9.822610E-03
    1.089281E-01    1.090595E-01    1.119790E-01    3.876867E-02   -7.509549E-03    8.557572E-03
    1.099526E-01    1.100830E-01    1.129803E-01    3.725097E-02   -8.209125E-03    7.295355E-03
    1.109042E-01    1.110336E-01    1.139099E-01    3.576251E-02   -8.897407E-03    6.059519E-03
    1.117807E-01    1.119092E-01    1.147659E-01    3.430143E-02   -9.576661E-03    4.872832E-03
    1.125800E-01    1.127077E-01    1.155461E-01    3.286584E-02   -1.024861E-02    3.756576E-03
    1.133005E-01    1.134275E-01    1.162491E-01    3.145380E-02   -1.091441E-02    2.729387E-03
    1.139408E-01    1.140671E-01    1.168735E-01    3.006337E-02   -1.157457E-02    1.807244E-03
    1.144998E-01    1.146255E-01    1.174183E-01    2.869258E-02   -1.222898E-02    1.002637E-03
    1.149768E-01    1.151019E-01    1.178827E-01    2.733950E-02   -1.287686E-02    3.243019E-04
    1.153712E-01    1.154958E-01    1.182663E-01    2.600220E-02   -1.351675E-02   -2.217918E-04
    1.156828E-01    1.158071E-01    1.185691E-01    2.467881E-02   -1.414655E-02   -6.366874E-04
    1.159119E-01    1.160358E-01    1.187911E-01    2.336748E-02   -1.476348E-02   -9.221652E-04
    1.160587E-01    1.161824E-01    1.189328E-01    2.206647E-02   -1.536415E-02   -1.084605E-03
    1.161239E-01    1.162475E-01    1.189949E-01    2.077409E-02   -1.594457E-02   -1.130840E-03
    1.161085E-01    1.162320E-01    1.189782E-01    1.948873E-02   -1.650020E-02   -1.072632E-03
    1.160137E-01    1.161372E-01    1.188841E-01    1.820891E-02   -1.702602E-02   -9.211040E-04
    1.158408E-01    1.159644E-01    1.187139E-01    1.693323E-02   -1.751655E-02   -6.889567E-04
    1.155914E-01    1.157152E-01    1.184692E-01    1.566044E-02   -1.796596E-02   -3.857221E-04
    1.152675E-01    1.153915E-01    1.181519E-01    1.438939E-02   -1.836816E-02   -2.538945E-05
    1.148710E-01    1.149954E-01    1.177641E-01    1.311908E-02   -1.871684E-02    3.862869E-04
    1.144040E-01    1.145289E-01    1.173078E-01    1.184865E-02   -1.900559E-02    8.384285E-04
    1.138690E-01    1.139944E-01    1.167853E-01    1.057738E-02   -1.922797E-02    1.328432E-03
    1.132684E-01    1.133944E-01    1.161992E-01    9.304700E-03   -1.937766E-02    1.851173E-03
    1.126048E-01    1.127314E-01    1.155520E-01    8.030197E-03   -1.944848E-02    2.404172E-03
    1.118809E-01    1.120083E-01    1.148464E-01    6.753608E-03   -1.943456E-02    2.986349E-03
    1.110993E-01    1.112276E-01    1.140850E-01    5.474825E-03   -1.933039E-02    3.595056E-03
    1.102631E-01    1.103922E-01    1.132708E-01    4.193891E-03   -1.913092E-02    4.230860E-03
    1.093749E-01    1.095051E-01    1.124064E-01    2.911006E-03   -1.883168E-02    4.892798E-03
    1.084379E-01    1.085691E-01    1.114949E-01    1.626516E-03   -1.842881E-02    5.577555E-03
    1.074548E-01    1.075871E-01    1.105390E-01    3.409156E-04   -1.791919E-02    6.275456E-03
    1.064285E-01    1.065621E-01    1.095417E-01   -9.451597E-04   -1.730047E-02    6.978227E-03
    1.053621E-01    1.054970E-01    1.085059E-01   -2.230935E-03   -1.657117E-02    7.674638E-03
    1.042584E-01    1.043947E-01    1.074343E-01   -3.515505E-03   -1.573069E-02    8.350165E-03
    1.031203E-01    1.032579E-01    1.063298E-01   -4.797835E-03   -1.477935E-02    8.988114E-03
    1.019505E-01    1.020896E-01    1.051952E-01   -6.076773E-03   -1.371848E-02    9.570076E-03
    1.007519E-01    1.008925E-01    1.040331E-01   -7.351053E-03   -1.255037E-02    1.007684E-02
    9.952700E-02    9.966926E-02    1.028462E-01   -8.619305E-03   -1.127829E-02    1.048945E-02
    9.827855E-02    9.842248E-02    1.016371E-01   -9.880060E-03   -9.906526E-03    1.079033E-02
    9.700904E-02    9.715468E-02    1.004082E-01   -1.113176E-02   -8.440314E-03    1.096453E-02
    9.572090E-02    9.586830E-02    9.916197E-02   -1.237276E-02   -6.885835E-03    1.100050E-02
    9.441648E-02    9.456569E-02    9.790063E-02   -1.360136E-02   -5.250167E-03    1.089152E-02
    9.309801E-02    9.324910E-02    9.662641E-02   -1.481576E-02   -3.541236E-03    1.063649E-02
    9.176766E-02    9.192065E-02    9.534141E-02   -1.601414E-02   -1.767754E-03    1.023777E-02
    9.042745E-02    9.058241E-02    9.404764E-02   -1.719461E-02    6.085671E-05    9.709451E-03
    8.907933E-02    8.923629E-02    9.274698E-02   -1.835525E-02    1.934543E-03    9.063969E-03
    8.772513E-02    8.788414E-02    9.144124E-02   -1.949410E-02    3.842708E-03    8.321681E-03
    8.636659E-02    8.652767E-02    9.013209E-02   -2.060918E-02    5.774315E-03    7.507024E-03
    8.500531E-02    8.516853E-02    8.882112E-02   -2.169849E-02    7.717982E-03    6.646631E-03
    8.364284E-02    8.380821E-02    8.750983E-02   -2.276002E-02    9.662095E-03    5.768264E-03
    8.228059E-02    8.244816E-02    8.619960E-02   -2.379177E-02    1.159492E-02    4.899358E-03
    8.091989E-02    8.108969E-02    8.489171E-02   -2.479173E-02    1.350472E-02    4.062963E-03
    7.956197E-02    7.973403E-02    8.358738E-02   -2.575792E-02    1.537985E-02    3.286102E-03
    7.820798E-02    7.838233E-02    8.228770E-02   -2.668836E-02    1.720892E-02    2.589403E-03
    7.685896E-02    7.703564E-02    8.099371E-02   -2.758112E-02    1.898085E-02    1.975818E-03
    7.551590E-02    7.569493E-02    7.970635E-02   -2.843427E-02    2.068502E-02    1.467712E-03
    7.417968E-02    7.436109E-02    7.842647E-02   -2.924595E-02    2.231138E-02    1.057579E-03
    7.285113E-02    7.303494E-02    7.715488E-02   -3.001434E-02    2.385054E-02    7.476914E-04
    7.153098E-02    7.171722E-02    7.589230E-02   -3.073765E-02    2.529384E-02    5.312673E-04
    7.021992E-02    7.040862E-02    7.463937E-02   -3.141417E-02    2.663351E-02    3.972189E-04
    6.891857E-02    6.910975E-02    7.339670E-02   -3.204223E-02    2.786267E-02    3.433832E-04
    6.762748E-02    6.782116E-02    7.216481E-02   -3.262026E-02    2.897545E-02    3.492268E-04
    6.634716E-02    6.654336E-02    7.094419E-02   -3.314671E-02    2.996703E-02    4.289134E-04
    6.507806E-02    6.527681E-02    6.973527E-02   -3.362016E-02    3.083371E-02    5.380487E-04
    6.382058E-02    6.402189E-02    6.853843E-02   -3.403923E-02    3.157291E-02    6.647097E-04
    6.257508E-02    6.277897E-02    6.735401E-02   -3.440266E-02    3.218322E-02    8.615983E-04
    6.134188E-02    6.154836E-02    6.618232E-02   -3.470924E-02    3.266440E-02    1.055021E-03
    6.012125E-02    6.033035E-02    6.502360E-02   -3.495789E-02    3.301738E-02    1.317581E-03
    5.891344E-02    5.912518E-02    6.387809E-02   -3.514760E-02    3.324425E-02    1.597551E-03
    5.771866E-02    5.793305E-02    6.274598E-02   -3.527748E-02    3.334819E-02    1.916212E-03
    5.653710E-02    5.675415E-02    6.162744E-02   -3.534672E-02    3.333350E-02    2.277883E-03
    5.536889E-02    5.558862E-02    6.052260E-02   -3.535464E-02    3.320548E-02    2.687113E-03
    5.421417E-02    5.443660E-02    5.943157E-02   -3.530065E-02    3.297039E-02    3.136473E-03
    5.307305E-02    5.329818E-02    5.835445E-02   -3.518428E-02    3.263535E-02    3.628085E-03
    5.194560E-02    5.217345E-02    5.729130E-02   -3.500517E-02    3.220827E-02    4.143986E-03
    5.083188E-02    5.106246E-02    5.624216E-02   -3.476309E-02    3.169776E-02    4.696798E-03
    4.973195E-02    4.996527E-02    5.520707E-02   -3.445789E-02    3.111299E-02    5.240867E-03
    4.864581E-02    4.888189E-02    5.418604E-02   -3.408958E-02    3.046356E-02    5.780445E-03
    4.757350E-02    4.781234E-02    5.317907E-02   -3.365826E-02    2.975946E-02    6.285240E-03
    4.651499E-02    4.675661E-02    5.218615E-02   -3.316417E-02    2.901084E-02    6.738514E-03
    4.547029E-02    4.571469E-02    5.120724E-02   -3.260765E-02    2.822795E-02    7.110528E-03
    4.443935E-02    4.468655E-02    5.024231E-02   -3.198917E-02    2.742101E-02    7.393227E-03
    4.342215E-02    4.367215E-02    4.929130E-02   -3.130933E-02    2.660003E-02    7.563826E-03
    4.241862E-02    4.267144E-02    4.835417E-02   -3.056884E-02    2.577472E-02    7.616167E-03
    4.142873E-02    4.168437E-02    4.743083E-02   -2.976853E-02    2.495438E-02    7.544972E-03
    4.045240E-02    4.071086E-02    4.652122E-02   -2.890935E-02    2.414774E-02    7.354265E-03
    3.948956E-02    3.975086E-02    4.562526E-02   -2.799238E-02    2.336289E-02    7.055830E-03
    3.854014E-02    3.880427E-02    4.474284E-02   -2.701879E-02    2.260717E-02    6.656265E-03
    3.760404E-02    3.787102E-02    4.387389E-02   -2.598989E-02    2.188705E-02    6.179499E-03
    3.668118E-02    3.695102E-02    4.301830E-02   -2.490709E-02    2.120808E-02    5.642828E-03
    3.577147E-02    3.604416E-02    4.217596E-02   -2.377191E-02    2.057484E-02    5.069245E-03
    3.487480E-02    3.515035E-02    4.134676E-02   -2.258598E-02    1.999085E-02    4.482602E-03
    3.399107E-02    3.426949E-02    4.053060E-02   -2.135103E-02    1.945856E-02    3.904299E-03
    3.312018E-02    3.340147E-02    3.972736E-02   -2.006890E-02    1.897929E-02    3.359393E-03
    3.226202E-02    3.254618E-02    3.893691E-02   -1.874152E-02    1.855331E-02    2.851516E-03
    3.141647E-02    3.170351E-02    3.815914E-02   -1.737093E-02    1.817974E-02    2.394153E-03
    3.058341E-02    3.087334E-02    3.739393E-02   -1.595923E-02    1.785668E-02    1.996772E-03
    2.976274E-02    3.005555E-02    3.664114E-02   -1.450863E-02    1.758117E-02    1.653821E-03
    2.895434E-02    2.925003E-02    3.590065E-02   -1.302143E-02    1.734933E-02    1.336106E-03
    2.815808E-02    2.845666E-02    3.517233E-02   -1.149997E-02    1.715637E-02    1.148392E-03
    2.737384E-02    2.767531E-02    3.445605E-02   -9.946690E-03    1.699670E-02    9.705807E-04
    2.660149E-02    2.690586E-02    3.375168E-02   -8.364096E-03    1.686405E-02    8.076506E-04
    2.584093E-02    2.614818E-02    3.305909E-02   -6.754747E-03    1.675156E-02    7.598544E-04
    2.509201E-02    2.540216E-02    3.237814E-02   -5.121260E-03    1.665191E-02    6.894903E-04
    2.435461E-02    2.466766E-02    3.170870E-02   -3.466302E-03    1.655748E-02    7.197868E-04
    2.125065E-02    2.157639E-02    2.890266E-02    3.983855E-03    1.600787E-02    1.322410E-03
    1.835568E-02    1.869409E-02    2.630452E-02    1.155884E-02    1.479096E-02    2.949135E-03
    1.565907E-02    1.601009E-02    2.390303E-02    1.901947E-02    1.249685E-02    4.799070E-03
    1.315037E-02    1.351394E-02    2.168714E-02    2.613381E-02    9.089986E-03    5.427041E-03
    1.081939E-02    1.119541E-02    1.964613E-02    3.268790E-02    4.965985E-03    4.457400E-03
    8.656273E-03    9.044618E-03    1.776962E-02    3.849580E-02    8.730540E-04    2.934133E-03
    6.651506E-03    7.052049E-03    1.604764E-02    4.340838E-02   -2.289374E-03    1.657817E-03
    4.795966E-03    5.208555E-03    1.447061E-02    4.732016E-02   -3.740234E-03    8.115585E-04
    3.080924E-03    3.505392E-03    1.302940E-02    5.017384E-02   -3.067900E-03    8.908203E-04
    1.498044E-03    1.934210E-03    1.171531E-02    5.196211E-02   -3.905434E-04    2.220224E-03
    3.938821E-05    4.870568E-04    1.052004E-02    5.272648E-02    3.656904E-03    3.719785E-03
   -1.302595E-03   -8.436302E-04    9.435755E-03    5.255310E-02    8.090082E-03    4.005161E-03
   -2.535075E-03   -2.065032E-03    8.454987E-03    5.156576E-02    1.187181E-02    3.231016E-03
   -3.664853E-03   -3.183958E-03    7.570690E-03    4.991652E-02    1.422860E-02    2.242303E-03
   -4.698373E-03   -4.206861E-03    6.776198E-03    4.777434E-02    1.487697E-02    1.240898E-03
   -5.641734E-03   -5.139848E-03    6.065216E-03    4.531278E-02    1.408238E-02    6.954215E-04
   -6.500704E-03   -5.988691E-03    5.431808E-03    4.269737E-02    1.251514E-02    1.362923E-03
   -7.280734E-03   -6.758850E-03    4.870376E-03    4.007394E-02    1.096099E-02    2.602503E-03
   -7.986973E-03   -7.455475E-03    4.375651E-03    3.755855E-02    9.996378E-03    3.100373E-03
   -8.624279E-03   -8.083428E-03    3.942676E-03    3.523018E-02    9.768142E-03    2.759125E-03
   -9.197235E-03   -8.647296E-03    3.566790E-03    3.312683E-02    9.954995E-03    2.013875E-03
   -9.710161E-03   -9.151399E-03    3.243614E-03    3.124535E-02    9.960238E-03    1.067450E-03
   -1.016713E-02   -9.599810E-03    2.969038E-03    2.954542E-02    9.224545E-03    7.245544E-04
   -1.057197E-02   -9.996361E-03    2.739208E-03    2.795721E-02    7.532765E-03    1.435377E-03
   -1.092829E-02   -1.034466E-02    2.550510E-03    2.639219E-02    5.163450E-03    2.205596E-03
   -1.123948E-02   -1.064810E-02    2.399559E-03    2.475622E-02    2.794147E-03    2.429153E-03
   -1.150875E-02   -1.090987E-02    2.283188E-03    2.296351E-02    1.207655E-03    2.147266E-03
   -1.173907E-02   -1.113297E-02    2.198434E-03    2.095006E-02    9.276381E-04    1.307793E-03
   -1.193329E-02   -1.132021E-02    2.142527E-03    1.868505E-02    1.968278E-03    7.074527E-04
   -1.209403E-02   -1.147424E-02    2.112881E-03    1.617878E-02    3.830387E-03    1.071540E-03
   -1.222379E-02   -1.159755E-02    2.107081E-03    1.348600E-02    5.745332E-03    1.667871E-03
   -1.232490E-02   -1.169244E-02    2.122877E-03    1.070385E-02    7.057865E-03    1.957548E-03
   -1.239954E-02   -1.176112E-02    2.158170E-03    7.964391E-03    7.518989E-03    1.884316E-03
   -1.244977E-02   -1.180563E-02    2.211007E-03    5.422126E-03    7.337173E-03    1.165144E-03
   -1.247749E-02   -1.182787E-02    2.279570E-03    3.237654E-03    6.985283E-03    7.128872E-04
   -1.248452E-02   -1.182965E-02    2.362170E-03    1.559230E-03    6.847349E-03    1.007815E-03
   -1.247254E-02   -1.181264E-02    2.457237E-03    5.043209E-04    6.960415E-03    1.446620E-03
   -1.244312E-02   -1.177842E-02    2.563315E-03    1.435305E-04    7.011768E-03    1.733876E-03
   -1.239774E-02   -1.172846E-02    2.679054E-03    4.891168E-04    6.578719E-03    1.318477E-03
   -1.233777E-02   -1.166411E-02    2.803203E-03    1.489944E-03    5.488881E-03    7.675984E-02
   -1.226451E-02   -1.158668E-02    2.934605E-03    3.034003E-03    3.997951E-03    7.538605E-04
   -1.217914E-02   -1.149735E-02    3.072191E-03    4.958699E-03    2.679181E-03    1.034536E-03
   -1.208281E-02   -1.139725E-02    3.214973E-03    7.068040E-03    2.070695E-03    1.439302E-03
   -1.197655E-02   -1.128741E-02    3.362042E-03    9.154830E-03    2.326060E-03    1.378699E-03
   -1.186134E-02   -1.116880E-02    3.512559E-03    1.102506E-02    3.124132E-03    8.299867E-04
   -1.173810E-02   -1.104233E-02    3.665753E-03    1.252119E-02    3.912645E-03    7.068465E-04
   -1.160766E-02   -1.090884E-02    3.820916E-03    1.354086E-02    4.306057E-03    8.078079E-04
   -1.147081E-02   -1.076911E-02    3.977400E-03    1.404813E-02    4.332125E-03    1.228168E-03
   -1.132830E-02   -1.062387E-02    4.134609E-03    1.407516E-02    4.329886E-03    1.093132E-03
   -1.118080E-02   -1.047380E-02    4.292001E-03    1.371365E-02    4.585797E-03    8.169910E-04
   -1.102895E-02   -1.031952E-02    4.449082E-03    1.309723E-02    5.022710E-03    1.394665E-04
   -1.087332E-02   -1.016162E-02    4.605400E-03    1.237705E-02    5.154941E-03    7.916178E-04
   -1.071447E-02   -1.000063E-02    4.760548E-03    1.169529E-02    4.815633E-03    1.108754E-03
   -1.055291E-02   -9.837055E-03    4.914154E-03    1.115915E-02    3.816817E-03    9.423855E-04
   -1.038909E-02   -9.671355E-03    5.065884E-03    1.082325E-02    2.718441E-03    6.997554E-04
   -1.022345E-02   -9.503956E-03    5.215438E-03    1.068083E-02    2.104267E-03    5.482666E-04
   -1.005640E-02   -9.335252E-03    5.362546E-03    1.066747E-02    2.178847E-03    8.560341E-04
   -9.888286E-03   -9.165606E-03    5.506967E-03    1.067672E-02    2.637931E-03    9.524694E-04
   -9.719461E-03   -8.995352E-03    5.648486E-03    1.058486E-02    2.989955E-03    7.716107E-04
   -9.550234E-03   -8.824797E-03    5.786913E-03    1.027975E-02    3.029619E-03    5.323950E-04
   -9.380893E-03   -8.654224E-03    5.922082E-03    9.689218E-03    2.964713E-03    6.536704E-04
   -9.211699E-03   -8.483890E-03    6.053847E-03    8.800541E-03    3.136207E-03    8.222676E-04
   -9.042895E-03   -8.314032E-03    6.182082E-03    7.668531E-03    3.553584E-03    7.645708E-04
   -8.874700E-03   -8.144866E-03    6.306678E-03    6.408493E-03    3.818190E-03    5.305000E-04
   -8.707317E-03   -7.976590E-03    6.427545E-03    5.175230E-03    3.578245E-03    5.360198E-04
   -8.540927E-03   -7.809382E-03    6.544605E-03    4.131901E-03    2.561772E-03    7.349265E-04
   -8.375699E-03   -7.643404E-03    6.657795E-03    3.415929E-03    2.228090E-03    7.204449E-04
   -8.211782E-03   -7.478804E-03    6.767068E-03    3.108882E-03    1.981044E-03    4.890860E-04
   -8.049313E-03   -7.315714E-03    6.872384E-03    3.218517E-03    2.083907E-03    5.291129E-04
   -7.888416E-03   -7.154252E-03    6.973718E-03    3.677787E-03    2.223966E-03    6.496472E-04
   -7.729199E-03   -6.994527E-03    7.071050E-03    4.358576E-03    2.218050E-03    6.308348E-04
   -7.571762E-03   -6.836632E-03    7.164374E-03    5.104673E-03    2.240176E-03    4.321972E-04
   -7.416191E-03   -6.680652E-03    7.253690E-03    5.766290E-03    2.490047E-03    4.945212E-04
   -7.262565E-03   -6.526660E-03    7.339004E-03    6.234081E-03    2.814633E-03    4.447589E-04
   -7.110952E-03   -6.374723E-03    7.420330E-03    6.461281E-03    2.848909E-03    5.336553E-04
   -6.961410E-03   -6.224895E-03    7.497688E-03    6.467799E-03    2.490406E-03    4.207999E-04
   -6.813990E-03   -6.077225E-03    7.571104E-03    6.325621E-03    2.045353E-03   -2.027427E-04
   -6.668737E-03   -5.931754E-03    7.640608E-03    6.129983E-03    1.854866E-03    5.035404E-04
   -6.525687E-03   -5.788515E-03    7.706234E-03    5.965110E-03    1.841125E-03   -1.802180E-04
   -6.384870E-03   -5.647538E-03    7.768021E-03    5.875663E-03    1.793462E-03    3.588300E-04
   -6.246311E-03   -5.508842E-03    7.826009E-03    5.853189E-03    1.670173E-03   -4.746377E-04
   -6.110028E-03   -5.372446E-03    7.880244E-03    5.841948E-03    1.766636E-03    4.114496E-04
   -5.976035E-03   -5.238359E-03    7.930774E-03    5.763192E-03    2.081868E-03    1.260691E-04
   -5.844341E-03   -5.106590E-03    7.977646E-03    5.547929E-03    2.275361E-03    4.217932E-04
   -5.714951E-03   -4.977141E-03    8.020913E-03    5.167420E-03    2.105029E-03    3.584364E-04
   -5.587866E-03   -4.850011E-03    8.060628E-03    4.649697E-03    1.792460E-03    3.606655E-04
   -5.463083E-03   -4.725195E-03    8.096844E-03    4.075071E-03    5.721390E-04    3.806499E-04
   -5.340596E-03   -4.602686E-03    8.129618E-03    3.549959E-03    1.598695E-03    4.356530E-04
   -5.220396E-03   -4.482472E-03    8.159004E-03    3.172308E-03    1.497792E-03    3.364424E-04
   -5.102471E-03   -4.364540E-03    8.185061E-03    2.996103E-03    1.347725E-03    3.385662E-04
   -4.986806E-03   -4.248875E-03    8.207844E-03    3.016338E-03    1.481550E-03    3.270634E-04
   -4.873386E-03   -4.135458E-03    8.227413E-03    3.171383E-03    1.731559E-03    3.890237E-04
   -4.762191E-03   -4.024270E-03    8.243823E-03    3.371417E-03    1.787559E-03    1.996150E-04
   -4.653200E-03   -3.915287E-03    8.257132E-03    3.536335E-03    1.581897E-03    3.435508E-04
   -4.546392E-03   -3.808488E-03    8.267399E-03    3.623478E-03    1.471838E-03    2.906363E-04
   -4.441742E-03   -3.703846E-03    8.274679E-03    3.640103E-03    1.412233E-03    2.368280E-04
   -4.339225E-03   -3.601336E-03    8.279029E-03    3.633202E-03    1.246722E-03    3.447206E-04
   -4.238815E-03   -3.500929E-03    8.280506E-03    3.648538E-03    1.164582E-03    1.738590E-04
   -4.140483E-03   -3.402599E-03    8.279165E-03    3.707740E-03    1.241897E-03    2.423840E-04
   -4.044202E-03   -3.306314E-03    8.275060E-03    3.786135E-03    1.392898E-03    2.848019E-04
   -3.949942E-03   -3.212046E-03    8.268247E-03    3.823053E-03    1.417197E-03    2.600063E-04
   -3.857673E-03   -3.119762E-03    8.258777E-03    3.752135E-03    1.319698E-03    6.825765E-03
   -3.767365E-03   -3.029433E-03    8.246703E-03    3.541705E-03    1.275501E-03    2.992208E-04
   -3.678984E-03   -2.941025E-03    8.232078E-03    3.222064E-03    1.192298E-03    2.626774E-04
   -3.592501E-03   -2.854507E-03    8.214951E-03    2.862740E-03    1.031624E-03    2.629415E-04
   -3.507882E-03   -2.769846E-03    8.195373E-03    2.561895E-03    1.018339E-03    2.176505E-04
   -3.425095E-03   -2.687009E-03    8.173391E-03    2.388423E-03    1.157535E-03    2.599760E-04
   -3.344108E-03   -2.605962E-03    8.149055E-03    2.354833E-03    1.178023E-03    2.782786E-04
   -3.264887E-03   -2.526673E-03    8.122410E-03    2.405826E-03    1.049664E-03    2.393269E-04
   -3.187398E-03   -2.449107E-03    8.093502E-03    2.460808E-03    1.119742E-03   -3.174994E-04
   -3.111609E-03   -2.373232E-03    8.062376E-03    2.484291E-03    1.036924E-03   -3.211992E-05
   -3.037487E-03   -2.299013E-03    8.029075E-03    2.447274E-03    8.847013E-04    5.607098E-04
   -2.964997E-03   -2.226418E-03    7.993643E-03    2.413140E-03    8.848830E-04    2.411447E-04
   -2.894106E-03   -2.155412E-03    7.956121E-03    2.420801E-03    9.987179E-04    2.044227E-04
   -2.824781E-03   -2.085963E-03    7.916549E-03    2.492277E-03    9.411827E-04   -7.740151E-05
   -2.756989E-03   -2.018036E-03    7.874968E-03    2.587520E-03    9.834858E-04    2.079585E-04
   -2.690697E-03   -1.951599E-03    7.831415E-03    2.635279E-03    9.672492E-04    1.896096E-04
   -2.625870E-03   -1.886619E-03    7.785930E-03    2.565579E-03    8.246616E-04   -4.720067E-04
   -2.562476E-03   -1.823062E-03    7.738549E-03    2.399089E-03    7.860314E-04    1.852631E-04
   -2.500482E-03   -1.760896E-03    7.689307E-03    2.170574E-03    5.476148E-04    2.070106E-04
   -2.439856E-03   -1.700087E-03    7.638242E-03    1.970913E-03    8.252075E-04    2.910229E-03
   -2.380563E-03   -1.640604E-03    7.585386E-03    1.859219E-03    8.663408E-04   -1.301390E-03
   -2.322573E-03   -1.582414E-03    7.530773E-03    1.832526E-03    4.079560E-04    1.948528E-04
   -2.265852E-03   -1.525485E-03    7.474438E-03    1.841481E-03    7.199456E-04    5.643973E-06
   -2.210367E-03   -1.469785E-03    7.416411E-03    1.831535E-03    7.215893E-04    1.755400E-04
   -2.156088E-03   -1.415281E-03    7.356726E-03    1.799652E-03    5.778849E-04    1.775585E-04
   -2.102981E-03   -1.361943E-03    7.295414E-03    1.774826E-03    7.241859E-04   -8.138685E-05
   -2.051014E-03   -1.309738E-03    7.232504E-03    1.791603E-03    6.585006E-04    1.423886E-04
   -2.000156E-03   -1.258634E-03    7.168029E-03    1.715288E-03    7.276590E-04    9.940280E-05
   -1.950375E-03   -1.208601E-03    7.102018E-03    1.821660E-03    6.534309E-04   -6.389968E-04
   -1.901638E-03   -1.159607E-03    7.034501E-03    1.889038E-03    6.232825E-04    2.007296E-04
   -1.853915E-03   -1.111620E-03    6.965509E-03    1.786618E-03    6.409069E-04    1.404342E-04
   -1.807173E-03   -1.064609E-03    6.895070E-03    1.664499E-03    9.162277E-05    7.480781E-04
   -1.761379E-03   -1.018543E-03    6.823216E-03    1.556859E-03    6.587520E-04    1.256661E-03
   -1.716504E-03   -9.733900E-04    6.749975E-03    1.493667E-03    6.133250E-04    1.365150E-04
   -1.672513E-03   -9.291188E-04    6.675379E-03    1.459081E-03    5.881961E-04    2.048709E-04
   -1.629376E-03   -8.856978E-04    6.599459E-03    1.409000E-03    5.696069E-04    1.244596E-04
   -1.587059E-03   -8.430951E-04    6.522245E-03    1.368643E-03    5.509896E-04    1.334178E-04
   -1.545531E-03   -8.012789E-04    6.443770E-03    1.352489E-03    6.072816E-04    8.164844E-04
   -1.504759E-03   -7.602170E-04    6.364066E-03    4.545298E-04    5.374601E-04    1.254135E-04
   -1.464709E-03   -7.198768E-04    6.283168E-03    1.439875E-03    5.289777E-04    1.195813E-04
   -1.425348E-03   -6.802256E-04    6.201111E-03    1.461853E-03    5.022532E-04    9.583393E-05
   -1.386642E-03   -6.412301E-04    6.117930E-03    1.420913E-03    5.110171E-04   -2.561756E-05
   -1.348557E-03   -6.028567E-04    6.033664E-03    1.339456E-03    4.259506E-04   -4.608893E-04
   -1.311058E-03   -5.650712E-04    5.948353E-03    1.263954E-03    5.089044E-04    8.011403E-05
   -1.274110E-03   -5.278388E-04    5.862038E-03    1.229597E-03    4.857611E-04    1.957151E-04
   -1.237677E-03   -4.911242E-04    5.774762E-03    1.027097E-03    4.618097E-04    1.102751E-04
   -1.201721E-03   -4.548913E-04    5.686573E-03    1.150848E-03    4.872330E-04    1.060994E-04
   -1.166205E-03   -4.191030E-04    5.597517E-03    1.101818E-03    4.679502E-04   -6.342022E-03
   -1.131091E-03   -3.837215E-04    5.507648E-03    1.090388E-03    4.559895E-04    8.498036E-05
   -1.096339E-03   -3.487081E-04    5.417020E-03    1.120024E-03    4.018903E-04    3.725588E-05
   -1.061908E-03   -3.140228E-04    5.325691E-03    1.157828E-03    4.240494E-04   -3.630213E-04
   -1.027757E-03   -2.796245E-04    5.233722E-03    1.150631E-03    4.366273E-04    8.726626E-04
   -9.938416E-04   -2.454708E-04    5.141180E-03    1.100985E-03    4.352471E-04   -7.752511E-05
   -9.601181E-04   -2.115179E-04    5.048135E-03    1.041293E-03    2.663495E-04    9.175414E-04
   -9.265401E-04   -1.777206E-04    4.954662E-03    1.019298E-03    3.964426E-04    1.426176E-04
   -8.930599E-04   -1.440318E-04    4.860841E-03    9.765592E-04    3.644316E-04    8.789941E-05
   -8.596278E-04   -1.104026E-04    4.766757E-03    9.340714E-04    3.986629E-04   -2.014386E-04
   -8.261921E-04   -7.678247E-05    4.672500E-03    9.072190E-04    3.746181E-04    3.887845E-04
   -7.926991E-04   -4.311838E-05    4.578168E-03    2.885136E-04    3.716610E-04    1.859259E-04
   -7.590928E-04   -9.355224E-06    4.483864E-03    9.487007E-04    3.715592E-04   -1.335638E-03
   -7.253147E-04    2.456459E-05    4.389698E-03    8.993761E-04    3.660275E-04   -2.370408E-05
   -6.913037E-04    5.870132E-05    4.295788E-03    9.107076E-04    3.410280E-04    3.608427E-05
   -6.569956E-04    9.311806E-05    4.202257E-03    8.875112E-04    3.440670E-04    8.235405E-05
   -6.223233E-04    1.278810E-04    4.109240E-03    8.905145E-04    3.464354E-04    8.095057E-05
   -5.872164E-04    1.630595E-04    4.016877E-03    7.558744E-04    2.745282E-04   -2.400444E-04
   -5.516010E-04    1.987267E-04    3.925317E-03    7.561690E-04    2.615862E-04   -5.224942E-04
   -5.153991E-04    2.349592E-04    3.834720E-03    7.454857E-04    2.352926E-04    1.479721E-04
   -4.785290E-04    2.718380E-04    3.745253E-03    8.132268E-04    3.270932E-04   -3.083048E-06
   -4.409043E-04    3.094482E-04    3.657096E-03    8.062679E-04    3.203508E-04   -5.483485E-05
   -4.024341E-04    3.478796E-04    3.570435E-03    8.024216E-04    3.157433E-04    1.099563E-04
   -3.630223E-04    3.872272E-04    3.485470E-03    7.853158E-04   -2.671288E-03   -2.587549E-04
   -3.225677E-04    4.275912E-04    3.402410E-03    7.911379E-04    3.109001E-04    6.987063E-05
   -2.809630E-04    4.690775E-04    3.321475E-03    7.672874E-04    3.085388E-04   -6.096448E-05
   -2.380951E-04    5.117980E-04    3.242897E-03    7.167875E-04    1.789656E-05    5.511259E-05
   -1.938440E-04    5.558715E-04    3.166920E-03    7.351910E-04    2.984785E-04    1.121667E-03
   -1.480829E-04    6.014235E-04    3.093798E-03    7.383078E-04    2.497926E-04    1.270531E-04
   -1.006773E-04    6.485871E-04    3.023800E-03    7.520510E-04    2.915291E-04   -4.771114E-03
   -5.148499E-05    6.975032E-04    2.957203E-03    6.892541E-04    1.261495E-04    6.131649E-05
   -3.548668E-07    7.483214E-04    2.894300E-03    7.332600E-04    2.907735E-04    6.095600E-05
    5.287314E-05    8.012003E-04    2.835394E-03    7.405795E-04    2.897768E-04   -1.411680E-04
    1.083689E-04    8.563084E-04    2.780802E-03    7.114080E-04    2.281462E-04    1.688587E-04
    1.663127E-04    9.138241E-04    2.730851E-03    7.034429E-04    2.869681E-04   -3.440872E-04
    2.268958E-04    9.739374E-04    2.685883E-03    6.758025E-04   -3.542964E-04    7.672709E-04
    2.903215E-04    1.036850E-03    2.646250E-03    7.252506E-04    2.712327E-04    3.155104E-04
    3.568055E-04    1.102775E-03    2.612317E-03    7.060742E-04    2.045420E-04    1.697094E-03
    4.265773E-04    1.171941E-03    2.584461E-03    7.281695E-04    2.798160E-04    6.798993E-05
    4.998802E-04    1.244589E-03    2.563070E-03    7.521254E-04    2.479833E-04    7.083374E-05
    5.769734E-04    1.320976E-03    2.548545E-03    6.065722E-04    2.689738E-04   -2.540847E-05
    6.581319E-04    1.401375E-03    2.541296E-03    7.371604E-04   -4.836455E-04    8.459951E-03
    7.436481E-04    1.486077E-03    2.541744E-03    7.593501E-04    2.887620E-04    4.279994E-04
    8.338332E-04    1.575390E-03    2.550323E-03   -5.666298E-04    2.672997E-04    1.024981E-04
    9.290177E-04    1.669643E-03    2.567476E-03    7.718474E-04    2.797234E-04    1.573085E-04
    1.029553E-03    1.769184E-03    2.593654E-03    7.528996E-04    2.771645E-04    2.213921E-05
    1.135813E-03    1.874385E-03    2.629320E-03    7.097335E-04    3.227152E-04    4.186016E-04
    1.248196E-03    1.985642E-03    2.674947E-03    8.030549E-04   -8.903547E-06    8.985093E-05
    1.367123E-03    2.103372E-03    2.731016E-03    7.893465E-04    1.332258E-03    8.416064E-05
    1.493045E-03    2.228024E-03    2.798018E-03    6.111814E-04    3.461719E-04    7.790130E-05
    1.626439E-03    2.360072E-03    2.876452E-03    8.180889E-04    2.746287E-04    8.661389E-05
    1.767813E-03    2.500021E-03    2.966830E-03    8.983580E-04    3.029733E-04   -1.060635E-03
    1.917709E-03    2.648409E-03    3.069669E-03    9.451159E-04    2.999106E-04    6.000514E-05
    2.076700E-03    2.805805E-03    3.185500E-03    6.926579E-04    3.838349E-04   -5.034161E-05
    2.245397E-03    2.972817E-03    3.314865E-03    9.881515E-04   -2.058531E-04    1.588614E-04
    2.424450E-03    3.150092E-03    3.458315E-03    1.015077E-03    4.422414E-04    8.296302E-05
    2.614549E-03    3.338314E-03    3.616418E-03   -6.061772E-04    2.955233E-04    1.994948E-04
    2.816428E-03    3.538212E-03    3.789754E-03    1.091710E-03    4.593321E-04    5.114619E-04
    3.030865E-03    3.750563E-03    3.978921E-03    1.148991E-03    3.392018E-04   -5.896383E-05
    3.258690E-03    3.976190E-03    4.184536E-03    1.206080E-03    4.780763E-04    3.879139E-04
    3.500782E-03    4.215967E-03    4.407236E-03    1.217924E-03    4.962271E-04    1.152429E-04
    3.758076E-03    4.470823E-03    4.647684E-03    1.140479E-03    9.664771E-04    1.156024E-04
    4.031564E-03    4.741745E-03    4.906571E-03    1.362088E-03    5.434275E-04    2.037763E-03
    4.322300E-03    5.029781E-03    5.184621E-03    1.422827E-03    5.665866E-04    8.929434E-05
    4.631401E-03    5.336043E-03    5.482593E-03    1.455171E-03    5.637597E-04    1.627686E-04
    4.960055E-03    5.661711E-03    5.801290E-03    1.575269E-03    6.277475E-04    8.507019E-04
    5.309521E-03    6.008037E-03    6.141561E-03    1.647812E-03    2.804578E-04    1.337346E-04
    5.681132E-03    6.376347E-03    6.504309E-03    1.243448E-03    7.018237E-04    1.694536E-04
    6.076304E-03    6.768050E-03    6.890499E-03    1.819801E-03    7.284753E-04   -5.089461E-03
    6.496537E-03    7.184637E-03    7.301163E-03    1.935387E-03    8.063659E-04    1.609578E-04
    6.943419E-03    7.627687E-03    7.737408E-03    2.033849E-03    8.517179E-04    1.753414E-04
    7.418632E-03    8.098874E-03    8.200426E-03    2.117683E-03    7.125810E-04    2.485313E-03
    7.923957E-03    8.599968E-03    8.691503E-03   -5.614138E-04    8.981621E-04    2.778452E-05
    8.461276E-03    9.132842E-03    9.212023E-03    2.377685E-03   -2.347874E-04    2.209505E-04
    9.032580E-03    9.699477E-03    9.763485E-03    2.522278E-03    6.161165E-04    6.981946E-04
    9.639974E-03    1.030196E-02    1.034751E-02   -2.839956E-03    6.452692E-04    4.741592E-04
    1.028568E-02    1.094252E-02    1.096584E-02    2.602641E-03    1.124064E-03    2.798435E-04
    1.097204E-02    1.162346E-02    1.162038E-02    2.501783E-03    1.197765E-03    2.646901E-04
    1.170153E-02    1.234727E-02    1.231316E-02    3.145317E-03    1.167154E-03    3.753103E-04
    1.247676E-02    1.311652E-02    1.304638E-02    3.343593E-03    1.322596E-03   -3.295576E-02
    1.330047E-02    1.393395E-02    1.382241E-02    3.487004E-03    9.990513E-04    1.289789E-04
    1.417555E-02    1.480244E-02    1.464381E-02    3.739460E-03    1.479271E-03    1.511255E-03
    1.510503E-02    1.572499E-02    1.551330E-02    3.978559E-03    1.849091E-03    4.680409E-04
    1.609210E-02    1.670479E-02    1.643381E-02    4.111706E-03    2.625269E-03    3.460112E-04
    1.714011E-02    1.774515E-02    1.740847E-02    4.447669E-03    1.693333E-03    2.064133E-04
    1.825256E-02    1.884957E-02    1.844060E-02    4.221676E-03    2.456236E-03    5.257686E-05
    1.943311E-02    2.002168E-02    1.953374E-02    4.718854E-03    2.050665E-03    2.825175E-04
    2.068559E-02    2.126531E-02    2.069163E-02    5.333219E-03    2.009253E-03    4.950765E-04
    2.201401E-02    2.258442E-02    2.191821E-02    5.350359E-03   -3.714169E-03   -6.504946E-03
    2.342253E-02    2.398316E-02    2.321766E-02    5.722135E-03    1.804091E-03    8.453710E-03
    2.491548E-02    2.546584E-02    2.459432E-02    6.347510E-03    2.150896E-03    7.773510E-04
    2.649736E-02    2.703694E-02    2.605276E-02    6.745908E-03    2.682071E-03   -5.680258E-03
    2.817284E-02    2.870110E-02    2.759770E-02    7.182575E-03    2.631635E-03   -1.685871E-03
    2.994673E-02    3.046310E-02    2.923408E-02    7.613690E-03    2.496993E-03    9.044655E-04
    3.182401E-02    3.232790E-02    3.096696E-02    8.063690E-03    8.324340E-03    7.153815E-04
    3.380980E-02    3.430059E-02    3.280159E-02    8.514351E-03    3.026517E-03    8.719355E-04
    3.590935E-02    3.638639E-02    3.474330E-02    9.081589E-03    3.629035E-03    1.198721E-03
    3.812803E-02    3.859065E-02    3.679758E-02    9.625418E-03    3.830771E-03    6.042975E-04
    4.047133E-02    4.091881E-02    3.896995E-02    1.020460E-02    4.055194E-03    2.337118E-02
    4.294480E-02    4.337641E-02    4.126603E-02    1.081117E-02    3.591049E-03    9.685612E-04
    4.555408E-02    4.596906E-02    4.369146E-02    1.134641E-02    4.601084E-03    1.001238E-03
    4.830483E-02    4.870239E-02    4.625186E-02    1.201907E-02    4.768302E-03    4.217132E-03
    5.120276E-02    5.158206E-02    4.895282E-02    1.222888E-02    5.097485E-03    1.863855E-03
    5.425351E-02    5.461369E-02    5.179989E-02    3.841860E-03    6.194032E-03    1.037344E-03
    5.746269E-02    5.780286E-02    5.479846E-02    1.435849E-02    5.474611E-03    4.877347E-03
    6.083580E-02    6.115504E-02    5.795381E-02    1.521999E-02    5.582885E-03    1.013128E-03
    6.437821E-02    6.467557E-02    6.127102E-02    1.406102E-02    1.807809E-03    5.084983E-03
    6.809509E-02    6.836958E-02    6.475490E-02    1.701553E-02    6.496649E-03   -4.889828E-03
    7.199135E-02    7.224197E-02    6.841002E-02    1.785997E-02    9.378235E-03    2.270270E-03
    7.607161E-02    7.629732E-02    7.224059E-02    1.899472E-02    7.679479E-03    3.243054E-03
    8.034012E-02    8.053985E-02    7.625042E-02    2.003244E-02    7.927761E-03    1.840247E-03
    8.480068E-02    8.497335E-02    8.044289E-02    2.057939E-02    8.315665E-03    1.052471E-03
    8.945659E-02    8.960111E-02    8.482089E-02    1.175075E-02    7.265622E-03    2.180181E-03
    9.431060E-02    9.442582E-02    8.938673E-02    2.284696E-02    9.394111E-03    2.090421E-03
    9.936477E-02    9.944955E-02    9.414210E-02    2.474557E-02    5.889567E-03   -5.937896E-04
    1.046204E-01    1.046736E-01    9.908801E-02    2.605063E-02    9.800665E-03    4.010720E-04
    1.100782E-01    1.100986E-01    1.042247E-01    2.721374E-02    6.726406E-03    1.967148E-02
    1.157376E-01    1.157241E-01    1.095517E-01    2.879892E-02    1.142033E-02    1.575208E-03
    1.215974E-01    1.215488E-01    1.150674E-01    3.023877E-02    1.306483E-02    6.318577E-04
    1.276552E-01    1.275705E-01    1.207696E-01    3.157272E-02    1.683683E-02    2.800859E-03
    1.339077E-01    1.337856E-01    1.266549E-01    3.319064E-02    1.309238E-02   -1.637148E-02
    1.403502E-01    1.401895E-01    1.327187E-01    2.066382E-02    1.417176E-02    3.199680E-03
    1.469768E-01    1.467766E-01    1.389557E-01    3.652723E-02   -4.878069E-03    2.223772E-02
    1.537806E-01    1.535397E-01    1.453590E-01    3.821431E-02    1.384670E-02    2.929704E-03
    1.607530E-01    1.604705E-01    1.519208E-01    3.993996E-02    1.569203E-02    3.244475E-03
    1.678845E-01    1.675593E-01    1.586320E-01    4.166117E-02    2.038468E-02    3.685192E-03
    1.751639E-01    1.747951E-01    1.654822E-01    4.347782E-02    2.462653E-02    3.939919E-03
    1.825790E-01    1.821656E-01    1.724599E-01    4.530809E-02    9.558967E-03    4.034876E-03
    1.901159E-01    1.896572E-01    1.795522E-01    4.720860E-02    1.443825E-01    4.071898E-03
    1.977597E-01    1.972550E-01    1.867452E-01    4.909983E-02    1.881982E-02    4.699522E-03
    2.054944E-01    2.049430E-01    1.940236E-01    5.053048E-02    2.188667E-02    4.600991E-03
    2.133024E-01    2.127038E-01    2.013714E-01    5.225813E-02    2.014269E-02    3.193170E-03
    2.211655E-01    2.205191E-01    2.087711E-01    5.483381E-02    2.172846E-02    5.678346E-03
    2.290644E-01    2.283699E-01    2.162048E-01    5.683358E-02    2.211053E-02    2.676326E-03
    2.369787E-01    2.362358E-01    2.236533E-01    5.698951E-02    2.339864E-02    5.543939E-03
    2.448877E-01    2.440963E-01    2.310971E-01    6.009557E-02    2.313759E-02    5.381630E-03
    2.527699E-01    2.519298E-01    2.385159E-01    6.267613E-02    2.490505E-02    8.318304E-03
    2.606034E-01    2.597148E-01    2.458892E-01    6.464398E-02    2.434733E-02    2.096436E-03
    2.683661E-01    2.674292E-01    2.531961E-01    6.416217E-02    2.644856E-02    1.208486E-02
    2.760360E-01    2.750510E-01    2.604158E-01    6.830847E-02    2.719460E-02    3.437304E-03
    2.835909E-01    2.825583E-01    2.675274E-01    7.034367E-02    2.802660E-02    8.265761E-03
    2.910090E-01    2.899293E-01    2.745103E-01    7.217407E-02    2.815034E-02    7.208627E-03
    2.982690E-01    2.971429E-01    2.813444E-01    7.397756E-02    2.931475E-02    6.575310E-03
    3.053502E-01    3.041785E-01    2.880100E-01    7.570397E-02    3.023803E-02   -2.357340E-03
    3.122327E-01    3.110162E-01    2.944884E-01    7.733784E-02    3.076332E-02   -2.624700E-02
    3.188973E-01    3.176370E-01    3.007616E-01    7.907494E-02    3.107132E-02    7.214205E-03
    3.253261E-01    3.240231E-01    3.068125E-01    8.514200E-02    3.189656E-02    7.545787E-03
    3.315022E-01    3.301578E-01    3.126252E-01    8.220334E-02    3.263327E-02    7.588044E-03
    3.374100E-01    3.360255E-01    3.181851E-01    8.380427E-02    3.323371E-02   -1.098016E-02
    3.430355E-01    3.416121E-01    3.234788E-01    8.509670E-02    3.378784E-02    1.873731E-02
    3.483657E-01    3.469051E-01    3.284941E-01    8.623455E-02    3.420114E-02    7.777207E-03
    3.533895E-01    3.518931E-01    3.332206E-01    8.757755E-02    3.479586E-02    2.881190E-02
