    0.000000E+00    0.000000E+00    0.000000E+00    0.000000E+00    0.000000E+00    0.000000E+00
    0.000000E+00   -1.009742E-28   -1.615587E-27    0.000000E+00   -1.654361E-24    0.000000E+00
    1.972152E-31   -5.048710E-29    0.000000E+00   -4.135903E-25    1.654361E-24    1.323489E-23
    0.000000E+00   -5.048710E-29    0.000000E+00    8.271806E-25    0.000000E+00    0.000000E+00
    0.000000E+00   -1.009742E-28    0.000000E+00   -4.135903E-25   -3.308722E-24    0.000000E+00
    0.000000E+00    0.000000E+00   -1.615587E-27    4.135903E-25   -3.308722E-24   -2.646978E-23
    0.000000E+00   -5.048710E-29    0.000000E+00   -4.135903E-25   -3.308722E-24   -2.646978E-23
    5.916457E-31    0.000000E+00    0.000000E+00   -4.135903E-25    0.000000E+00   -2.646978E-23
    3.944305E-31   -1.009742E-28    0.000000E+00   -8.271806E-25    0.000000E+00    0.000000E+00
    0.000000E+00    0.000000E+00   -3.231174E-27   -8.271806E-25   -3.308722E-24    0.000000E+00
    3.944305E-31   -1.009742E-28    1.615587E-27    0.000000E+00    0.000000E+00    0.000000E+00
    3.944305E-31    0.000000E+00    0.000000E+00    0.000000E+00    0.000000E+00    2.646978E-23
    0.000000E+00    0.000000E+00    0.000000E+00   -8.271806E-25   -3.308722E-24   -2.646978E-23
    0.000000E+00   -1.009742E-28    0.000000E+00    8.271806E-25    6.617445E-24    5.293956E-23
    3.944305E-31    1.009742E-28   -3.231174E-27   -8.271806E-25    6.617445E-24    0.000000E+00
    7.888609E-31    1.009742E-28    3.231174E-27    8.271806E-25    0.000000E+00    0.000000E+00
    3.944305E-31    0.000000E+00   -3.231174E-27    8.271806E-25    0.000000E+00    0.000000E+00
    3.944305E-31    0.000000E+00    3.231174E-27    0.000000E+00    0.000000E+00    5.293956E-23
    7.888609E-31   -2.019484E-28   -3.231174E-27    1.654361E-24   -6.617445E-24    0.000000E+00
    0.000000E+00   -2.019484E-28    3.231174E-27   -1.654361E-24   -6.617445E-24    0.000000E+00
    7.888609E-31    0.000000E+00   -6.462349E-27    1.654361E-24    6.617445E-24    0.000000E+00
    7.888609E-31   -2.019484E-28    0.000000E+00    0.000000E+00   -6.617445E-24   -5.293956E-23
    7.888609E-31    0.000000E+00   -6.462349E-27    0.000000E+00    1.323489E-23    1.058791E-22
    1.577722E-30    0.000000E+00   -6.462349E-27    1.654361E-24    0.000000E+00    0.000000E+00
    2.366583E-30   -2.019484E-28    0.000000E+00    1.654361E-24    0.000000E+00    1.058791E-22
    7.888609E-31   -4.038968E-28    0.000000E+00    0.000000E+00   -1.323489E-23    1.058791E-22
    7.888609E-31    0.000000E+00    0.000000E+00    0.000000E+00    0.000000E+00   -1.058791E-22
    0.000000E+00   -8.077936E-28    0.000000E+00    0.000000E+00    0.000000E+00    1.058791E-22
    1.577722E-30   -4.038968E-28    6.462349E-27   -3.308722E-24   -1.323489E-23    0.000000E+00
    1.577722E-30   -4.038968E-28   -1.292470E-26   -3.308722E-24    0.000000E+00   -1.058791E-22
    1.577722E-30    0.000000E+00   -1.292470E-26    0.000000E+00    0.000000E+00    1.058791E-22
    0.000000E+00   -4.038968E-28   -1.292470E-26    0.000000E+00    0.000000E+00    0.000000E+00
    1.577722E-30   -4.038968E-28    0.000000E+00    3.308722E-24    0.000000E+00    0.000000E+00
    1.577722E-30    0.000000E+00   -1.292470E-26   -3.308722E-24   -2.646978E-23    0.000000E+00
    1.577722E-30    4.038968E-28    0.000000E+00    6.617445E-24   -2.646978E-23    0.000000E+00
    3.155444E-30   -8.077936E-28    1.292470E-26    6.617445E-24    0.000000E+00    0.000000E+00
    3.155444E-30    0.000000E+00    0.000000E+00    0.000000E+00    0.000000E+00    0.000000E+00
    0.000000E+00    0.000000E+00    0.000000E+00    0.000000E+00   -2.646978E-23    4.235165E-22
    3.155444E-30   -8.077936E-28   -1.292470E-26    0.000000E+00    0.000000E+00    2.117582E-22
    6.310887E-30    0.000000E+00    0.000000E+00    0.000000E+00    2.646978E-23    2.117582E-22
    3.155444E-30    8.077936E-28   -2.584939E-26    0.000000E+00   -1.058791E-22    0.000000E+00
    3.155444E-30    0.000000E+00   -2.584939E-26    0.000000E+00   -5.293956E-23    0.000000E+00
    3.155444E-30   -8.077936E-28    0.000000E+00    6.617445E-24   -5.293956E-23    0.000000E+00
    6.310887E-30   -8.077936E-28    0.000000E+00    0.000000E+00   -5.293956E-23    0.000000E+00
   -3.155444E-30    0.000000E+00    0.000000E+00    0.000000E+00    0.000000E+00    0.000000E+00
    0.000000E+00   -1.615587E-27   -2.584939E-26   -1.323489E-23   -5.293956E-23    0.000000E+00
    6.310887E-30    1.615587E-27    2.584939E-26    1.323489E-23    0.000000E+00    0.000000E+00
    0.000000E+00   -1.615587E-27    0.000000E+00    0.000000E+00    0.000000E+00   -4.235165E-22
    0.000000E+00   -1.615587E-27    0.000000E+00    2.646978E-23   -5.293956E-23   -4.235165E-22
    6.310887E-30   -1.615587E-27    0.000000E+00    0.000000E+00    0.000000E+00    4.235165E-22
    6.310887E-30    0.000000E+00    0.000000E+00   -1.323489E-23   -1.058791E-22    8.470329E-22
    1.262177E-29    0.000000E+00    5.169879E-26    1.323489E-23   -1.058791E-22    0.000000E+00
    6.310887E-30   -3.231174E-27    0.000000E+00    0.000000E+00   -1.058791E-22    0.000000E+00
    0.000000E+00   -3.231174E-27   -5.169879E-26    0.000000E+00    0.000000E+00    0.000000E+00
    0.000000E+00   -3.231174E-27   -5.169879E-26    0.000000E+00   -2.117582E-22    0.000000E+00
   -1.262177E-29    0.000000E+00   -5.169879E-26    0.000000E+00   -2.117582E-22   -8.470329E-22
    0.000000E+00    0.000000E+00    0.000000E+00    0.000000E+00    1.058791E-22    8.470329E-22
    0.000000E+00    0.000000E+00    0.000000E+00   -2.646978E-23    0.000000E+00    0.000000E+00
    1.262177E-29   -3.231174E-27   -1.033976E-25   -2.646978E-23   -1.058791E-22   -1.694066E-21
    0.000000E+00    3.231174E-27    1.033976E-25    2.646978E-23    0.000000E+00    0.000000E+00
    1.262177E-29   -6.462349E-27    0.000000E+00   -2.646978E-23    0.000000E+00    1.694066E-21
    2.524355E-29   -3.231174E-27    0.000000E+00   -2.646978E-23    0.000000E+00    0.000000E+00
    2.524355E-29    0.000000E+00    1.033976E-25   -2.646978E-23    0.000000E+00    1.694066E-21
    0.000000E+00   -6.462349E-27    0.000000E+00    0.000000E+00   -2.117582E-22    1.694066E-21
    0.000000E+00    0.000000E+00   -2.067952E-25    0.000000E+00   -2.117582E-22   -1.694066E-21
    5.048710E-29    6.462349E-27    2.067952E-25    0.000000E+00    2.117582E-22    1.694066E-21
    2.524355E-29    0.000000E+00    1.033976E-25    0.000000E+00    0.000000E+00    3.388132E-21
    5.048710E-29   -6.462349E-27    0.000000E+00    0.000000E+00    2.117582E-22    1.694066E-21
    2.524355E-29   -6.462349E-27    0.000000E+00    0.000000E+00    0.000000E+00    3.388132E-21
    5.048710E-29   -6.462349E-27    0.000000E+00    0.000000E+00   -4.235165E-22    0.000000E+00
    2.524355E-29    6.462349E-27    0.000000E+00    5.293956E-23   -4.235165E-22    0.000000E+00
    0.000000E+00   -1.292470E-26    0.000000E+00    5.293956E-23   -4.235165E-22   -3.388132E-21
    5.048710E-29    0.000000E+00    2.067952E-25    0.000000E+00    0.000000E+00    0.000000E+00
    2.524355E-29   -2.584939E-26    0.000000E+00   -1.058791E-22   -4.235165E-22   -3.388132E-21
    5.048710E-29   -1.292470E-26   -2.067952E-25    0.000000E+00   -4.235165E-22   -3.388132E-21
    0.000000E+00   -2.584939E-26    2.067952E-25    0.000000E+00   -4.235165E-22    0.000000E+00
    0.000000E+00   -1.292470E-26    0.000000E+00    0.000000E+00    0.000000E+00   -3.388132E-21
    5.048710E-29   -2.584939E-26   -4.135903E-25   -1.058791E-22    0.000000E+00   -3.388132E-21
    5.048710E-29   -1.292470E-26   -4.135903E-25   -1.058791E-22   -8.470329E-22    0.000000E+00
    5.048710E-29   -1.292470E-26    0.000000E+00    0.000000E+00    0.000000E+00    0.000000E+00
    1.009742E-28   -1.292470E-26    0.000000E+00   -1.058791E-22   -8.470329E-22    6.776264E-21
    1.009742E-28    0.000000E+00    4.135903E-25    0.000000E+00    0.000000E+00    1.355253E-20
    5.048710E-29    0.000000E+00   -4.135903E-25    0.000000E+00    0.000000E+00    0.000000E+00
    0.000000E+00   -2.584939E-26    4.135903E-25    0.000000E+00   -8.470329E-22    1.355253E-20
    0.000000E+00    2.584939E-26    4.135903E-25    2.117582E-22    0.000000E+00    1.355253E-20
    1.009742E-28   -2.584939E-26   -8.271806E-25    0.000000E+00   -8.470329E-22    1.355253E-20
    1.009742E-28    0.000000E+00    0.000000E+00   -2.117582E-22    0.000000E+00    1.355253E-20
    2.019484E-28    0.000000E+00    8.271806E-25    0.000000E+00    0.000000E+00    2.710505E-20
    0.000000E+00    0.000000E+00    0.000000E+00   -2.117582E-22    0.000000E+00    1.355253E-20
    1.009742E-28   -2.584939E-26   -8.271806E-25   -2.117582E-22    0.000000E+00    2.710505E-20
    1.009742E-28   -5.169879E-26   -8.271806E-25    0.000000E+00    1.694066E-21    2.710505E-20
    1.009742E-28   -5.169879E-26   -8.271806E-25    0.000000E+00   -1.694066E-21    2.710505E-20
    4.038968E-28    0.000000E+00   -8.271806E-25    4.235165E-22    0.000000E+00    4.065758E-20
    0.000000E+00   -5.169879E-26    0.000000E+00    4.235165E-22   -1.694066E-21    4.065758E-20
    2.019484E-28    0.000000E+00    0.000000E+00   -4.235165E-22    0.000000E+00    6.776264E-20
    2.019484E-28    5.169879E-26    0.000000E+00    0.000000E+00    0.000000E+00    8.131516E-20
    2.019484E-28    0.000000E+00   -1.654361E-24   -8.470329E-22    0.000000E+00    8.131516E-20
    0.000000E+00    0.000000E+00    0.000000E+00   -4.235165E-22    3.388132E-21    1.626303E-19
    2.019484E-28   -5.169879E-26    0.000000E+00    4.235165E-22    6.776264E-21    1.897354E-19
    2.019484E-28   -5.169879E-26   -1.654361E-24   -8.470329E-22    3.388132E-21    1.897354E-19
    8.077936E-28    0.000000E+00    0.000000E+00    0.000000E+00    3.388132E-21    2.710505E-19
    0.000000E+00   -1.033976E-25   -3.308722E-24    8.470329E-22    0.000000E+00    2.710505E-19
    4.038968E-28   -1.033976E-25   -1.654361E-24   -8.470329E-22    3.388132E-21    3.794708E-19
    8.077936E-28   -1.033976E-25    0.000000E+00   -8.470329E-22    6.776264E-21    4.607859E-19
    0.000000E+00    0.000000E+00    0.000000E+00    0.000000E+00    6.776264E-21    5.963112E-19
    4.038968E-28    0.000000E+00    0.000000E+00    8.470329E-22    0.000000E+00    7.589415E-19
    4.038968E-28   -2.067952E-25    0.000000E+00    8.470329E-22    1.355253E-20    9.757820E-19
    4.038968E-28   -2.067952E-25   -3.308722E-24    1.694066E-21    2.710505E-20    1.138412E-18
    4.038968E-28   -1.033976E-25   -3.308722E-24    8.470329E-22    1.355253E-20    1.409463E-18
    0.000000E+00    0.000000E+00    3.308722E-24    1.694066E-21    3.388132E-20    1.843144E-18
    8.077936E-28    0.000000E+00   -3.308722E-24    1.694066E-21    2.710505E-20    2.222614E-18
    0.000000E+00   -2.067952E-25    3.308722E-24    1.694066E-21    3.388132E-20    2.818926E-18
    8.077936E-28   -4.135903E-25   -6.617445E-24    1.694066E-21    3.388132E-20    3.415237E-18
    0.000000E+00   -2.067952E-25    0.000000E+00    1.694066E-21    6.776264E-20    4.336809E-18
    8.077936E-28   -4.135903E-25    0.000000E+00    3.388132E-21    8.809143E-20    5.421011E-18
    8.077936E-28    0.000000E+00    6.617445E-24    5.082198E-21    1.084202E-19    6.722053E-18
    8.077936E-28    0.000000E+00    6.617445E-24    6.776264E-21    1.355253E-19    8.348357E-18
    8.077936E-28   -2.067952E-25    6.617445E-24    6.776264E-21    1.490778E-19    1.040834E-17
    8.077936E-28    0.000000E+00    6.617445E-24    6.776264E-21    2.032879E-19    1.290201E-17
    8.077936E-28   -4.135903E-25    6.617445E-24    1.016440E-20    2.303930E-19    1.615461E-17
    0.000000E+00   -8.271806E-25   -6.617445E-24    1.016440E-20    3.252607E-19    2.005774E-17
    1.615587E-27   -4.135903E-25   -1.323489E-23    1.016440E-20    3.930233E-19    2.515349E-17
    3.231174E-27   -4.135903E-25    0.000000E+00    1.694066E-20    5.014435E-19    3.133344E-17
    3.231174E-27   -4.135903E-25    0.000000E+00    2.371692E-20    6.234162E-19    3.935654E-17
    1.615587E-27   -4.135903E-25    0.000000E+00    2.710505E-20    8.131516E-19    4.889752E-17
    3.231174E-27   -8.271806E-25    0.000000E+00    3.049319E-20    9.757820E-19    6.093216E-17
    1.615587E-27    0.000000E+00    0.000000E+00    4.404571E-20    1.165517E-18    7.611099E-17
    1.615587E-27    0.000000E+00    0.000000E+00    6.098637E-20    1.517883E-18    9.497611E-17
    3.231174E-27   -8.271806E-25   -1.323489E-23    6.776264E-20    1.870249E-18    1.186117E-16
    0.000000E+00    0.000000E+00    0.000000E+00    8.809143E-20    2.331035E-18    1.476683E-16
    0.000000E+00   -8.271806E-25   -1.323489E-23    1.016440E-19    2.927346E-18    1.840975E-16
    3.231174E-27   -8.271806E-25    0.000000E+00    1.423015E-19    3.632077E-18    2.300677E-16
    3.231174E-27   -8.271806E-25    2.646978E-23    1.694066E-19    4.607859E-18    2.866631E-16
    3.231174E-27    8.271806E-25   -2.646978E-23    2.100642E-19    5.692061E-18    3.573530E-16
    6.462349E-27   -1.654361E-24   -2.646978E-23    2.642743E-19    7.047314E-18    4.462576E-16
    6.462349E-27   -8.271806E-25    0.000000E+00    3.320369E-19    8.890458E-18    5.564126E-16
    3.231174E-27   -8.271806E-25    2.646978E-23    4.065758E-19    1.105886E-17    6.938894E-16
    0.000000E+00    0.000000E+00   -2.646978E-23    5.014435E-19    1.382358E-17    8.651933E-16
    3.231174E-27    0.000000E+00    0.000000E+00    6.369688E-19    1.718460E-17    1.079865E-15
    6.462349E-27    0.000000E+00    2.646978E-23    7.860466E-19    2.152141E-17    1.346579E-15
    0.000000E+00   -1.654361E-24   -5.293956E-23    9.622294E-19    2.677979E-17    1.678345E-15
    6.462349E-27   -1.654361E-24    2.646978E-23    1.219727E-18    3.339343E-17    2.093811E-15
    0.000000E+00   -1.654361E-24    0.000000E+00    1.517883E-18    4.179599E-17    2.611193E-15
    1.292470E-26   -1.654361E-24    0.000000E+00    1.910906E-18    5.193328E-17    3.255209E-15
    6.462349E-27    0.000000E+00    0.000000E+00    2.371692E-18    6.483529E-17    4.059253E-15
    1.292470E-26   -3.308722E-24   -5.293956E-23    2.968003E-18    8.098990E-17    5.061056E-15
   -6.462349E-27    1.654361E-24    1.058791E-22    3.686287E-18    1.009392E-16    6.311791E-15
    1.292470E-26    0.000000E+00    5.293956E-23    4.607859E-18    1.259843E-16    7.869573E-15
    1.938705E-26   -3.308722E-24    0.000000E+00    5.719166E-18    1.571009E-16    9.810729E-15
    1.292470E-26    0.000000E+00    5.293956E-23    7.155734E-18    1.960238E-16    1.223067E-14
    2.584939E-26    0.000000E+00    1.588187E-22    8.917563E-18    2.443792E-16    1.524909E-14
    0.000000E+00   -6.617445E-24    1.058791E-22    1.114018E-17    3.047692E-16    1.900823E-14
    2.584939E-26   -3.308722E-24    1.058791E-22    1.387779E-17    3.801213E-16    2.369632E-14
    1.292470E-26    0.000000E+00    1.058791E-22    1.734723E-17    4.740132E-16    2.953367E-14
    3.877409E-26   -3.308722E-24    3.176374E-22    2.162983E-17    5.908902E-16    3.681430E-14
    0.000000E+00    0.000000E+00    1.058791E-22    2.696953E-17    7.370406E-16    4.587997E-14
    2.584939E-26    0.000000E+00    4.235165E-22    3.361027E-17    9.194034E-16    5.717649E-14
    1.292470E-26   -6.617445E-24    3.176374E-22    4.190441E-17    1.146652E-15    7.124856E-14
    2.584939E-26    0.000000E+00    4.235165E-22    5.220433E-17    1.429846E-15    8.877447E-14
   -2.584939E-26   -6.617445E-24    4.235165E-22    6.516055E-17    1.783079E-15    1.106077E-13
    0.000000E+00   -6.617445E-24    6.352747E-22    8.126095E-17    2.223265E-15    1.377995E-13
    0.000000E+00   -6.617445E-24    8.470329E-22    1.013729E-16    2.772088E-15    1.716492E-13
    2.584939E-26   -6.617445E-24    1.058791E-21    1.263638E-16    3.456870E-15    2.137995E-13
    0.000000E+00   -6.617445E-24    1.270549E-21    1.576430E-16    4.310354E-15    2.662696E-13
    0.000000E+00   -1.323489E-23    1.482308E-21    1.965659E-16    5.374607E-15    3.315785E-13
    2.584939E-26   -6.617445E-24    2.117582E-21    2.450297E-16    6.700369E-15    4.128572E-13
    2.584939E-26   -1.323489E-23    2.541099E-21    3.056366E-16    8.354428E-15    5.139777E-13
    2.584939E-26   -1.323489E-23    2.752857E-21    3.810971E-16    1.041658E-14    6.397764E-13
    5.169879E-26    0.000000E+00    3.599890E-21    4.752058E-16    1.298527E-14    7.962381E-13
    5.169879E-26    0.000000E+00    4.658681E-21    5.927333E-16    1.618887E-14    9.907977E-13
    5.169879E-26   -1.323489E-23    6.352747E-21    7.388838E-16    2.017960E-14    1.232681E-12
    1.550964E-25    1.323489E-23    7.623297E-21    9.215718E-16    2.515479E-14    1.533305E-12
    5.169879E-26    2.646978E-23    1.016440E-20    1.148929E-15    3.135513E-14    1.906843E-12
    1.033976E-25    1.323489E-23    1.185846E-20    1.432448E-15    3.908245E-14    2.370854E-12
    5.169879E-26    1.323489E-23    1.567011E-20    1.785789E-15    4.871104E-14    2.947059E-12
    5.169879E-26    0.000000E+00    1.821121E-20    2.226301E-15    6.070752E-14    3.662362E-12
    5.169879E-26    2.646978E-23    2.286989E-20    2.775558E-15    7.565563E-14    4.549992E-12
    1.033976E-25    2.646978E-23    2.964615E-20    3.459906E-15    9.427875E-14    5.651063E-12
    1.033976E-25    5.293956E-23    3.557538E-20    4.313173E-15    1.174807E-13    7.016304E-12
    0.000000E+00    7.940934E-23    4.489275E-20    5.376559E-15    1.463820E-13    8.708319E-12
    0.000000E+00    1.058791E-22    5.675121E-20    6.701670E-15    1.823776E-13    1.080433E-11
    2.067952E-25    1.323489E-22    6.945670E-20    8.353778E-15    2.272123E-13    1.339935E-11
    1.033976E-25    1.058791E-22    8.809143E-20    1.041203E-14    2.830392E-13    1.661039E-11
    2.067952E-25    2.117582E-22    1.092673E-19    1.297768E-14    3.525669E-13    2.058118E-11
    2.067952E-25    2.382280E-22    1.363723E-19    1.617348E-14    4.391262E-13    2.548818E-11
    1.033976E-25    3.176374E-22    1.702536E-19    2.015705E-14    5.468924E-13    3.154768E-11
    2.067952E-25    3.705769E-22    2.109112E-19    2.511836E-14    6.810351E-13    3.902445E-11
    0.000000E+00    3.705769E-22    2.634272E-19    3.130178E-14    8.479988E-13    4.824194E-11
    0.000000E+00    5.293956E-22    3.286488E-19    3.900396E-14    1.055767E-12    5.959483E-11
    2.067952E-25    6.882143E-22    4.116580E-19    4.859958E-14    1.314292E-12    7.356349E-11
    0.000000E+00    9.529121E-22    5.116079E-19    6.055226E-14    1.635924E-12    9.073151E-11
    2.067952E-25    1.111731E-21    6.369688E-19    7.543965E-14    2.035993E-12    1.118058E-10
    0.000000E+00    1.429368E-21    7.945169E-19    9.398255E-14    2.533550E-12    1.376409E-10
    2.067952E-25    1.747005E-21    9.893345E-19    1.170756E-13    3.152222E-12    1.692657E-10
    2.067952E-25    2.223461E-21    1.234974E-18    1.458339E-13    3.921346E-12    2.079159E-10
    6.203855E-25    2.858736E-21    1.536518E-18    1.816438E-13    4.877303E-12    2.550685E-10
    4.135903E-25    3.388132E-21    1.914294E-18    2.262296E-13    6.065214E-12    3.124816E-10
    4.135903E-25    4.235165E-21    2.383551E-18    2.817390E-13    7.541003E-12    3.822369E-10
    4.135903E-25    5.505714E-21    2.971392E-18    3.508391E-13    9.373960E-12    4.667844E-10
    4.135903E-25    6.776264E-21    3.696452E-18    4.368537E-13    1.164990E-11    5.689872E-10
    4.135903E-25    8.364450E-21    4.607859E-18    5.439052E-13    1.447505E-11    6.921625E-10
    8.271806E-25    1.037615E-20    5.739495E-18    6.771294E-13    1.798084E-11    8.401146E-10
    8.271806E-25    1.302313E-20    7.152346E-18    8.429039E-13    2.232978E-11    1.017152E-09
    0.000000E+00    1.619951E-20    8.907398E-18    1.049159E-12    2.772273E-11    1.228079E-09
    1.240771E-24    2.011703E-20    1.108936E-17    1.305747E-12    3.440774E-11    1.478137E-09
    8.271806E-25    2.519923E-20    1.381341E-17    1.624905E-12    4.269095E-11    1.772894E-09
    1.654361E-24    3.134022E-20    1.719816E-17    2.021834E-12    5.294989E-11    2.118028E-09
    1.654361E-24    3.938703E-20    2.141299E-17    2.515418E-12    6.564985E-11    2.518976E-09
    8.271806E-25    4.870439E-20    2.665782E-17    3.129096E-12    8.136364E-11    2.980396E-09
    1.654361E-24    6.077461E-20    3.319014E-17    3.891963E-12    1.007959E-10    3.505348E-09
    8.271806E-25    7.602121E-20    4.132166E-17    4.840123E-12    1.248125E-10    4.094124E-09
    1.654361E-24    9.423242E-20    5.142506E-17    6.018373E-12    1.544763E-10    4.742563E-09
    8.271806E-25    1.175258E-19    6.399503E-17    7.482261E-12    1.910903E-10    5.439702E-09
    2.481542E-24    1.461132E-19    7.966853E-17    9.300680E-12    2.362502E-10    6.164538E-09
    3.308722E-24    1.816886E-19    9.911641E-17    1.155900E-11    2.919069E-10    6.881614E-09
    2.481542E-24    2.274283E-19    1.233348E-16    1.436302E-11    3.604423E-10    7.535074E-09
    3.308722E-24    2.829090E-19    1.534553E-16    1.784378E-11    4.447594E-10    8.040748E-09
    3.308722E-24    3.510952E-19    1.909212E-16    2.216354E-11    5.483898E-10    8.275719E-09
    6.617445E-24    4.366455E-19    2.374945E-16    2.752312E-11    6.756216E-10    8.064698E-09
    6.617445E-24    5.433716E-19    2.954044E-16    3.417096E-11    8.316491E-10    7.162436E-09
    9.926167E-24    6.763558E-19    3.673819E-16    4.241431E-11    1.022750E-09    5.231245E-09
    1.158053E-23    8.402567E-19    4.568963E-16    5.263295E-11    1.256488E-09    1.812607E-09
    1.158053E-23    1.045239E-18    5.680948E-16    6.529603E-11    1.541953E-09   -3.708247E-09
    1.819797E-23    1.299349E-18    7.063306E-16    8.098288E-11    1.890027E-09   -1.214590E-08
    2.150670E-23    1.615292E-18    8.780818E-16    1.004084E-10    2.313693E-09   -2.456750E-08
    2.646978E-23    2.008315E-18    1.091453E-15    1.244544E-10    2.828366E-09   -4.235532E-08
    2.646978E-23    2.497053E-18    1.356486E-15    1.542077E-10    3.452264E-09   -6.727947E-08
    3.639595E-23    3.101835E-18    1.685690E-15    1.910068E-10    4.206795E-09   -1.015796E-07
    4.301339E-23    3.856541E-18    2.094543E-15    2.364993E-10    5.116946E-09   -1.480531E-07
    5.293956E-23    4.789971E-18    2.602139E-15    2.927116E-10    6.211658E-09   -2.101455E-07
    7.279189E-23    5.949559E-18    3.232332E-15    3.621338E-10    7.524140E-09   -2.920329E-07
    8.602678E-23    7.389515E-18    4.014584E-15    4.478231E-10    9.092074E-09   -3.986848E-07
    1.058791E-22    9.177602E-18    4.985460E-15    5.535298E-10    1.095763E-08   -5.358853E-07
    1.257315E-22    1.139598E-17    6.190063E-15    6.838494E-10    1.316715E-08   -7.101838E-07
    1.588187E-22    1.414714E-17    7.684662E-15    8.444071E-10    1.577045E-08   -9.287343E-07
    1.985233E-22    1.755899E-17    9.538594E-15    1.042081E-09    1.881930E-08   -1.198968E-06
    2.448455E-22    2.179077E-17    1.183783E-14    1.285270E-09    2.236514E-08   -1.528028E-06
    2.977850E-22    2.704068E-17    1.468880E-14    1.584218E-09    2.645520E-08   -1.921876E-06
    3.705769E-22    3.354759E-17    1.822327E-14    1.951399E-09    3.112698E-08   -2.383967E-06
    4.698386E-22    4.161303E-17    2.260404E-14    2.401981E-09    3.640001E-08   -2.913367E-06
    5.757177E-22    5.161141E-17    2.803302E-14    2.954378E-09    4.226428E-08   -3.502201E-06
    7.080666E-22    6.399673E-17    3.475941E-14    3.630899E-09    4.866401E-08   -4.132297E-06
    8.867376E-22    7.934158E-17    4.309167E-14    4.458527E-09    5.547546E-08   -4.770993E-06
    1.091878E-21    9.833714E-17    5.341062E-14    5.469825E-09    6.247683E-08   -5.366085E-06
    1.376429E-21    1.218643E-16    6.618745E-14    6.703996E-09    6.930803E-08   -5.840124E-06
    1.674214E-21    1.509921E-16    8.200385E-14    8.208123E-09    7.541733E-08   -6.084448E-06
    2.077878E-21    1.870418E-16    1.015786E-13    1.003859E-08    7.999155E-08   -5.953718E-06
    2.580804E-21    2.316500E-16    1.257988E-13    1.226272E-08    8.186553E-08   -5.262220E-06
    3.202843E-21    2.868358E-16    1.557600E-13    1.496061E-08    7.940582E-08   -3.783776E-06
    3.957232E-21    3.550796E-16    1.928136E-13    1.822722E-08    7.036286E-08   -1.257895E-06
    4.883674E-21    4.394678E-16    2.386273E-13    2.217463E-08    5.168514E-08    2.594450E-06
    6.048345E-21    5.437850E-16    2.952573E-13    2.693451E-08    1.928799E-08    8.041323E-06
    7.464478E-21    6.727034E-16    3.652393E-13    3.266071E-08   -3.223039E-08    1.529215E-05
    9.237953E-21    8.319896E-16    4.516984E-13    3.953189E-08   -1.099331E-07    2.442774E-05
    1.146141E-20    1.028745E-15    5.584853E-13    4.775402E-08   -2.229552E-07    3.530563E-05
    1.412163E-20    1.271688E-15    6.903425E-13    5.756262E-08   -3.829850E-07    4.744157E-05
    1.747005E-20    1.571632E-15    8.531108E-13    6.922428E-08   -6.048157E-07    5.987478E-05
    2.157287E-20    1.941799E-15    1.053979E-12    8.303716E-08   -9.069607E-07    7.103351E-05
    2.662860E-20    2.398519E-15    1.301794E-12    9.932979E-08   -1.312315E-06    7.863131E-05
    3.292841E-20    2.961884E-15    1.607438E-12    1.184574E-07   -1.848829E-06    7.964037E-05
    4.063111E-20    3.656553E-15    1.984293E-12    1.407943E-07   -2.550148E-06    7.040574E-05
    5.010729E-20    4.512924E-15    2.448809E-12    1.667219E-07   -3.456118E-06    4.697839E-05
    6.185987E-20    5.568279E-15    3.021203E-12    1.966086E-07   -4.613055E-06    5.747928E-06
    7.631237E-20    6.868461E-15    3.726306E-12    2.307808E-07   -6.073596E-06   -5.556212E-05
    9.407360E-20    8.469781E-15    4.594615E-12    2.694807E-07   -7.895893E-06   -1.365277E-04
    1.159906E-19    1.044137E-14    5.663562E-12    3.128070E-07   -1.014186E-05   -2.323794E-04
    1.429103E-19    1.286811E-14    6.979085E-12    3.606333E-07   -1.287403E-05   -3.323342E-04
    1.760770E-19    1.585407E-14    8.597533E-12    4.124967E-07   -1.615061E-05   -4.183702E-04
    2.168934E-19    1.952694E-14    1.058800E-11    4.674497E-07   -2.001807E-05   -4.651502E-04
    2.670271E-19    2.404331E-14    1.303518E-11    5.238638E-07   -2.450057E-05   -4.419892E-04
    3.287017E-19    2.959506E-14    1.604286E-11    5.791729E-07   -2.958561E-05   -3.177882E-04
    4.044582E-19    3.641729E-14    1.973815E-11    6.295412E-07   -3.520505E-05   -6.955919E-05
    4.976319E-19    4.479795E-14    2.427670E-11    6.694377E-07   -4.121089E-05    3.056358E-04
    6.118754E-19    5.508957E-14    2.984900E-11    6.910961E-07   -4.734550E-05    7.769399E-04
    7.522182E-19    6.772371E-14    3.668814E-11    6.838351E-07   -5.320626E-05    1.267773E-03
    9.243776E-19    8.322817E-14    4.507919E-11    6.332122E-07   -5.820567E-05    1.651565E-03
    1.135606E-18    1.022487E-13    5.537065E-11    5.199793E-07   -6.152881E-05    1.762611E-03
    1.394640E-18    1.255747E-13    6.798847E-11    3.188077E-07   -6.209195E-05    1.429103E-03
    1.712330E-18    1.541708E-13    8.345299E-11   -3.252345E-09   -5.850829E-05    5.314423E-04
    2.101595E-18    1.892156E-13    1.023997E-10   -4.886098E-07   -4.906962E-05   -9.200692E-04
    2.578368E-18    2.321488E-13    1.256043E-10   -1.191298E-06   -3.175608E-05   -2.707828E-03
    3.162398E-18    2.847277E-13    1.540134E-10   -2.179488E-06   -4.289996E-06   -4.365262E-03
    3.877187E-18    3.490971E-13    1.887818E-10   -3.538350E-06    3.574636E-05   -5.217017E-03
    4.752278E-18    4.278737E-13    2.313176E-10   -5.373248E-06    9.070625E-05   -4.542108E-03
    5.822822E-18    5.242488E-13    2.833372E-10   -7.813218E-06    1.625630E-04   -1.868837E-03
    7.132017E-18    6.421133E-13    3.469320E-10   -1.101460E-05    2.524605E-04    2.654596E-03
    8.732698E-18    7.862089E-13    4.246494E-10   -1.516469E-05    3.601151E-04    7.956703E-03
    1.068860E-17    9.623130E-13    5.195913E-10   -2.048508E-05    4.830652E-04    1.202256E-02
    1.307861E-17    1.177462E-12    6.355331E-10   -2.723438E-05    6.157935E-04    1.237176E-02
    1.599770E-17    1.440223E-12    7.770685E-10   -3.570972E-05    7.487788E-04    7.108249E-03
    1.956117E-17    1.761023E-12    9.497850E-10   -4.624625E-05    8.675877E-04   -3.691196E-03
    2.391068E-17    2.152552E-12    1.160477E-09   -5.921383E-05    9.521782E-04   -1.688277E-02
    2.921734E-17    2.630242E-12    1.417402E-09   -7.500953E-05    9.766628E-04    1.073960E-01
    3.568994E-17    3.212872E-12    1.730599E-09   -9.404455E-05    9.098513E-04   -2.622342E-01
    4.358260E-17    3.923288E-12    2.112275E-09   -1.167240E-04    7.169569E-04   -5.657010E-01
    5.320468E-17    4.789350E-12    2.577299E-09   -1.434182E-04    3.628668E-04   -6.253540E-01
    6.493588E-17    5.845263E-12    3.143918E-09   -1.744284E-04   -1.827000E-04   -3.547429E-01
    7.925539E-17    7.134048E-12    3.835062E-09   -2.099615E-04   -9.381540E-04    1.594491E-01
    9.681248E-17    8.714185E-12    4.681904E-09   -2.501934E-04   -1.902293E-03    6.589624E-01
   -1.826467E-08   -5.476888E-06   -1.254636E-04    1.143484E-02    1.096952E-01    8.333864E-01
   -1.864834E-08   -5.591927E-06   -1.280909E-04    1.135761E-02    1.084365E-01    8.203191E-01
   -1.907106E-08   -5.718669E-06   -1.309864E-04    1.130278E-02    1.070501E-01    7.982332E-01
   -1.953733E-08   -5.858471E-06   -1.341819E-04    1.127477E-02    1.055542E-01    7.672165E-01
   -2.005256E-08   -6.012959E-06   -1.377147E-04    1.127763E-02    1.039632E-01    7.274599E-01
   -2.063574E-08   -6.187823E-06   -1.417158E-04    1.132883E-02    1.023201E-01    6.793049E-01
   -2.126350E-08   -6.376058E-06   -1.460236E-04    1.140273E-02    1.005744E-01    6.230268E-01
   -2.170574E-08   -6.508645E-06   -1.490489E-04    1.126907E-02    9.819437E-02    5.579533E-01
   -2.259036E-08   -6.773913E-06   -1.551279E-04    1.155127E-02    9.661239E-02    4.875187E-01
   -2.346871E-08   -7.037298E-06   -1.611621E-04    1.179826E-02    9.480712E-02    4.102905E-01
   -2.443043E-08   -7.325687E-06   -1.677701E-04    1.209589E-02    9.298074E-02    3.273527E-01
   -2.548616E-08   -7.642267E-06   -1.750252E-04    1.245114E-02    9.115219E-02    2.394615E-01
   -2.665135E-08   -7.991672E-06   -1.830339E-04    1.287505E-02    8.935043E-02    1.474452E-01
   -2.793351E-08   -8.376155E-06   -1.918476E-04    1.337041E-02    8.758335E-02    5.212214E-02
   -2.933903E-08   -8.797633E-06   -2.015103E-04    1.393848E-02    8.585340E-02   -4.567201E-02
   -3.087271E-08   -9.257542E-06   -2.120546E-04    1.457854E-02    8.415592E-02   -1.450925E-01
   -3.253849E-08   -9.757066E-06   -2.235076E-04    1.528877E-02    8.248084E-02   -2.452848E-01
   -3.433975E-08   -1.029722E-05   -2.358921E-04    1.606642E-02    8.081309E-02   -3.453842E-01
   -3.627957E-08   -1.087892E-05   -2.492291E-04    1.690816E-02    7.913327E-02   -4.445135E-01
   -3.836104E-08   -1.150310E-05   -2.635394E-04    1.781034E-02    7.741830E-02   -5.417807E-01
   -4.058740E-08   -1.217072E-05   -2.788452E-04    1.876915E-02    7.564192E-02   -6.362769E-01
   -4.296225E-08   -1.288287E-05   -2.951707E-04    1.978076E-02    7.377509E-02   -7.270747E-01
   -4.548963E-08   -1.364076E-05   -3.125436E-04    2.084138E-02    7.178634E-02   -8.132272E-01
   -4.817411E-08   -1.444576E-05   -3.309950E-04    2.194734E-02    6.964192E-02   -8.937695E-01
   -5.102083E-08   -1.529940E-05   -3.505597E-04    2.309505E-02    6.730595E-02   -9.677204E-01
   -5.403550E-08   -1.620340E-05   -3.712767E-04    2.428103E-02    6.474048E-02   -1.034087E+00
   -5.722442E-08   -1.715966E-05   -3.931892E-04    2.550183E-02    6.190548E-02   -1.091870E+00
   -6.059454E-08   -1.817024E-05   -4.163443E-04    2.675406E-02    5.875895E-02   -1.140070E+00
   -6.415337E-08   -1.923740E-05   -4.407935E-04    2.803432E-02    5.525681E-02   -1.177700E+00
   -6.790909E-08   -2.036360E-05   -4.665925E-04    2.933920E-02    5.135305E-02   -1.203796E+00
   -7.187050E-08   -2.155148E-05   -4.938016E-04    3.066522E-02    4.699965E-02   -1.217428E+00
   -7.604707E-08   -2.280386E-05   -5.224853E-04    3.200882E-02    4.214666E-02   -1.217719E+00
   -8.044894E-08   -2.412380E-05   -5.527130E-04    3.336634E-02    3.674224E-02   -1.203864E+00
   -8.508695E-08   -2.551454E-05   -5.845588E-04    3.473397E-02    3.073273E-02   -1.175145E+00
   -8.997269E-08   -2.697956E-05   -6.181017E-04    3.610775E-02    2.406266E-02   -1.130959E+00
   -9.511845E-08   -2.852253E-05   -6.534257E-04    3.748351E-02    1.667487E-02   -1.070833E+00
   -1.005373E-07   -3.014740E-05   -6.906204E-04    3.885686E-02    8.510591E-03   -9.944572E-01
   -1.062431E-07   -3.185830E-05   -7.297803E-04    4.022314E-02   -4.904852E-04   -9.017015E-01
   -1.122506E-07   -3.365963E-05   -7.710056E-04    4.157738E-02   -1.039006E-02   -7.926450E-01
   -1.185752E-07   -3.555605E-05   -8.144021E-04    4.291427E-02   -2.125111E-02   -6.675984E-01
   -1.252332E-07   -3.755242E-05   -8.600812E-04    4.422812E-02   -3.313770E-02   -5.271272E-01
   -1.322417E-07   -3.965390E-05   -9.081599E-04    4.551280E-02   -4.611480E-02   -3.720725E-01
   -1.396188E-07   -4.186587E-05   -9.587608E-04    4.676169E-02   -6.024805E-02   -2.035695E-01
   -1.473832E-07   -4.419397E-05   -1.012012E-03    4.796766E-02   -7.560348E-02   -2.306220E-02
   -1.555545E-07   -4.664407E-05   -1.068049E-03    4.912295E-02   -9.224718E-02    1.676865E-01
   -1.641532E-07   -4.922230E-05   -1.127009E-03    5.021920E-02   -1.102449E-01    3.665897E-01
   -1.732005E-07   -5.193502E-05   -1.189038E-03    5.124734E-02   -1.296617E-01    5.712381E-01
   -1.827183E-07   -5.478881E-05   -1.254285E-03    5.219754E-02   -1.505611E-01    7.789082E-01
   -1.927293E-07   -5.779048E-05   -1.322906E-03    5.305917E-02   -1.730051E-01    9.865786E-01
   -2.032569E-07   -6.094701E-05   -1.395059E-03    5.382077E-02   -1.970528E-01    1.190956E+00
   -2.143251E-07   -6.426560E-05   -1.470908E-03    5.446991E-02   -2.227601E-01    1.388508E+00
   -2.259583E-07   -6.775359E-05   -1.550620E-03    5.499326E-02   -2.501788E-01    1.575512E+00
   -2.381815E-07   -7.141849E-05   -1.634366E-03    5.537645E-02   -2.793552E-01    1.748103E+00
   -2.510203E-07   -7.526790E-05   -1.722317E-03    5.560406E-02   -3.103298E-01    1.902347E+00
   -2.645002E-07   -7.930955E-05   -1.814650E-03    5.565960E-02   -3.431354E-01    2.034311E+00
   -2.786473E-07   -8.355118E-05   -1.911540E-03    5.552544E-02   -3.777963E-01    2.140150E+00
   -2.934874E-07   -8.800060E-05   -2.013165E-03    5.518283E-02   -4.143267E-01    2.216202E+00
   -3.090466E-07   -9.266558E-05   -2.119700E-03    5.461183E-02   -4.527295E-01    2.259090E+00
   -3.253507E-07   -9.755386E-05   -2.231321E-03    5.379137E-02   -4.929943E-01    2.265829E+00
   -3.424250E-07   -1.026731E-04   -2.348201E-03    5.269918E-02   -5.350963E-01    2.233935E+00
   -3.602946E-07   -1.080307E-04   -2.470508E-03    5.131185E-02   -5.789943E-01    2.161543E+00
   -3.789839E-07   -1.136340E-04   -2.598408E-03    4.960485E-02   -6.246289E-01    2.047508E+00
   -3.985163E-07   -1.194901E-04   -2.732060E-03    4.755255E-02   -6.719208E-01    1.891518E+00
   -4.189142E-07   -1.256056E-04   -2.871615E-03    4.512830E-02   -7.207693E-01    1.694177E+00
   -4.401991E-07   -1.319870E-04   -3.017217E-03    4.230448E-02   -7.710499E-01    1.457093E+00
   -4.623908E-07   -1.386403E-04   -3.169000E-03    3.905258E-02   -8.226132E-01    1.182927E+00
   -4.855076E-07   -1.455708E-04   -3.327086E-03    3.534332E-02   -8.752826E-01    8.754363E-01
   -5.095661E-07   -1.527836E-04   -3.491587E-03    3.114675E-02   -9.288534E-01    5.394738E-01
   -5.345806E-07   -1.602831E-04   -3.662599E-03    2.643241E-02   -9.830909E-01    1.809641E-01
   -5.605637E-07   -1.680728E-04   -3.840202E-03    2.116945E-02   -1.037729E+00   -1.931615E-01
   -5.875251E-07   -1.761557E-04   -4.024463E-03    1.532682E-02   -1.092471E+00   -5.750681E-01
   -6.154723E-07   -1.845342E-04   -4.215428E-03    8.873470E-03   -1.146986E+00   -9.561615E-01
   -6.444099E-07   -1.932095E-04   -4.413125E-03    1.778517E-03   -1.200909E+00   -1.327274E+00
   -6.743396E-07   -2.021821E-04   -4.617563E-03   -5.988497E-03   -1.253846E+00   -1.678887E+00
   -7.052600E-07   -2.114517E-04   -4.828729E-03   -1.445739E-02   -1.305365E+00   -2.001399E+00
   -7.371666E-07   -2.210169E-04   -5.046587E-03   -2.365708E-02   -1.355007E+00   -2.285407E+00
   -7.700515E-07   -2.308753E-04   -5.271081E-03   -3.361536E-02   -1.402280E+00   -2.522033E+00
   -8.039037E-07   -2.410235E-04   -5.502130E-03   -4.435856E-02   -1.446663E+00   -2.703244E+00
   -8.387083E-07   -2.514572E-04   -5.739629E-03   -5.591135E-02   -1.487611E+00   -2.822188E+00
   -8.744473E-07   -2.621708E-04   -5.983449E-03   -6.829640E-02   -1.524555E+00   -2.873512E+00
   -9.110989E-07   -2.731580E-04   -6.233438E-03   -8.153412E-02   -1.556908E+00   -2.853654E+00
   -9.486381E-07   -2.844111E-04   -6.489421E-03   -9.564239E-02   -1.584067E+00   -2.761098E+00
   -9.870364E-07   -2.959216E-04   -6.751195E-03   -1.106362E-01   -1.605420E+00   -2.596569E+00
   -1.026262E-06   -3.076799E-04   -7.018540E-03   -1.265276E-01   -1.620352E+00   -2.363158E+00
   -1.066279E-06   -3.196755E-04   -7.291210E-03   -1.433249E-01   -1.628247E+00   -2.066365E+00
   -1.107050E-06   -3.318969E-04   -7.568937E-03   -1.610333E-01   -1.628501E+00   -1.714049E+00
   -1.148534E-06   -3.443317E-04   -7.851437E-03   -1.796537E-01   -1.620527E+00   -1.316271E+00
   -1.190686E-06   -3.569668E-04   -8.138402E-03   -1.991831E-01   -1.603758E+00   -8.850451E-01
   -1.233460E-06   -3.697881E-04   -8.429511E-03   -2.196142E-01   -1.577662E+00   -4.339772E-01
   -1.276808E-06   -3.827812E-04   -8.724426E-03   -2.409352E-01   -1.541749E+00    2.218056E-02
   -1.320678E-06   -3.959307E-04   -9.022793E-03   -2.631296E-01   -1.495575E+00    4.680601E-01
   -1.365018E-06   -4.092209E-04   -9.324249E-03   -2.861763E-01   -1.438756E+00    8.882672E-01
   -1.409775E-06   -4.226356E-04   -9.628420E-03   -3.100491E-01   -1.370975E+00    1.268009E+00
   -1.454892E-06   -4.361582E-04   -9.934924E-03   -3.347171E-01   -1.291988E+00    1.593732E+00
   -1.500314E-06   -4.497721E-04   -1.024337E-02   -3.601444E-01   -1.201638E+00    1.853738E+00
   -1.545985E-06   -4.634601E-04   -1.055338E-02   -3.862900E-01   -1.099857E+00    2.038749E+00
   -1.591848E-06   -4.772054E-04   -1.086454E-02   -4.131080E-01   -9.866757E-01    2.142389E+00
   -1.637846E-06   -4.909910E-04   -1.117648E-02   -4.405477E-01   -8.622313E-01    2.161543E+00
   -1.683923E-06   -5.048000E-04   -1.148880E-02   -4.685535E-01   -7.267712E-01    2.096587E+00
   -1.730024E-06   -5.186159E-04   -1.180113E-02   -4.970651E-01   -5.806586E-01    1.951453E+00
   -1.776095E-06   -5.324224E-04   -1.211308E-02   -5.260177E-01   -4.243762E-01    1.733522E+00
   -1.822082E-06   -5.462036E-04   -1.242429E-02   -5.553423E-01   -2.585284E-01    1.453346E+00
   -1.867934E-06   -5.599440E-04   -1.273440E-02   -5.849655E-01   -8.384238E-02    1.124199E+00
   -1.913603E-06   -5.736290E-04   -1.304308E-02   -6.148102E-01    9.883195E-02    7.614809E-01
   -1.959040E-06   -5.872442E-04   -1.335000E-02   -6.447956E-01    2.885241E-01    3.819962E-01
   -2.004200E-06   -6.007761E-04   -1.365484E-02   -6.748376E-01    4.841464E-01    3.142361E-03
   -2.049041E-06   -6.142119E-04   -1.395731E-02   -7.048489E-01    6.844986E-01   -3.579462E-01
   -2.093523E-06   -6.275396E-04   -1.425713E-02   -7.347396E-01    8.882748E-01   -6.852554E-01
   -2.137608E-06   -6.407482E-04   -1.455405E-02   -7.644174E-01    1.094072E+00   -9.647001E-01
   -2.181263E-06   -6.538272E-04   -1.484783E-02   -7.937880E-01    1.300398E+00   -1.184837E+00
   -2.224455E-06   -6.667673E-04   -1.513826E-02   -8.227552E-01    1.505685E+00   -1.337440E+00
   -2.267157E-06   -6.795600E-04   -1.542512E-02   -8.512218E-01    1.708303E+00   -1.417897E+00
   -2.309343E-06   -6.921977E-04   -1.570826E-02   -8.790894E-01    1.906568E+00   -1.425412E+00
   -2.350992E-06   -7.046738E-04   -1.598752E-02   -9.062592E-01    2.098765E+00   -1.362984E+00
   -2.392083E-06   -7.169826E-04   -1.626277E-02   -9.326320E-01    2.283159E+00   -1.237183E+00
   -2.432602E-06   -7.291193E-04   -1.653389E-02   -9.581090E-01    2.458015E+00   -1.057706E+00
   -2.472536E-06   -7.410801E-04   -1.680080E-02   -9.825919E-01    2.621613E+00   -8.367709E-01
   -2.511874E-06   -7.528619E-04   -1.706343E-02   -1.005983E+00    2.772271E+00   -5.883645E-01
   -2.550609E-06   -7.644627E-04   -1.732173E-02   -1.028187E+00    2.908360E+00   -3.273972E-01
   -2.588738E-06   -7.758813E-04   -1.757566E-02   -1.049108E+00    3.028323E+00   -6.882032E-02
   -2.626259E-06   -7.871171E-04   -1.782522E-02   -1.068655E+00    3.130696E+00    1.732408E-01
   -2.663172E-06   -7.981706E-04   -1.807042E-02   -1.086736E+00    3.214127E+00    3.862833E-01
   -2.699482E-06   -8.090426E-04   -1.831127E-02   -1.103265E+00    3.277390E+00    5.601034E-01
   -2.735195E-06   -8.197351E-04   -1.854781E-02   -1.118156E+00    3.319406E+00    6.873112E-01
   -2.770317E-06   -8.302504E-04   -1.878010E-02   -1.131328E+00    3.339257E+00    7.636561E-01
   -2.804861E-06   -8.405915E-04   -1.900821E-02   -1.142702E+00    3.336202E+00    7.881455E-01
   -2.838836E-06   -8.507620E-04   -1.923222E-02   -1.152204E+00    3.309688E+00    7.629556E-01
   -2.872257E-06   -8.607659E-04   -1.945220E-02   -1.159764E+00    3.259366E+00    6.931481E-01
   -2.905139E-06   -8.706077E-04   -1.966828E-02   -1.165315E+00    3.185095E+00    5.862173E-01
   -2.937498E-06   -8.802924E-04   -1.988056E-02   -1.168795E+00    3.086955E+00    4.515053E-01
   -2.969352E-06   -8.898252E-04   -2.008915E-02   -1.170146E+00    2.965251E+00    2.995302E-01
   -3.000720E-06   -8.992117E-04   -2.029419E-02   -1.169315E+00    2.820512E+00    1.412750E-01
   -3.031620E-06   -9.084577E-04   -2.049581E-02   -1.166255E+00    2.653501E+00   -1.251213E-02
   -3.062073E-06   -9.175692E-04   -2.069413E-02   -1.160922E+00    2.465203E+00   -1.519628E-01
   -3.092100E-06   -9.265524E-04   -2.088930E-02   -1.153278E+00    2.256828E+00   -2.686374E-01
   -3.121722E-06   -9.354137E-04   -2.108147E-02   -1.143291E+00    2.029803E+00   -3.559504E-01
   -3.150959E-06   -9.441593E-04   -2.127077E-02   -1.130933E+00    1.785761E+00   -4.094541E-01
   -3.179833E-06   -9.527957E-04   -2.145734E-02   -1.116182E+00    1.526531E+00   -4.269725E-01
   -3.208366E-06   -9.613292E-04   -2.164134E-02   -1.099023E+00    1.254122E+00   -4.085928E-01
   -3.236578E-06   -9.697661E-04   -2.182291E-02   -1.079443E+00    9.707092E-01   -3.565273E-01
   -3.264491E-06   -9.781128E-04   -2.200218E-02   -1.057438E+00    6.786145E-01   -2.748689E-01
   -3.292124E-06   -9.863754E-04   -2.217929E-02   -1.033009E+00    3.802845E-01   -1.692672E-01
   -3.319499E-06   -9.945598E-04   -2.235438E-02   -1.006161E+00    7.826957E-02   -4.655325E-02
   -3.346635E-06   -1.002672E-03   -2.252758E-02   -9.769071E-01   -2.248011E-01    8.565952E-02
   -3.373550E-06   -1.010718E-03   -2.269902E-02   -9.452645E-01   -5.262445E-01    2.193746E-01
   -3.400263E-06   -1.018703E-03   -2.286881E-02   -9.112570E-01   -8.233512E-01    3.465945E-01
   -3.426793E-06   -1.026632E-03   -2.303709E-02   -8.749144E-01   -1.113412E+00    4.596735E-01
   -3.453156E-06   -1.034511E-03   -2.320396E-02   -8.362720E-01   -1.393748E+00    5.516357E-01
   -3.479369E-06   -1.042344E-03   -2.336954E-02   -7.953712E-01   -1.661737E+00    6.164582E-01
   -3.505447E-06   -1.050136E-03   -2.353392E-02   -7.522592E-01   -1.914843E+00    6.493211E-01
   -3.531406E-06   -1.057892E-03   -2.369722E-02   -7.069892E-01   -2.150646E+00    6.468273E-01
   -3.557260E-06   -1.065616E-03   -2.385951E-02   -6.596200E-01   -2.366865E+00    6.071950E-01
   -3.583022E-06   -1.073312E-03   -2.402090E-02   -6.102165E-01   -2.561392E+00    5.304178E-01
   -3.608706E-06   -1.080984E-03   -2.418146E-02   -5.588492E-01   -2.732309E+00    4.183866E-01
   -3.634323E-06   -1.088635E-03   -2.434129E-02   -5.055944E-01   -2.877918E+00    2.749582E-01
   -3.659886E-06   -1.096270E-03   -2.450044E-02   -4.505341E-01   -2.996760E+00    1.059528E-01
   -3.685405E-06   -1.103891E-03   -2.465900E-02   -3.937558E-01   -3.087633E+00   -8.094198E-02
   -3.710891E-06   -1.111501E-03   -2.481704E-02   -3.353526E-01   -3.149613E+00   -2.763809E-01
   -3.736354E-06   -1.119104E-03   -2.497461E-02   -2.754229E-01   -3.182064E+00   -4.697026E-01
   -3.761803E-06   -1.126702E-03   -2.513177E-02   -2.140706E-01   -3.184652E+00   -6.494108E-01
   -3.787246E-06   -1.134298E-03   -2.528859E-02   -1.514045E-01   -3.157350E+00   -8.037913E-01
   -3.812692E-06   -1.141894E-03   -2.544511E-02   -8.753865E-02   -3.100445E+00   -9.216445E-01
   -3.838149E-06   -1.149493E-03   -2.560138E-02   -2.259188E-02   -3.014537E+00   -9.930975E-01
   -3.863623E-06   -1.157096E-03   -2.575745E-02    4.331228E-02   -2.900539E+00   -1.010440E+00
   -3.889123E-06   -1.164706E-03   -2.591336E-02    1.100458E-01   -2.759667E+00   -9.689167E-01
   -3.914653E-06   -1.172325E-03   -2.606915E-02    1.774763E-01   -2.593431E+00   -8.674000E-01
   -3.940222E-06   -1.179955E-03   -2.622486E-02    2.454674E-01   -2.403624E+00   -7.088582E-01
   -3.965833E-06   -1.187597E-03   -2.638053E-02    3.138787E-01   -2.192300E+00   -5.005506E-01
   -3.991493E-06   -1.195253E-03   -2.653618E-02    3.825665E-01   -1.961756E+00   -2.538893E-01
   -4.017207E-06   -1.202924E-03   -2.669184E-02    4.513836E-01   -1.714510E+00    1.606746E-02
   -4.042980E-06   -1.210612E-03   -2.684756E-02    5.201796E-01   -1.453268E+00    2.914895E-01
   -4.068816E-06   -1.218319E-03   -2.700334E-02    5.888016E-01   -1.180900E+00    5.529838E-01
   -4.094719E-06   -1.226045E-03   -2.715923E-02    6.570943E-01   -9.004055E-01    7.810630E-01
   -4.120695E-06   -1.233792E-03   -2.731523E-02    7.249001E-01   -6.148782E-01    9.577656E-01
   -4.146746E-06   -1.241560E-03   -2.747138E-02    7.920598E-01   -3.274717E-01    1.068290E+00
   -4.172876E-06   -1.249352E-03   -2.762769E-02    8.584129E-01   -4.136159E-02    1.102485E+00
   -4.199090E-06   -1.257169E-03   -2.778418E-02    9.237977E-01    2.402925E-01    1.056045E+00
   -4.225390E-06   -1.265010E-03   -2.794088E-02    9.880520E-01    5.143852E-01    9.312595E-01
   -4.251779E-06   -1.272877E-03   -2.809779E-02    1.051013E+00    7.779034E-01    7.372013E-01
   -4.278261E-06   -1.280772E-03   -2.825494E-02    1.112520E+00    1.027964E+00    4.892974E-01
   -4.304839E-06   -1.288694E-03   -2.841233E-02    1.172409E+00    1.261849E+00    2.082596E-01
   -4.331515E-06   -1.296645E-03   -2.856999E-02    1.230521E+00    1.477043E+00   -8.156284E-02
   -4.358291E-06   -1.304625E-03   -2.872792E-02    1.286696E+00    1.671262E+00   -3.542897E-01
   -4.385172E-06   -1.312636E-03   -2.888614E-02    1.340779E+00    1.842484E+00   -5.848986E-01
   -4.412158E-06   -1.320677E-03   -2.904465E-02    1.392612E+00    1.988978E+00   -7.516714E-01
   -4.439252E-06   -1.328751E-03   -2.920348E-02    1.442046E+00    2.109324E+00   -8.384546E-01
   -4.466458E-06   -1.336856E-03   -2.936262E-02    1.488931E+00    2.202434E+00   -8.364867E-01
   -4.493776E-06   -1.344995E-03   -2.952209E-02    1.533123E+00    2.267565E+00   -7.455764E-01
   -4.521208E-06   -1.353167E-03   -2.968190E-02    1.574482E+00    2.304334E+00   -5.744664E-01
   -4.548758E-06   -1.361373E-03   -2.984206E-02    1.612871E+00    2.312716E+00   -3.402984E-01
   -4.576427E-06   -1.369614E-03   -3.000256E-02    1.648161E+00    2.293051E+00   -6.717909E-02
   -4.604216E-06   -1.377890E-03   -3.016343E-02    1.680226E+00    2.246040E+00    2.160490E-01
   -4.632128E-06   -1.386203E-03   -3.032466E-02    1.708949E+00    2.172731E+00    4.786390E-01
   -4.660164E-06   -1.394551E-03   -3.048626E-02    1.734217E+00    2.074509E+00    6.911009E-01
   -4.688327E-06   -1.402937E-03   -3.064825E-02    1.755926E+00    1.953075E+00    8.283711E-01
   -4.716618E-06   -1.411360E-03   -3.081061E-02    1.773979E+00    1.810426E+00    8.726431E-01
   -4.745038E-06   -1.419820E-03   -3.097337E-02    1.788286E+00    1.648822E+00    8.155393E-01
   -4.773589E-06   -1.428319E-03   -3.113652E-02    1.798766E+00    1.470760E+00    6.593513E-01
   -4.802273E-06   -1.436857E-03   -3.130006E-02    1.805348E+00    1.278935E+00    4.171733E-01
   -4.831091E-06   -1.445435E-03   -3.146401E-02    1.807969E+00    1.076202E+00    1.118641E-01
   -4.860045E-06   -1.454052E-03   -3.162837E-02    1.806576E+00    8.655387E-01   -2.260963E-01
   -4.988795E-06   -1.492360E-03   -3.235478E-02    1.752102E+00   -7.584409E-02   -1.232517E+00
   -5.120310E-06   -1.531476E-03   -3.308932E-02    1.618537E+00   -8.609832E-01   -3.085228E-01
   -5.254701E-06   -1.571433E-03   -3.383215E-02    1.408910E+00   -1.296241E+00    1.173828E+00
   -5.392074E-06   -1.612260E-03   -3.458339E-02    1.130697E+00   -1.295265E+00    8.424264E-01
   -5.532533E-06   -1.653988E-03   -3.534306E-02    7.957723E-01   -8.988995E-01   -5.717188E-01
   -5.676176E-06   -1.696645E-03   -3.611115E-02    4.200750E-01   -2.568392E-01   -7.105833E-01
   -5.823101E-06   -1.740258E-03   -3.688762E-02    2.295718E-02    4.231058E-01    2.462158E-01
   -5.973405E-06   -1.784855E-03   -3.767237E-02   -3.737715E-01    9.411263E-01    3.820318E-01
   -6.127184E-06   -1.830463E-03   -3.846525E-02   -7.470777E-01    1.164402E+00   -3.579445E-01
   -6.284532E-06   -1.877109E-03   -3.926609E-02   -1.074160E+00    1.059152E+00   -4.860700E-01
   -6.445547E-06   -1.924820E-03   -4.007469E-02   -1.334043E+00    6.864846E-01    3.121206E-01
   -6.610324E-06   -1.973623E-03   -4.089080E-02   -1.509200E+00    1.673488E-01    8.399410E-01
   -6.778960E-06   -2.023545E-03   -4.171413E-02   -1.587083E+00   -3.657273E-01    1.339832E-01
   -6.951553E-06   -2.074613E-03   -4.254437E-02   -1.561416E+00   -8.080379E-01   -9.002425E-01
   -7.128202E-06   -2.126854E-03   -4.338115E-02   -1.433112E+00   -1.097601E+00   -4.306510E-01
   -7.309006E-06   -2.180297E-03   -4.422409E-02   -1.210699E+00   -1.204634E+00    7.328181E-01
   -7.494067E-06   -2.234969E-03   -4.507276E-02   -9.101436E-01   -1.110333E+00    1.587642E-01
   -7.683488E-06   -2.290898E-03   -4.592668E-02   -5.540245E-01   -7.970120E-01   -7.221536E-01
   -7.877373E-06   -2.348113E-03   -4.678534E-02   -1.700507E-01   -2.647166E-01    4.694091E-01
   -8.075827E-06   -2.406644E-03   -4.764820E-02    2.110101E-01    4.303679E-01    8.990445E-01
   -8.278959E-06   -2.466518E-03   -4.851466E-02    5.578643E-01    1.142560E+00   -9.042205E-01
   -8.486878E-06   -2.527767E-03   -4.938408E-02    8.414890E-01    1.644806E+00   -8.295441E-01
   -8.699695E-06   -2.590420E-03   -5.025578E-02    1.037940E+00    1.700357E+00    8.957738E-01
   -8.917523E-06   -2.654508E-03   -5.112903E-02    1.130886E+00    1.183107E+00    3.120606E-01
   -9.140479E-06   -2.720061E-03   -5.200307E-02    1.113571E+00    1.896049E-01   -5.780819E-01
   -9.368679E-06   -2.787112E-03   -5.287705E-02    9.899344E-01   -9.337412E-01    3.407714E-01
   -9.602243E-06   -2.855692E-03   -5.375012E-02    7.746833E-01   -1.699402E+00    3.250677E-01
   -9.841293E-06   -2.925834E-03   -5.462133E-02    4.921944E-01   -1.704729E+00   -6.925160E-01
   -1.008595E-05   -2.997571E-03   -5.548972E-02    1.742660E-01   -8.738236E-01   -3.266094E-01
   -1.033635E-05   -3.070936E-03   -5.635423E-02   -1.431302E-01    4.297356E-01    7.794521E-01
   -1.059262E-05   -3.145963E-03   -5.721379E-02   -4.237982E-01    1.525480E+00    2.816639E-01
   -1.085488E-05   -3.222687E-03   -5.806723E-02   -6.355411E-01    1.758169E+00   -7.214265E-01
   -1.112327E-05   -3.301143E-03   -5.891334E-02   -7.541505E-01    8.959853E-01    2.928874E-01
   -1.139793E-05   -3.381367E-03   -5.975085E-02   -7.666209E-01   -6.576152E-01    1.662587E-01
   -1.167901E-05   -3.463394E-03   -6.057841E-02   -6.730970E-01   -2.015852E+00   -8.902208E-01
   -1.196663E-05   -3.547261E-03   -6.139463E-02   -4.871870E-01   -2.298048E+00    8.854102E-01
   -1.226095E-05   -3.633007E-03   -6.219803E-02   -2.344668E-01   -1.195116E+00    4.226277E-01
   -1.256212E-05   -3.720668E-03   -6.298707E-02    5.074388E-02    7.560127E-01   -1.081557E+00
   -1.287028E-05   -3.810284E-03   -6.376015E-02    3.299845E-01    2.423844E+00    5.130599E-01
   -1.318559E-05   -3.901893E-03   -6.451557E-02    5.660366E-01    2.765951E+00   -3.702473E-02
   -1.350822E-05   -3.995536E-03   -6.525159E-02    7.283019E-01    1.527388E+00   -3.672503E-01
   -1.383831E-05   -4.091253E-03   -6.596638E-02    7.973177E-01   -5.371208E-01    7.896771E-01
   -1.417604E-05   -4.189084E-03   -6.665803E-02    7.676197E-01   -2.126723E+00   -2.375926E-01
   -1.452158E-05   -4.289072E-03   -6.732455E-02    6.483804E-01   -2.270042E+00   -6.687353E-01
   -1.487508E-05   -4.391259E-03   -6.796390E-02    4.616006E-01   -1.000355E+00    5.511457E-01
   -1.523674E-05   -4.495688E-03   -6.857391E-02    2.380692E-01    6.837881E-01    1.002002E-02
   -1.560673E-05   -4.602402E-03   -6.915238E-02    1.175118E-02    1.570028E+00   -2.237884E-01
   -1.598522E-05   -4.711447E-03   -6.969700E-02   -1.863674E-01    1.132359E+00    6.645209E-01
   -1.637241E-05   -4.822866E-03   -7.020539E-02   -3.337589E-01   -1.229774E-01   -1.109304E+00
   -1.676849E-05   -4.936706E-03   -7.067508E-02   -4.199801E-01   -1.129733E+00    6.211911E-01
   -1.717366E-05   -5.053014E-03   -7.110351E-02   -4.475889E-01   -1.137868E+00    2.442595E-01
   -1.758810E-05   -5.171835E-03   -7.148806E-02   -4.300457E-01   -2.515846E-01   -4.769836E-01
   -1.801202E-05   -5.293218E-03   -7.182600E-02   -3.869976E-01    7.818895E-01    5.296442E-01
   -1.844564E-05   -5.417211E-03   -7.211454E-02   -3.380382E-01    1.254537E+00   -8.200873E-01
   -1.888915E-05   -5.543864E-03   -7.235080E-02   -2.965461E-01    9.894821E-01    6.433910E-01
   -1.934279E-05   -5.673226E-03   -7.253181E-02   -2.653672E-01    2.728685E-01    1.202071E-01
   -1.980676E-05   -5.805347E-03   -7.265452E-02   -2.358037E-01   -5.209565E-01   -5.261469E-01
   -2.028129E-05   -5.940280E-03   -7.271582E-02   -1.906034E-01   -1.116225E+00    4.307998E-01
   -2.076662E-05   -6.078076E-03   -7.271250E-02   -1.105399E-01   -1.242379E+00   -5.617574E-01
   -2.126298E-05   -6.218787E-03   -7.264129E-02    1.701997E-02   -6.552045E-01    8.589263E-01
   -2.177060E-05   -6.362467E-03   -7.249884E-02    1.900961E-01    4.944555E-01   -6.330006E-01
   -2.228974E-05   -6.509169E-03   -7.228173E-02    3.874913E-01    1.404717E+00    8.520776E-02
   -2.282065E-05   -6.658950E-03   -7.198648E-02    5.699589E-01    1.149628E+00    6.164072E-02
   -2.336357E-05   -6.811863E-03   -7.160955E-02    6.881057E-01   -2.337894E-01    7.684367E-02
   -2.391878E-05   -6.967966E-03   -7.114733E-02    6.959584E-01   -1.390686E+00    1.325451E-01
   -2.448653E-05   -7.127314E-03   -7.059615E-02    5.669595E-01   -9.078410E-01   -5.670306E-01
   -2.506711E-05   -7.289965E-03   -6.995234E-02    3.075544E-01    8.950379E-01    6.304901E-01
   -2.566079E-05   -7.455978E-03   -6.921212E-02   -3.681908E-02    1.927366E+00   -3.817557E-01
   -2.626786E-05   -7.625410E-03   -6.837174E-02   -3.871907E-01    6.502095E-01    4.235607E-01
   -2.688860E-05   -7.798322E-03   -6.742739E-02   -6.488154E-01   -1.770904E+00   -8.201265E-01
   -2.752332E-05   -7.974773E-03   -6.637524E-02   -7.380259E-01   -2.480455E+00    1.036966E+00
   -2.817231E-05   -8.154824E-03   -6.521147E-02   -6.110596E-01   -4.057987E-01   -8.549093E-01
   -2.883589E-05   -8.338536E-03   -6.393224E-02   -2.853786E-01    2.123435E+00    6.844510E-01
   -2.951438E-05   -8.525971E-03   -6.253375E-02    1.555198E-01    2.113251E+00   -8.171480E-01
   -3.020810E-05   -8.717191E-03   -6.101219E-02    5.789447E-01   -2.441171E-01    9.712246E-01
   -3.091738E-05   -8.912259E-03   -5.936382E-02    8.399785E-01   -1.817772E+00   -7.782428E-01
   -3.164255E-05   -9.111238E-03   -5.758492E-02    8.293666E-01   -7.543036E-01    4.043606E-01
   -3.238397E-05   -9.314193E-03   -5.567186E-02    5.171266E-01    1.134230E+00   -3.212421E-01
   -3.314199E-05   -9.521187E-03   -5.362107E-02   -2.491295E-02    1.141518E+00    6.484843E-01
   -3.391696E-05   -9.732285E-03   -5.142909E-02   -6.339045E-01   -5.417870E-01   -9.646071E-01
   -3.470926E-05   -9.947553E-03   -4.909258E-02   -1.102058E+00   -1.470880E+00    8.265470E-01
   -3.551926E-05   -1.016706E-02   -4.660832E-02   -1.246632E+00   -5.842654E-01   -2.591924E-01
   -3.634734E-05   -1.039086E-02   -4.397324E-02   -9.809102E-01    7.733572E-01   -2.980787E-01
   -3.719391E-05   -1.061903E-02   -4.118448E-02   -3.585731E-01    1.194450E+00    4.834978E-01
   -3.805935E-05   -1.085164E-02   -3.823933E-02    4.302897E-01    6.340146E-01   -3.517119E-01
   -3.894409E-05   -1.108874E-02   -3.513534E-02    1.117236E+00   -3.869830E-01    2.823269E-01
   -3.984853E-05   -1.133041E-02   -3.187030E-02    1.451725E+00   -1.125917E+00   -5.205997E-01
   -4.077311E-05   -1.157672E-02   -2.844226E-02    1.300995E+00   -5.872798E-01    8.290235E-01
   -4.171826E-05   -1.182773E-02   -2.484958E-02    7.120538E-01    8.327600E-01   -6.617269E-01
   -4.268444E-05   -1.208350E-02   -2.109096E-02   -9.529068E-02    8.604171E-01   -1.319920E-01
   -4.367209E-05   -1.234412E-02   -1.716544E-02   -8.092300E-01   -9.220844E-01    9.325474E-01
   -4.468169E-05   -1.260963E-02   -1.307247E-02   -1.152712E+00   -1.258059E+00   -9.911144E-01
   -4.571370E-05   -1.288011E-02   -8.811919E-03   -1.003605E+00    1.159199E+00    3.968223E-01
   -4.676862E-05   -1.315563E-02   -4.384114E-03   -4.525177E-01    2.127456E+00    1.842570E-01
   -4.784695E-05   -1.343626E-02    2.101236E-04    2.339662E-01   -7.132262E-01   -5.614589E-01
   -4.894919E-05   -1.372205E-02    4.969444E-03    7.341669E-01   -2.496181E+00    8.471919E-01
   -5.007586E-05   -1.401307E-02    9.891929E-03    8.229683E-01    8.047090E-02   -5.368880E-01
   -5.122749E-05   -1.430939E-02    1.497506E-02    4.805045E-01    2.022860E+00   -5.363778E-01
   -5.240462E-05   -1.461108E-02    2.021567E-02   -9.968020E-02   -1.458395E-01    1.091371E+00
   -5.360781E-05   -1.491819E-02    2.560991E-02   -6.115588E-01   -1.545805E+00   -4.068382E-01
   -5.483763E-05   -1.523078E-02    3.115323E-02   -7.966601E-01    5.978498E-01   -3.725999E-01
   -5.609464E-05   -1.554893E-02    3.684028E-02   -5.776235E-01    1.537969E+00    6.623489E-01
   -5.737944E-05   -1.587270E-02    4.266495E-02   -9.062491E-02   -5.154380E-01   -5.775474E-01
   -5.869264E-05   -1.620213E-02    4.862025E-02    4.019037E-01   -1.437503E+00   -3.033970E-01
   -6.003485E-05   -1.653729E-02    5.469834E-02    6.657205E-01   -1.391954E-01    6.604198E-01
   -6.140669E-05   -1.687823E-02    6.089045E-02    6.215303E-01    8.852547E-01    3.908031E-01
   -6.280882E-05   -1.722502E-02    6.718684E-02    3.662082E-01    6.627262E-01   -4.852249E-01
   -6.424189E-05   -1.757770E-02    7.357679E-02    8.075197E-02   -4.651819E-01   -3.810372E-01
   -6.570657E-05   -1.793632E-02    8.004855E-02   -1.042044E-01   -6.553745E-01    7.238138E-01
   -6.720354E-05   -1.830094E-02    8.658928E-02   -1.841342E-01    8.900146E-01   -3.613180E-01
   -6.873351E-05   -1.867160E-02    9.318509E-02   -2.420488E-01    2.837161E-01   -7.411192E-01
   -7.029719E-05   -1.904835E-02    9.982091E-02   -3.334800E-01   -1.884130E+00   -2.371217E-02
   -7.189532E-05   -1.943123E-02    1.064806E-01   -4.024749E-01    3.078339E-01    6.331250E-01
   -7.352864E-05   -1.982028E-02    1.131467E-01   -3.181229E-01    2.334036E+00    5.483432E-01
   -7.519791E-05   -2.021554E-02    1.198008E-01   -1.673331E-02   -1.077900E+00   -6.213522E-01
   -7.690391E-05   -2.061703E-02    1.264231E-01    3.763059E-01   -1.425365E+00   -1.135910E-01
   -7.864745E-05   -2.102479E-02    1.329925E-01    5.840514E-01    1.656970E+00    2.329273E-01
   -8.042933E-05   -2.143885E-02    1.394871E-01    3.911735E-01   -3.358124E-01    1.063913E+00
   -8.225038E-05   -2.185923E-02    1.458833E-01   -1.258810E-01   -1.478236E+00    3.461138E-01
   -8.411146E-05   -2.228595E-02    1.521567E-01   -5.781893E-01    1.452075E+00   -8.039538E-02
   -8.601343E-05   -2.271902E-02    1.582816E-01   -5.401777E-01    7.462289E-01   -5.821060E-01
   -8.795717E-05   -2.315845E-02    1.642310E-01    6.014515E-02   -1.157786E+00   -1.266841E-01
   -8.994360E-05   -2.360425E-02    1.699770E-01    7.854169E-01   -3.451302E-01    3.576582E-01
   -9.197364E-05   -2.405641E-02    1.754906E-01    9.818319E-01    5.736396E-01    8.135694E-01
   -9.404823E-05   -2.451493E-02    1.807419E-01    3.479014E-01    1.030062E-01    7.485000E-01
   -9.616833E-05   -2.497980E-02    1.856999E-01   -7.104331E-01   -7.052134E-01    4.012335E-01
   -9.833494E-05   -2.545100E-02    1.903330E-01   -1.331314E+00    1.131834E+00   -1.675096E-01
   -1.005491E-04   -2.592851E-02    1.946086E-01   -9.302368E-01    1.387982E-01   -5.532392E-01
   -1.028117E-04   -2.641230E-02    1.984938E-01    2.176956E-01   -2.096527E+00   -9.021718E-01
   -1.051240E-04   -2.690231E-02    2.019551E-01    1.145661E+00    1.680452E+00   -7.354407E-01
   -1.074869E-04   -2.739852E-02    2.049585E-01    1.052857E+00    2.240510E-01   -7.319549E-01
   -1.099016E-04   -2.790087E-02    2.074701E-01    7.638013E-02   -1.340156E+00   -1.315055E-01
   -1.123691E-04   -2.840929E-02    2.094559E-01   -8.141581E-01    1.839114E+00   -2.506258E-01
   -1.148907E-04   -2.892371E-02    2.108820E-01   -7.653651E-01   -1.323683E+00    1.929575E-01
   -1.174674E-04   -2.944405E-02    2.117151E-01    9.953586E-02   -5.317910E-01   -3.362365E-01
   -1.201006E-04   -2.997022E-02    2.119224E-01    8.232052E-01    1.462144E+00    5.241559E-02
   -1.227914E-04   -3.050213E-02    2.114723E-01    6.402982E-01   -5.463049E-01   -9.809517E-02
   -1.255410E-04   -3.103965E-02    2.103339E-01   -2.176599E-01   -2.570828E-01    2.461150E-01
   -1.283507E-04   -3.158267E-02    2.084781E-01   -8.288354E-01    4.352860E-01    5.217543E-02
   -1.312218E-04   -3.213104E-02    2.058776E-01   -6.269519E-01   -6.499142E-01   -5.154765E-01
   -1.341557E-04   -3.268464E-02    2.025070E-01    4.283071E-02    1.013730E-02   -2.306657E-01
   -1.371537E-04   -3.324328E-02    1.983435E-01    4.611384E-01    1.542530E+00   -5.541492E-01
   -1.402172E-04   -3.380681E-02    1.933669E-01    3.984132E-01   -2.107423E+00   -5.074055E-01
   -1.433476E-04   -3.437502E-02    1.875604E-01    1.949456E-01    1.392608E+00   -8.208207E-01
   -1.465463E-04   -3.494773E-02    1.809104E-01    1.012745E-01   -7.707877E-01   -5.297469E-01
   -1.498148E-04   -3.552471E-02    1.734075E-01   -3.950278E-02    1.310132E-01    1.994589E-01
   -1.531547E-04   -3.610573E-02    1.650466E-01   -3.091196E-01    1.087826E+00    5.981829E-03
   -1.565674E-04   -3.669054E-02    1.558272E-01   -3.491049E-01   -1.740561E+00    7.509199E-01
   -1.600545E-04   -3.727886E-02    1.457538E-01    7.932893E-02    1.098295E+00    7.503623E-01
   -1.636177E-04   -3.787042E-02    1.348368E-01    4.509505E-01   -3.398057E-01   -3.231670E-01
   -1.672585E-04   -3.846491E-02    1.230921E-01    8.027589E-02    8.304879E-02   -3.096259E-01
   -1.709786E-04   -3.906200E-02    1.105421E-01   -6.472206E-01    5.223118E-01   -6.034766E-01
   -1.747798E-04   -3.966135E-02    9.721578E-02   -5.295931E-01   -1.454567E+00   -3.155935E-02
   -1.786638E-04   -4.026258E-02    8.314908E-02    5.891372E-01    1.602090E+00    6.392466E-01
   -1.826323E-04   -4.086532E-02    6.838525E-02    1.183487E+00   -1.023650E+00    4.766434E-01
   -1.866872E-04   -4.146915E-02    5.297508E-02    1.789651E-01    8.061634E-01   -6.995856E-01
   -1.908303E-04   -4.207363E-02    3.697716E-02   -1.141727E+00   -9.292941E-01   -5.068388E-01
   -1.950636E-04   -4.267831E-02    2.045803E-02   -8.416271E-01    5.199609E-01    7.503415E-01
   -1.993889E-04   -4.328269E-02    3.492306E-03    5.954341E-01    2.488930E-01    3.222371E-01
   -2.038082E-04   -4.388627E-02   -1.383724E-02    8.969276E-01   -4.594890E-01   -8.603382E-01
   -2.083235E-04   -4.448850E-02   -3.143974E-02   -3.132352E-01    2.055271E-01    1.358872E-01
   -2.129369E-04   -4.508883E-02   -4.921630E-02   -8.885596E-01   -3.828666E-01    6.523607E-01
   -2.176505E-04   -4.568664E-02   -6.706023E-02    1.557732E-01    1.054991E+00   -3.557900E-01
   -2.224663E-04   -4.628131E-02   -8.485731E-02    9.916506E-01   -1.436956E+00   -5.320004E-01
   -2.273867E-04   -4.687219E-02   -1.024862E-01    2.601705E-01    1.346579E+00    7.349287E-01
   -2.324137E-04   -4.745858E-02   -1.198191E-01   -6.913122E-01   -1.449410E+00   -2.077236E-01
   -2.375498E-04   -4.803975E-02   -1.367220E-01   -4.753035E-01    1.996286E+00   -6.442515E-02
   -2.427971E-04   -4.861496E-02   -1.530561E-01    1.196372E-01   -2.319172E+00    7.934950E-02
   -2.481581E-04   -4.918340E-02   -1.686780E-01    1.792629E-01    1.870906E+00   -4.519052E-01
   -2.536351E-04   -4.974424E-02   -1.834414E-01    1.501459E-01   -1.063315E+00    7.149663E-01
   -2.592306E-04   -5.029662E-02   -1.971979E-01    1.588829E-01    6.744293E-01   -5.826451E-01
   -2.649472E-04   -5.083964E-02   -2.097985E-01   -1.664818E-01   -8.676933E-01    6.548643E-01
   -2.707873E-04   -5.137233E-02   -2.210950E-01   -1.497286E-01    1.206524E+00   -5.144036E-01
   -2.767535E-04   -5.189373E-02   -2.309419E-01    4.425962E-01   -1.380537E+00    2.046747E-01
   -2.828486E-04   -5.240281E-02   -2.391977E-01    1.139923E-01    1.451247E+00   -6.384241E-01
   -2.890751E-04   -5.289849E-02   -2.457272E-01   -9.272095E-01   -1.427396E+00    5.591096E-01
   -2.954359E-04   -5.337966E-02   -2.504036E-01   -2.785801E-01    1.040233E+00   -3.032939E-01
   -3.019338E-04   -5.384518E-02   -2.531101E-01    1.170451E+00   -1.779701E-01    9.479889E-01
   -3.085715E-04   -5.429383E-02   -2.537426E-01    3.297281E-01   -7.195124E-01   -4.616532E-01
   -3.153521E-04   -5.472437E-02   -2.522117E-01   -1.058634E+00    1.060390E+00    4.273336E-01
   -3.222784E-04   -5.513552E-02   -2.484452E-01    5.035837E-02   -8.882841E-01   -2.297584E-01
   -3.293535E-04   -5.552592E-02   -2.423901E-01    8.962850E-01    8.565732E-01   -6.055200E-01
   -3.365804E-04   -5.589420E-02   -2.340153E-01   -5.830739E-01   -1.203007E+00    4.486958E-01
   -3.439623E-04   -5.623891E-02   -2.233134E-01   -7.791479E-01    1.180267E+00   -5.399319E-01
   -3.515022E-04   -5.655857E-02   -2.103028E-01    7.719116E-01   -1.431021E-01   -3.189787E-01
   -3.592035E-04   -5.685165E-02   -1.950300E-01    5.375281E-01   -1.125160E+00    6.957369E-01
   -3.670694E-04   -5.711656E-02   -1.775708E-01   -4.703264E-01    1.285860E+00    1.921870E-02
   -3.751031E-04   -5.735166E-02   -1.580322E-01   -1.589957E-01   -5.947744E-01   -3.534422E-01
   -3.833081E-04   -5.755528E-02   -1.365531E-01    3.406316E-02    4.045552E-01    5.496272E-01
   -3.916879E-04   -5.772567E-02   -1.133052E-01    2.582629E-04   -3.931995E-01    8.817905E-01
   -4.002458E-04   -5.786105E-02   -8.849323E-02    6.250893E-02   -7.996505E-01    4.834432E-02
   -4.089853E-04   -5.795958E-02   -6.235485E-02   -2.457774E-01    1.871387E+00   -6.909445E-01
   -4.179102E-04   -5.801939E-02   -3.515968E-02    3.969247E-01   -5.160909E-01   -4.642935E-01
   -4.270238E-04   -5.803852E-02   -7.207950E-03    4.720471E-01   -1.369494E+00    3.187209E-01
   -4.363300E-04   -5.801500E-02    2.117153E-02   -1.021489E+00    8.881993E-01    6.979617E-01
   -4.458324E-04   -5.794680E-02    4.962418E-02   -4.825295E-02    8.923847E-02    3.712895E-01
   -4.555347E-04   -5.783185E-02    7.777312E-02    9.825592E-01   -1.644871E-01    7.348284E-02
   -4.654408E-04   -5.766801E-02    1.052235E-01   -7.758629E-01    9.214455E-01    3.288550E-02
   -4.755544E-04   -5.745313E-02    1.315673E-01    4.586969E-02   -2.530736E-01   -3.920314E-01
   -4.858793E-04   -5.718499E-02    1.563895E-01    9.128654E-01   -1.906557E+00   -4.497003E-01
   -4.964194E-04   -5.686136E-02    1.792741E-01   -9.914648E-01    4.082386E-01   -9.701751E-02
   -5.071786E-04   -5.647995E-02    1.998116E-01   -1.319438E-01    1.712533E+00   -3.264218E-01
   -5.181609E-04   -5.603844E-02    2.176068E-01    6.791669E-01   -7.737982E-01    5.114030E-02
   -5.293700E-04   -5.553449E-02    2.322867E-01   -2.659192E-01    8.938868E-02   -2.215582E-01
   -5.408100E-04   -5.496572E-02    2.435096E-01    6.463479E-02    1.232755E+00    1.282280E-01
   -5.524848E-04   -5.432974E-02    2.509736E-01    4.523542E-04   -4.163437E-02    2.036371E-01
   -5.643983E-04   -5.362413E-02    2.544259E-01    5.134524E-03   -1.669736E+00    8.726202E-01
   -5.765543E-04   -5.284646E-02    2.536714E-01   -4.051716E-01   -1.437888E+00    4.402781E-01
   -5.889568E-04   -5.199429E-02    2.485814E-01    3.115653E-01    1.001932E+00   -1.323653E-02
   -6.016095E-04   -5.106519E-02    2.391010E-01    5.985507E-01    1.951867E-01   -8.575843E-01
   -6.145164E-04   -5.005672E-02    2.252565E-01   -1.025250E+00   -7.687310E-01   -4.595680E-01
   -6.276811E-04   -4.896645E-02    2.071612E-01    6.886254E-01   -1.216834E+00    8.953707E-01
   -6.411074E-04   -4.779197E-02    1.850196E-01   -2.624980E-01    5.152225E-01    4.010139E-01
   -6.547987E-04   -4.653090E-02    1.591301E-01   -4.016629E-01    1.723384E+00   -9.574752E-01
   -6.687587E-04   -4.518089E-02    1.298860E-01    1.110663E+00    1.046350E+00   -4.283018E-02
   -6.829907E-04   -4.373965E-02    9.777335E-02   -9.390294E-01   -1.840150E-02    9.112605E-01
   -6.974979E-04   -4.220492E-02    6.336749E-02    2.405938E-01   -1.152733E+00   -5.497162E-01
   -7.122835E-04   -4.057452E-02    2.732597E-02    2.197890E-02   -1.198827E-01    1.000448E-01
   -7.273504E-04   -3.884634E-02   -9.620854E-03   -6.371467E-02    4.480514E-01    3.670259E-01
   -7.427013E-04   -3.701836E-02   -4.668215E-02    1.813426E-01    1.708755E+00   -9.382218E-01
   -7.583388E-04   -3.508867E-02   -8.302184E-02    1.293151E-01    8.525388E-01    6.068466E-01
   -7.742650E-04   -3.305547E-02   -1.177765E-01   -6.511140E-01    4.700772E-01   -8.410588E-01
   -7.904822E-04   -3.091707E-02   -1.500757E-01    5.774724E-01   -1.298334E+00    3.774180E-01
   -8.069918E-04   -2.867197E-02   -1.790645E-01   -1.073420E-01   -1.485561E+00   -6.518536E-01
   -8.237953E-04   -2.631878E-02   -2.039282E-01   -1.233115E-01   -2.236665E+00    2.533738E-01
   -8.408936E-04   -2.385632E-02   -2.239169E-01    3.895031E-01   -1.174982E+00   -3.641298E-01
   -8.582874E-04   -2.128360E-02   -2.383721E-01   -9.134897E-01   -7.940038E-01    3.642056E-03
   -8.759767E-04   -1.859983E-02   -2.467519E-01    1.109582E+00    6.802668E-01    6.662373E-01
   -8.939612E-04   -1.580447E-02   -2.486554E-01   -7.509183E-01    9.394946E-01   -6.986273E-01
   -9.122398E-04   -1.289722E-02   -2.438448E-01    4.611902E-01    1.302098E+00    4.394714E-01
   -9.308112E-04   -9.878051E-03   -2.322639E-01   -3.994908E-01    7.934230E-01    4.846533E-02
   -9.496730E-04   -6.747236E-03   -2.140534E-01    1.076478E-01    4.988306E-01   -2.085863E-01
   -9.688224E-04   -3.505350E-03   -1.895595E-01    3.682953E-01    1.062545E+00   -4.556874E-01
   -9.882558E-04   -1.533068E-04   -1.593378E-01   -4.681343E-01    1.400333E+00    4.383898E-01
   -1.007969E-03    3.307625E-03   -1.241488E-01    2.729908E-01    2.202464E+00    6.772324E-01
   -1.027956E-03    6.875802E-03   -8.494699E-02   -2.887995E-01    9.317535E-01   -1.835186E-01
   -1.048210E-03    1.054918E-02   -4.286124E-02    4.777375E-01    8.621254E-01   -2.376798E-01
   -1.068725E-03    1.432530E-02    8.327897E-04   -3.750592E-01    8.766261E-01   -8.269337E-01
   -1.089492E-03    1.820126E-02    4.474802E-02    8.795877E-02    1.583990E+00   -4.479927E-01
   -1.110501E-03    2.217370E-02    8.742864E-02   -5.350478E-02    1.013202E+00   -2.997729E-01
   -1.131741E-03    2.623880E-02    1.273991E-01    2.389379E-01   -6.107720E-01   -3.036932E-01
   -1.153200E-03    3.039221E-02    1.632180E-01   -1.686052E-01    1.791129E-01   -3.788034E-01
   -1.174864E-03    3.462910E-02    1.935349E-01   -1.703685E-01   -3.370351E-01    1.474167E-02
   -1.196717E-03    3.894412E-02    2.171485E-01    4.023462E-01   -1.596716E+00   -4.734950E-01
   -1.218744E-03    4.333136E-02    2.330626E-01   -4.105068E-01   -1.333493E+00   -9.002387E-01
   -1.240924E-03    4.778439E-02    2.405383E-01    5.628467E-01   -6.268185E-01   -4.507076E-01
   -1.263239E-03    5.229623E-02    2.391392E-01   -9.478845E-01   -2.876352E-01    8.997365E-03
   -1.285664E-03    5.685934E-02    2.287664E-01    1.223198E+00    4.917118E-01    1.708492E-01
   -1.308177E-03    6.146563E-02    2.096815E-01   -1.057805E+00    1.619611E+00    2.727467E-01
   -1.330751E-03    6.610648E-02    1.825152E-01    6.874513E-01    7.669490E-01    6.884647E-02
   -1.353358E-03    7.077274E-02    1.482588E-01   -4.377268E-01   -9.837191E-04   -4.087952E-01
   -1.375966E-03    7.545474E-02    1.082392E-01    3.695692E-01   -9.207894E-01   -1.870163E-01
   -1.398544E-03    8.014231E-02    6.407591E-02   -2.506792E-01   -1.395932E+00    6.184183E-01
   -1.421056E-03    8.482484E-02    1.762148E-02    1.552903E-01    3.116208E-01    1.591510E-01
   -1.443465E-03    8.949127E-02   -2.911347E-02   -2.995887E-01    4.617303E-01   -6.698899E-01
   -1.465731E-03    9.413016E-02   -7.404718E-02    7.658184E-01    1.606297E+00    2.993219E-01
   -1.487813E-03    9.872972E-02   -1.151225E-01   -1.119117E+00   -5.227675E-01    1.735373E-01
   -1.509667E-03    1.032779E-01   -1.504067E-01    1.003603E+00   -1.529211E+00   -4.525926E-01
   -1.531245E-03    1.077623E-01   -1.781901E-01   -4.203148E-01    1.940371E-01    6.285534E-01
   -1.552500E-03    1.121707E-01   -1.970781E-01   -9.674758E-02    5.069596E-01   -4.316421E-01
   -1.573381E-03    1.164903E-01   -2.060708E-01    2.201652E-01    1.129753E+00    3.175179E-01
   -1.593835E-03    1.207087E-01   -2.046255E-01    5.706955E-02   -1.004940E+00    7.659653E-02
   -1.613809E-03    1.248134E-01   -1.926968E-01   -2.950459E-01   -4.415258E-01    2.444040E-01
   -1.633246E-03    1.287921E-01   -1.707511E-01    2.760782E-01   -3.360639E-01    3.331306E-01
   -1.652089E-03    1.326329E-01   -1.397538E-01    7.239093E-02    1.809417E+00   -1.169398E-01
   -1.670281E-03    1.363240E-01   -1.011276E-01   -4.590201E-01   -7.646519E-01    1.526290E-02
   -1.687761E-03    1.398543E-01   -5.668510E-02    7.508569E-01   -7.919083E-01    3.172201E-02
   -1.704470E-03    1.432132E-01   -8.536389E-03   -7.473232E-01   -1.835430E-01    1.355930E-01
   -1.720349E-03    1.463908E-01    4.102107E-02    5.673695E-01    1.868188E+00    1.654337E-01
   -1.735338E-03    1.493778E-01    8.962579E-02   -2.581763E-01   -1.070499E+00   -4.134731E-01
   -1.749378E-03    1.521660E-01    1.349806E-01    1.207743E-01   -7.627657E-01    5.374694E-01
   -1.762411E-03    1.547479E-01    1.749783E-01   -1.415224E-01    4.219435E-01   -3.503727E-01
   -1.774381E-03    1.571172E-01    2.078165E-01    3.149904E-01    1.377371E+00    4.660677E-01
   -1.785234E-03    1.592688E-01    2.320950E-01   -2.598336E-01   -1.307334E+00   -4.893007E-01
   -1.794918E-03    1.611983E-01    2.468878E-01   -4.381055E-02   -5.292031E-01    5.979906E-01
   -1.803384E-03    1.629031E-01    2.517877E-01    5.678156E-01    9.944400E-01   -1.653975E-01
   -1.810587E-03    1.643813E-01    2.469183E-01   -8.130165E-01    5.877334E-01    2.383619E-02
   -1.816484E-03    1.656326E-01    2.329144E-01    7.012144E-01   -1.180899E+00    1.834778E-01
   -1.821040E-03    1.666578E-01    2.108726E-01   -2.420770E-01   -2.828481E-01    3.137024E-02
   -1.824221E-03    1.674589E-01    1.822756E-01    3.178247E-03    1.120133E+00    2.793982E-01
   -1.825999E-03    1.680394E-01    1.488958E-01   -8.249836E-02    1.361291E-01   -3.728405E-01
   -1.826354E-03    1.684036E-01    1.126851E-01    4.822326E-01   -8.262008E-01    3.732023E-01
   -1.825267E-03    1.685571E-01    7.565928E-02   -5.893190E-01   -3.066181E-01   -1.461564E-01
   -1.822730E-03    1.685065E-01    3.978320E-02    3.252948E-01    6.708732E-01    2.747112E-01
   -1.818737E-03    1.682596E-01    6.865782E-03    2.979690E-01    6.168451E-01   -2.405789E-01
   -1.813291E-03    1.678246E-01   -2.153042E-02   -6.250801E-01   -4.795747E-01   -2.909877E-01
   -1.806399E-03    1.672108E-01   -4.415948E-02    6.056566E-01   -6.850176E-01    3.055407E-02
   -1.798076E-03    1.664280E-01   -6.013936E-02   -2.221460E-01   -3.555609E-01   -6.184556E-01
   -1.788341E-03    1.654867E-01   -6.897468E-02    6.123663E-02    1.539780E+00    2.763427E-01
   -1.777222E-03    1.643977E-01   -7.055579E-02   -4.869302E-02    3.734021E-02   -2.047441E-02
   -1.764749E-03    1.631721E-01   -6.513585E-02    2.546562E-01   -2.659437E-01   -2.651523E-01
   -1.750961E-03    1.618211E-01   -5.328951E-02   -2.931791E-01   -8.558802E-01    4.124994E-01
   -1.735899E-03    1.603562E-01   -3.585727E-02    4.547845E-01   -5.585160E-01    2.910736E-01
   -1.719611E-03    1.587885E-01   -1.388050E-02   -5.794665E-01    5.474892E-01   -4.312185E-01
   -1.702147E-03    1.571294E-01    1.146833E-02    7.862801E-01    6.107416E-01   -5.845523E-01
   -1.683563E-03    1.553897E-01    3.895523E-02   -6.163079E-01    7.927703E-01   -4.559668E-02
   -1.663918E-03    1.535800E-01    6.735034E-02    3.840024E-01    5.357736E-01    4.541365E-01
   -1.643271E-03    1.517105E-01    9.548605E-02   -1.058272E-01   -3.852659E-01    3.368706E-01
   -1.621688E-03    1.497910E-01    1.223055E-01    1.442872E-01   -6.081357E-01    1.763137E-01
   -1.599233E-03    1.478308E-01    1.468995E-01   -1.359791E-02   -2.282010E-01    5.030968E-01
