  -7.39719382086648        2.62471973738319     
  -7.39231758885311        2.63754738575311     
  -7.38744135683973        2.65043771441479     
  -7.38256512482635        2.66339102953232     
  -7.37768889281298        2.67640763876411     
  -7.37281266079960        2.68948785127026     
  -7.36793642878623        2.70263197771979     
  -7.36306019677285        2.71584033029806     
  -7.35818396475948        2.72911322271412     
  -7.35330773274610        2.74245097020815     
  -7.34843150073273        2.75585388955891     
  -7.34355526871935        2.76932229909125     
  -7.33867903670598        2.78285651868366     
  -7.33380280469260        2.79645686977580     
  -7.32892657267923        2.81012367537613     
  -7.32405034066585        2.82385726006958     
  -7.31917410865248        2.83765795002516     
  -7.31429787663910        2.85152607300377     
  -7.30942164462573        2.86546195836590     
  -7.30454541261235        2.87946593707941     
  -7.29966918059898        2.89353834172741     
  -7.29479294858560        2.90767950651611     
  -7.28991671657223        2.92188976728271     
  -7.28504048455885        2.93616946150339     
  -7.28016425254547        2.95051892830123     
  -7.27528802053210        2.96493850845430     
  -7.27041178851872        2.97942854440368     
  -7.26553555650535        2.99398938026159     
  -7.26065932449197        3.00862136181951     
  -7.25578309247860        3.02332483655637     
  -7.25090686046522        3.03810015364678     
  -7.24603062845185        3.05294766396926     
  -7.24115439643847        3.06786772011457     
  -7.23627816442510        3.08286067639407     
  -7.23140193241172        3.09792688884804     
  -7.22652570039835        3.11306671525415     
  -7.22164946838497        3.12828051513590     
  -7.21677323637160        3.14356864977114     
  -7.21189700435822        3.15893148220063     
  -7.20702077234485        3.17436937723658     
  -7.20214454033147        3.18988270147131     
  -7.19726830831810        3.20547182328593     
  -7.19239207630472        3.22113711285900     
  -7.18751584429135        3.23687894217538     
  -7.18263961227797        3.25269768503493     
  -7.17776338026459        3.26859371706141     
  -7.17288714825122        3.28456741571132     
  -7.16801091623784        3.30061916028287     
  -7.16313468422447        3.31674933192493     
  -7.15825845221109        3.33295831364603     
  -7.15338222019772        3.34924649032345     
  -7.14850598818434        3.36561424871226     
  -7.14362975617097        3.38206197745454     
  -7.13875352415759        3.39859006708852     
  -7.13387729214422        3.41519891005783     
  -7.12900106013084        3.43188890072076     
  -7.12412482811747        3.44866043535963     
  -7.11924859610409        3.46551391219009     
  -7.11437236409072        3.48244973137060     
  -7.10949613207734        3.49946829501184     
  -7.10461990006397        3.51657000718626     
  -7.09974366805059        3.53375527393758     
  -7.09486743603722        3.55102450329044     
  -7.08999120402384        3.56837810526002     
  -7.08511497201047        3.58581649186171     
  -7.08023873999709        3.60334007712090     
  -7.07536250798371        3.62094927708272     
  -7.07048627597034        3.63864450982188     
  -7.06561004395696        3.65642619545259     
  -7.06073381194359        3.67429475613844     
  -7.05585757993021        3.69225061610239     
  -7.05098134791684        3.71029420163681     
  -7.04610511590346        3.72842594111355     
  -7.04122888389009        3.74664626499405     
  -7.03635265187671        3.76495560583951     
  -7.03147641986334        3.78335439832113     
  -7.02660018784996        3.80184307923038     
  -7.02172395583659        3.82042208748930     
  -7.01684772382321        3.83909186416087     
  -7.01197149180984        3.85785285245946     
  -7.00709525979646        3.87670549776127     
  -7.00221902778309        3.89565024761486     
  -6.99734279576971        3.91468755175176     
  -6.99246656375634        3.93381786209702     
  -6.98759033174296        3.95304163277994     
  -6.98271409972959        3.97235932014478     
  -6.97783786771621        3.99177138276157     
  -6.97296163570284        4.01127828143687     
  -6.96808540368946        4.03088047922473     
  -6.96320917167608        4.05057844143758     
  -6.95833293966271        4.07037263565724     
  -6.95345670764933        4.09026353174596     
  -6.94858047563596        4.11025160185749     
  -6.94370424362258        4.13033732044829     
  -6.93882801160921        4.15052116428867     
  -6.93395177959583        4.17080361247407     
  -6.92907554758246        4.19118514643640     
  -6.92419931556908        4.21166624995538     
  -6.91932308355571        4.23224740916995     
  -6.91444685154233        4.25292911258979     
  -6.90957061952896        4.27371185110680     
  -6.90469438751558        4.29459611800676     
  -6.89981815550221        4.31558240898089     
  -6.89494192348883        4.33667122213763     
  -6.89006569147546        4.35786305801433     
  -6.88518945946208        4.37915841958915     
  -6.88031322744871        4.40055781229282     
  -6.87543699543533        4.42206174402068     
  -6.87056076342196        4.44367072514461     
  -6.86568453140858        4.46538526852507     
  -6.86080829939521        4.48720588952322     
  -6.85593206738183        4.50913310601310     
  -6.85105583536845        4.53116743839381     
  -6.84617960335508        4.55330940960186     
  -6.84130337134170        4.57555954512340     
  -6.83642713932833        4.59791837300672     
  -6.83155090731495        4.62038642387469     
  -6.82667467530158        4.64296423093722     
  -6.82179844328820        4.66565233000392     
  -6.81692221127483        4.68845125949670     
  -6.81204597926145        4.71136156046245     
  -6.80716974724808        4.73438377658587     
  -6.80229351523470        4.75751845420223     
  -6.79741728322133        4.78076614231030     
  -6.79254105120795        4.80412739258529     
  -6.78766481919458        4.82760275939183     
  -6.78278858718120        4.85119279979711     
  -6.77791235516783        4.87489807358396     
  -6.77303612315445        4.89871914326408     
  -6.76815989114108        4.92265657409130     
  -6.76328365912770        4.94671093407492     
  -6.75840742711433        4.97088279399308     
  -6.75353119510095        4.99517272740625     
  -6.74865496308758        5.01958131067073     
  -6.74377873107420        5.04410912295226     
  -6.73890249906082        5.06875674623966     
  -6.73402626704745        5.09352476535856     
  -6.72915003503407        5.11841376798517     
  -6.72427380302070        5.14342434466016     
  -6.71939757100732        5.16855708880259     
  -6.71452133899395        5.19381259672385     
  -6.70964510698057        5.21919146764176     
  -6.70476887496720        5.24469430369468     
  -6.69989264295382        5.27032170995569     
  -6.69501641094045        5.29607429444687     
  -6.69014017892707        5.32195266815365     
  -6.68526394691370        5.34795744503913     
  -6.68038771490032        5.37408924205865     
  -6.67551148288695        5.40034867917424     
  -6.67063525087357        5.42673637936930     
  -6.66575901886020        5.45325296866323     
  -6.66088278684682        5.47989907612620     
  -6.65600655483345        5.50667533389397     
  -6.65113032282007        5.53358237718277     
  -6.64625409080670        5.56062084430430     
  -6.64137785879332        5.58779137668072     
  -6.63650162677994        5.61509461885980     
  -6.63162539476657        5.64253121853006     
  -6.62674916275319        5.67010182653609     
  -6.62187293073982        5.69780709689380     
  -6.61699669872644        5.72564768680588     
  -6.61212046671307        5.75362425667729     
  -6.60724423469969        5.78173747013072     
  -6.60236800268632        5.80998799402232     
  -6.59749177067294        5.83837649845738     
  -6.59261553865957        5.86690365680606     
  -6.58773930664619        5.89557014571931     
  -6.58286307463282        5.92437664514470     
  -6.57798684261944        5.95332383834258     
  -6.57311061060607        5.98241241190204     
  -6.56823437859269        6.01164305575710     
  -6.56335814657932        6.04101646320299     
  -6.55848191456594        6.07053333091244     
  -6.55360568255257        6.10019435895207     
  -6.54872945053919        6.13000025079888     
  -6.54385321852582        6.15995171335681     
  -6.53897698651244        6.19004945697337     
  -6.53410075449906        6.22029419545633     
  -6.52922452248569        6.25068664609059     
  -6.52434829047231        6.28122752965496     
  -6.51947205845894        6.31191757043921     
  -6.51459582644556        6.34275749626105     
  -6.50971959443219        6.37374803848326     
  -6.50484336241881        6.40488993203094     
  -6.49996713040544        6.43618391540873     
  -6.49509089839206        6.46763073071825     
  -6.49021466637869        6.49923112367549     
  -6.48533843436531        6.53098584362841     
  -6.48046220235194        6.56289564357451     
  -6.47558597033856        6.59496128017858     
  -6.47070973832519        6.62718351379049     
  -6.46583350631181        6.65956310846302     
  -6.46095727429844        6.69210083196989     
  -6.45608104228506        6.72479745582378     
  -6.45120481027169        6.75765375529447     
  -6.44632857825831        6.79067050942707     
  -6.44145234624494        6.82384850106033     
  -6.43657611423156        6.85718851684505     
  -6.43169988221818        6.89069134726258     
  -6.42682365020481        6.92435778664336     
  -6.42194741819143        6.95818863318562     
  -6.37913443540349        7.26240465203580     
  -6.35772794400952        7.41946202466589     
  -6.33632145261555        7.57991413681981     
  -6.31491496122158        7.74383428589659     
  -6.29350846982761        7.91129734844209     
  -6.27210197843363        8.08237981401906     
  -6.25069548703966        8.25715981979697     
  -6.22928899564569        8.43571718587668     
  -6.20788250425172        8.61813345136508     
  -6.18647601285775        8.80449191121546     
  -6.16506952146378        8.99487765384946     
  -6.14366303006981        9.18937759957682     
  -6.12225653867583        9.38808053982950     
  -6.10085004728186        9.59107717722700     
  -6.07944355588789        9.79846016649022     
  -6.05803706449392        10.0103241562212     
  -6.03663057309995        10.2267658315668     
  -6.01522408170598        10.4478839577847     
  -5.99381759031201        10.6737794247294     
  -5.97241109891803        10.9045552922792     
  -5.95100460752406        11.1403168367207     
  -5.92959811613009        11.3811715981132     
  -5.90819162473612        11.6272294286510     
  -5.88678513334215        11.8786025420457     
  -5.86537864194818        12.1354055639481     
  -5.84397215055421        12.3977555834316     
  -5.82256565916023        12.6657722055588     
  -5.80115916776626        12.9395776050526     
  -5.77975267637229        13.2192965810960     
  -5.75834618497832        13.5050566132811     
  -5.73693969358435        13.7969879187329     
  -5.71553320219038        14.0952235104304     
  -5.69412671079641        14.3998992567493     
  -5.67272021940243        14.7111539422515     
  -5.65131372800846        15.0291293297466     
  -5.62990723661449        15.3539702236497     
  -5.60850074522052        15.6858245346633     
  -5.58709425382655        16.0248433458087     
  -5.56568776243258        16.3711809798346     
  -5.54428127103861        16.7249950680293     
  -5.52287477964463        17.0864466204658     
  -5.50146828825066        17.4557000977083     
  -5.48006179685669        17.8329234840070     
  -5.45865530546272        18.2182883620137     
  -5.43724881406875        18.6119699890465     
  -5.41584232267478        19.0141473749336     
  -5.39443583128081        19.4250033614694     
  -5.37302933988683        19.8447247035124     
  -5.35162284849286        20.2735021517582     
  -5.33021635709889        20.7115305372199     
  -5.30880986570492        21.1590088574501     
  -5.28740337431095        21.6161403645358     
  -5.26599688291698        22.0831326549046     
  -5.24459039152300        22.5601977609727     
  -5.22318390012903        23.0475522446736     
  -5.20177740873506        23.5454172929021     
  -5.18037091734109        24.0540188149106     
  -5.15896442594712        24.5735875416942     
  -5.13755793455315        25.1043591274041     
  -5.11615144315918        25.6465742528261     
  -5.09474495176520        26.2004787309637     
  -5.07333846037123        26.7663236147658     
  -5.05193196897726        27.3443653070390     
  -5.03052547758329        27.9348656725849     
  -5.00911898618932        28.5380921526040     
  -4.98771249479535        29.1543178814085     
  -4.96630600340138        29.7838218054860     
  -4.94489951200740        30.4268888049580     
  -4.92349302061343        31.0838098174756     
  -4.90208652921946        31.7548819645987     
  -4.88068003782549        32.4404086807018     
  -4.85927354643152        33.1406998444523     
  -4.83786705503755        33.8560719129090     
  -4.81646056364358        34.5868480582846     
  -4.79505407224960        35.3333583074216     
  -4.77364758085563        36.0959396840290     
  -4.75224108946166        36.8749363537271     
  -4.73083459806769        37.6706997719497     
  -4.70942810667372        38.4835888347545     
  -4.68802161527975        39.3139700325884     
  -4.66661512388578        40.1622176070615     
  -4.64520863249180        41.0287137107782     
  -4.62380214109783        41.9138485702777     
  -4.60239564970386        42.8180206521356     
  -4.58098915830989        43.7416368322784     
  -4.55958266691592        44.6851125685639     
  -4.53817617552195        45.6488720766800     
  -4.51676968412798        46.6333485094154     
  -4.49536319273400        47.6389841393562     
  -4.47395670134003        48.6662305450611     
  -4.45255020994606        49.7155488007711     
  -4.43114371855209        50.7874096697057     
  -4.40973722715812        51.8822938010037     
  -4.38833073576415        53.0006919303586     
  -4.36692424437018        54.1431050844082     
  -4.34551775297620        55.3100447889295     
  -4.32411126158223        56.5020332808958     
  -4.30270477018826        57.7196037244505     
  -4.28129827879429        58.9633004308514     
  -4.25989178740032        60.2336790824410     
  -4.23848529600635        61.5313069606969     
  -4.21707880461238        62.8567631784152     
  -4.19567231321840        64.2106389160826     
  -4.17426582182443        65.5935376624881     
  -4.15285933043046        67.0060754596279     
  -4.13145283903649        68.4488811519559     
  -4.11004634764252        69.9225966400304     
  -4.08863985624855        71.4278771386068     
  -4.06723336485457        72.9653914392276     
  -4.04582687346060        74.5358221773558     
  -4.02442038206663        76.1398661041011     
  -4.00301389067266        77.7782343625834     
  -3.98160739927869        79.4516527689783     
  -3.96020090788472        81.1608620982889     
  -3.93879441649075        82.9066183748828     
  -3.91738792509678        84.6896931678364     
  -3.89598143370280        86.5108738911211     
  -3.87457494230883        88.3709641086691     
  -3.85316845091486        90.2707838443493     
  -3.83176195952089        92.2111698968849     
  -3.81035546812692        94.1929761597398     
  -3.78894897673295        96.2170739459973     
  -3.76754248533897        98.2843523182532     
  -3.74613599394500        100.395718423540     
  -3.72472950255103        102.552097833296     
  -3.70332301115706        104.754434888391     
  -3.68191651976309        107.003693049212     
  -3.66051002836912        109.300855250807     
  -3.63910353697515        111.646924263093     
  -3.61769704558117        114.042923056106     
  -3.59629055418720        116.489895170287     
  -3.57488406279323        118.988905091779     
  -3.55347757139926        121.541038632714     
  -3.53207108000529        124.147403316441     
  -3.51066458861132        126.809128767679     
  -3.48925809721735        129.527367107515     
  -3.46785160582337        132.303293353224     
  -3.44644511442940        135.138105822811     
  -3.42503862303543        138.033026544233     
  -3.40363213164146        140.989301669195     
  -3.38222564024749        144.008201891429     
  -3.36081914885352        147.091022869362     
  -3.33941265745955        150.239085653046     
  -3.31800616606557        153.453737115223     
  -3.29659967467160        156.736350386387     
  -3.27519318327763        160.088325293685     
  -3.25378669188366        163.511088803489     
  -3.23238020048969        167.006095467455     
  -3.21097370909572        170.574827871869     
  -3.18956721770175        174.218797090064     
  -3.16816072630777        177.939543137673     
  -3.14675423491380        181.738635430461     
  -3.12534774351983        185.617673244473     
  -3.10394125212586        189.578286178199     
  -3.08253476073189        193.622134616434     
  -3.06112826933792        197.750910195515     
  -3.03972177794395        201.966336269552     
  -3.01831528654997        206.270168377281     
  -2.99690879515600        210.664194709122     
  -2.97550230376203        215.150236573996     
  -2.95409581236806        219.730148865430     
  -2.93268932097409        224.405820526461     
  -2.91128282958012        229.179175012796     
  -2.88987633818615        234.052170753656     
  -2.86846984679217        239.026801609719     
  -2.84706335539820        244.105097327505     
  -2.82565686400423        249.289123989535     
  -2.80425037261026        254.580984459538     
  -2.78284388121629        259.982818821954     
  -2.76143738982232        265.496804814910     
  -2.74003089842835        271.125158255840     
  -2.71862440703437        276.870133458825     
  -2.69721791564040        282.734023642722     
  -2.67581142424643        288.719161329050     
  -2.65440493285246        294.827918728578     
  -2.63299844145849        301.062708115515     
  -2.61159195006452        307.425982188101     
  -2.59018545867055        313.920234414364     
  -2.56877896727657        320.547999361739     
  -2.54737247588260        327.311853009152     
  -2.52596598448863        334.214413040147     
  -2.50455949309466        341.258339115514     
  -2.48315300170069        348.446333123815     
  -2.46174651030672        355.781139408150     
  -2.44034001891275        363.265544967369     
  -2.41893352751877        370.902379629915     
  -2.39752703612480        378.694516198358     
  -2.37612054473083        386.644870562541     
  -2.35471405333686        394.756401779218     
  -2.33330756194289        403.032112116001     
  -2.31190107054892        411.475047057257     
  -2.29049457915495        420.088295269519     
  -2.26908808776097        428.874988523879     
  -2.24768159636700        437.838301572687     
  -2.22627510497303        446.981451977793     
  -2.20486861357906        456.307699887433     
  -2.18346212218509        465.820347758748     
  -2.16205563079112        475.522740022781     
  -2.14064913939715        485.418262688709     
  -2.11924264800317        495.510342883875     
  -2.09783615660920        505.802448326217     
  -2.07642966521523        516.298086725220     
  -2.05502317382126        527.000805107577     
  -2.03361668242729        537.914189063750     
  -2.01221019103332        549.041861911283     
  -1.99080369963935        560.387483770610     
  -1.96939720824537        571.954750548983     
  -1.94799071685140        583.747392827964     
  -1.92658422545743        595.769174649817     
  -1.90517773406346        608.023892197964     
  -1.88377124266949        620.515372366519     
  -1.86236475127552        633.247471213795     
  -1.84095825988155        646.224072294500     
  -1.81955176848757        659.449084865245     
  -1.79814527709360        672.926441958019     
  -1.77673878569963        686.660098315791     
  -1.75533229430566        700.654028183886     
  -1.73392580291169        714.912222951969     
  -1.71251931151772        729.438688640377     
  -1.69111282012374        744.237443224662     
  -1.66970632872977        759.312513792084     
  -1.64829983733580        774.667933523762     
  -1.62689334594183        790.307738496103     
  -1.60548685454786        806.235964295067     
  -1.58408036315389        822.456642436811     
  -1.56267387175992        838.973796588209     
  -1.54126738036594        855.791438580792     
  -1.51986088897197        872.913564211604     
  -1.49845439757800        890.344148825039     
  -1.47704790618403        908.087142669527     
  -1.45564141479006        926.146466020460     
  -1.43423492339609        944.526004065554     
  -1.41282843200212        963.229601546390     
  -1.39142194060814        982.261057150234     
  -1.37001544921417        1001.62411764666     
  -1.34860895782020        1021.32247176383     
  -1.32720246642623        1041.35974379957     
  -1.30579597503226        1061.73948696288     
  -1.28438948363829        1082.46517644174     
  -1.26298299224432        1103.54020219383     
  -1.24157650085034        1124.96786145714     
  -1.22017000945637        1146.75135097809     
  -1.19876351806240        1168.89375895611     
  -1.17735702666843        1191.39805670571     
  -1.15595053527446        1214.26709002893     
  -1.13454404388049        1237.50357030364     
  -1.11313755248652        1261.11006529003     
  -1.09173106109254        1285.08898965702     
  -1.07032456969857        1309.44259523227     
  -1.04891807830460        1334.17296098089     
  -1.02751158691063        1359.28198271895     
  -1.00610509551666        1384.77136256934     
 -0.984698604122686        1410.64259816904     
 -0.963292112728715        1436.89697163812     
 -0.941885621334744        1463.53553832252     
 -0.920479129940772        1490.55911532428     
 -0.899072638546802        1517.96826983500     
 -0.877666147152829        1545.76330729517     
 -0.856259655758858        1573.94425938510     
 -0.834853164364886        1602.51087187241     
 -0.813446672970915        1631.46259234581     
 -0.792040181576944        1660.79855785612     
 -0.770633690182972        1690.51758249145     
 -0.749227198789001        1720.61814491531     
 -0.727820707395029        1751.09837589870     
 -0.706414216001058        1781.95604587942     
 -0.685007724607087        1813.18855258366     
 -0.663601233213115        1844.79290874730     
 -0.642194741819143        1876.76572997630     
 -0.620788250425171        1909.10322278767     
 -0.599381759031201        1941.80117287466     
 -0.577975267637229        1974.85493364912     
 -0.556568776243258        2008.25941509400     
 -0.535162284849287        2042.00907296988     
 -0.513755793455315        2076.09789844571     
 -0.492349302061343        2110.51940819794     
 -0.470942810667371        2145.26663503128     
 -0.449536319273401        2180.33211907555     
 -0.428129827879429        2215.70789961454     
 -0.406723336485458        2251.38550760346     
 -0.385316845091486        2287.35595893231     
 -0.363910353697515        2323.60974849313     
 -0.342503862303543        2360.13684510846     
 -0.321097370909571        2396.92668738078     
 -0.299690879515601        2433.96818051739     
 -0.278284388121628        2471.24969419196     
 -0.256877896727657        2508.75906151123     
 -0.235471405333686        2546.48357897771     
 -0.214064913939715        2584.41000840042     
 -0.192658422545743        2622.52457676147     
 -0.171251931151772        2660.81299089401     
 -0.149845439757800        2699.26040140283     
 -0.128438948363828        2737.85155926995     
 -0.107032456969857        2776.57030389144     
 -8.562596557588620E-002   2815.40128632363     
 -6.421947418191465E-002   2854.32466662631     
 -4.281298278794221E-002   2893.33129508382     
 -2.140649139397155E-002   2932.38476589279     
  0.000000000000000E+000   2971.49345345394     
