  -18.4206807439524       1.829404333161506E-011
  -18.3838128947113       2.059662532244146E-004
  -18.3469450454702       4.196675035712243E-004
  -18.3100771962291       6.413942470728415E-004
  -18.2732093469880       8.714478692625078E-004
  -18.2363414977469       1.110141073019016E-003
  -18.1994736485058       1.357798303487961E-003
  -18.1626057992647       1.614756188952827E-003
  -18.1257379500236       1.881363998254400E-003
  -18.0888701007826       2.157984115378815E-003
  -18.0520022515415       2.444992531858800E-003
  -18.0151344023004       2.742779357655840E-003
  -17.9782665530593       3.051749351216835E-003
  -17.9413987038182       3.372322469423896E-003
  -17.9045308545771       3.704934438184008E-003
  -17.8676630053360       4.050037344432099E-003
  -17.8307951560949       4.408100250350933E-003
  -17.7939273068538       4.779609830640403E-003
  -17.7570594576127       5.165071033701160E-003
  -17.7201916083717       5.565007767628734E-003
  -17.6833237591306       5.979963611948502E-003
  -17.6464559098895       6.410502556056743E-003
  -17.6095880606484       6.857209765368267E-003
  -17.5727202114073       7.320692376210088E-003
  -17.5358523621662       7.801580320537837E-003
  -17.4989845129251       8.300527181593263E-003
  -17.4621166636840       8.818211081661554E-003
  -17.4252488144429       9.355335603132391E-003
  -17.3883809652019       9.912630744111809E-003
  -17.3515131159608       1.049085390988003E-002
  -17.3146452667197       1.109079094153726E-002
  -17.2777774174786       1.171325718323172E-002
  -17.2409095682375       1.235909858941410E-002
  -17.2040417189964       1.302919287361820E-002
  -17.1671738697553       1.372445070032210E-002
  -17.1303060205142       1.444581692150398E-002
  -17.0934381712731       1.519427185956515E-002
  -17.0565703220320       1.597083263835692E-002
  -17.0197024727910       1.677655456411066E-002
  -16.9828346235499       1.761253255814050E-002
  -16.9459667743088       1.847990264325462E-002
  -16.9090989250677       1.937984348588598E-002
  -16.8722310758266       2.031357799602570E-002
  -16.8353632265855       2.128237498712277E-002
  -16.7984953773444       2.228755089819207E-002
  -16.7616275281033       2.333047158045697E-002
  -16.7247596788622       2.441255415094020E-002
  -16.6878918296211       2.553526891550422E-002
  -16.6510239803800       2.670014136393873E-002
  -16.6141561311390       2.790875423978630E-002
  -16.5772882818979       2.916274968769968E-002
  -16.5404204326568       3.046383148122535E-002
  -16.5035525834157       3.181376733401926E-002
  -16.4666847341746       3.321439129760841E-002
  -16.4298168849335       3.466760624893066E-002
  -16.3929490356924       3.617538647100140E-002
  -16.3560811864513       3.773978033018513E-002
  -16.3192133372102       3.936291305367325E-002
  -16.2823454879692       4.104698961090775E-002
  -16.2454776387281       4.279429770282353E-002
  -16.2086097894870       4.460721086293196E-002
  -16.1717419402459       4.648819167441136E-002
  -16.1348740910048       4.843979510752666E-002
  -16.0980062417637       5.046467198186098E-002
  -16.0611383925226       5.256557255800360E-002
  -16.0242705432815       5.474535026351553E-002
  -15.9874026940404       5.700696555816750E-002
  -15.9505348447993       5.935348994363031E-002
  -15.9136669955583       6.178811012298890E-002
  -15.8767991463172       6.431413231564766E-002
  -15.8399312970761       6.693498673340252E-002
  -15.8030634478350       6.965423222366120E-002
  -15.7661955985939       7.247556108602052E-002
  -15.7293277493528       7.540280406862881E-002
  -15.6924599001117       7.843993555100620E-002
  -15.6555920508706       8.159107892022897E-002
  -15.6187242016295       8.486051214764843E-002
  -15.5818563523884       8.825267357356534E-002
  -15.5449885031474       9.177216790756046E-002
  -15.5081206539063       9.542377245245819E-002
  -15.4712528046652       9.921244356018953E-002
  -15.4343849554241       0.103143323328124     
  -15.3975171061830       0.107221746544753     
  -15.3606492569419       0.111453247893918     
  -15.3237814077008       0.115843569427131     
  -15.2869135584597       0.120398668313853     
  -15.2500457092186       0.125124724879978     
  -15.2131778599775       0.130028150945119     
  -15.1763100107365       0.135115598469690     
  -15.1394421614954       0.140393968523165     
  -15.1025743122543       0.145870420585292     
  -15.0657064630132       0.151552382192497     
  -15.0288386137721       0.157447558942103     
  -14.9919707645310       0.163563944867480     
  -14.9551029152899       0.169909833197683     
  -14.9182350660488       0.176493827515631     
  -14.8813672168077       0.183324853329370     
  -14.8444993675666       0.190412170071479     
  -14.8076315183256       0.197765383542216     
  -14.7707636690845       0.205394458812536     
  -14.7338958198434       0.213309733603698     
  -14.6970279706023       0.221521932160733     
  -14.6601601213612       0.230042179637698     
  -14.6232922721201       0.238882017013196     
  -14.5864244228790       0.248053416555361     
  -14.5495565736379       0.257568797856094     
  -14.5126887243968       0.267441044455079     
  -14.4758208751557       0.277683521074785     
  -14.4389530259147       0.288310091488380     
  -14.4020851766736       0.299335137043247     
  -14.3652173274325       0.310773575863558     
  -14.3283494781914       0.322640882756141     
  -14.2914816289503       0.334953109844722     
  -14.2546137797092       0.347726907958415     
  -14.2177459304681       0.360979548801261     
  -14.1808780812270       0.374728947930437     
  -14.1440102319859       0.388993688571722     
  -14.1071423827448       0.403793046301724     
  -14.0702745335038       0.419147014627327     
  -14.0334066842627       0.435076331493815     
  -13.9965388350216       0.451602506754152     
  -13.9596709857805       0.468747850632928     
  -13.9228031365394       0.486535503219528     
  -13.8859352872983       0.504989465026218     
  -13.8490674380572       0.524134628647916     
  -13.8121995888161       0.543996811561583     
  -13.7753317395750       0.564602790104322     
  -13.7384638903339       0.585980334670497     
  -13.7015960410929       0.608158246169349     
  -13.6647281918518       0.631166393785890     
  -13.6278603426107       0.655035754089084     
  -13.5909924933696       0.679798451532613     
  -13.5541246441285       0.705487800394875     
  -13.5172567948874       0.732138348206141     
  -13.4803889456463       0.759785920712206     
  -13.4435210964052       0.788467668425181     
  -13.4066532471641       0.818222114813533     
  -13.3697853979230       0.849089206184818     
  -13.3329175486820       0.881110363316025     
  -13.2960496994409       0.914328534887829     
  -13.2591818501998       0.948788252780529     
  -13.2223140009587       0.984535689290885     
  -13.1854461517176        1.02161871633050     
  -13.1485783024765        1.06008696666786     
  -13.1117104532354        1.09999189727754     
  -13.0748426039943        1.14138685486170     
  -13.0379747547532        1.18432714361006     
  -13.0011069055121        1.22887009526645     
  -12.9642390562711        1.27507514157088     
  -12.9273712070300        1.32300388914797     
  -12.8905033577889        1.37272019691341     
  -12.8536355085478        1.42429025607184     
  -12.8167676593067        1.47778267278043     
  -12.7798998100656        1.53326855355393     
  -12.7430319608245        1.59082159348784     
  -12.7061641115834        1.65051816737754     
  -12.6692962623423        1.71243742381222     
  -12.6324284131012        1.77666138232315     
  -12.5955605638602        1.84327503366695     
  -12.5586927146191        1.91236644332471     
  -12.5218248653780        1.98402685829888     
  -12.4849570161369        2.05835081728986     
  -12.4480891668958        2.13543626433463     
  -12.4112213176547        2.21538466598986     
  -12.3743534684136        2.29830113214186     
  -12.3374856191725        2.38429454052525     
  -12.3006177699314        2.47347766503202     
  -12.2637499206903        2.56596730789165     
  -12.2268820714493        2.66188443580212     
  -12.1900142222082        2.76135432009018     
  -12.1531463729671        2.86450668097800     
  -12.1162785237260        2.97147583603104     
  -12.0794106744849        3.08240085286015     
  -12.0425428252438        3.19742570614791     
  -12.0056749760027        3.31669943906669     
  -11.9688071267616        3.44037632915218     
  -11.9319392775205        3.56861605869243     
  -11.8950714282795        3.70158388968824     
  -11.8582035790384        3.83945084343580     
  -11.8213357297973        3.98239388477732     
  -11.7844678805562        4.13059611105949     
  -11.7476000313151        4.28424694583314     
  -11.7107321820740        4.44354233732052     
  -11.6738643328329        4.60868496166910     
  -11.6369964835918        4.77988443100206     
  -11.6001286343507        4.95735750626728     
  -11.5632607851096        5.14132831487620     
  -11.5263929358686        5.33202857311442     
  -11.4895250866275        5.52969781329372     
  -11.4526572373864        5.73458361560410     
  -11.4157893881453        5.94694184461113     
  -11.3789215389042        6.16703689033067     
  -11.3420536896631        6.39514191379855     
  -11.3051858404220        6.63153909703758     
  -11.2683179911809        6.87651989730841     
  -11.2314501419398        7.13038530551362     
  -11.1945822926987        7.39344610860723     
  -11.1577144434577        7.66602315584290     
  -11.1208465942166        7.94844762867500     
  -11.0839787449755        8.24106131410728     
  -11.0471108957344        8.54421688126189     
  -11.0102430464933        8.85827816092174     
  -10.9733751972522        9.18362042777558     
  -10.9365073480111        9.52063068507425     
  -10.8996394987700        9.86970795138195     
  -10.8627716495289        10.2312635490843     
  -10.8259038002878        10.6057213942902     
  -10.7890359510468        10.9935182877422     
  -10.7521681018057        11.3951042063233     
  -10.7153002525646        11.8109425947288     
  -10.6784324033235        12.2415106568431     
  -10.6415645540824        12.6872996463433     
  -10.6046967048413        13.1488151560242     
  -10.5678288556002        13.6265774053224     
  -10.5309610063591        14.1211215254931     
  -10.4940931571180        14.6329978418746     
  -10.4572253078769        15.1627721526594     
  -10.4203574586359        15.7110260035728     
  -10.3834896093948        16.2783569578470     
  -10.3466217601537        16.8653788608661     
  -10.3097539109126        17.4727220988499     
  -10.2728860616715        18.1010338509355     
  -10.2360182124304        18.7509783340169     
  -10.1991503631893        19.4232370396979     
  -10.1622825139482        20.1185089627217     
  -10.1254146647071        20.8375108202491     
  -10.0885468154660        21.5809772613655     
  -10.0516789662250        22.3496610662189     
  -10.0148111169839        23.1443333342099     
  -9.97794326774278        23.9657836606832     
  -9.94107541850168        24.8148203016011     
  -9.90420756926060        25.6922703257172     
  -9.86733972001950        26.5989797538131     
  -9.83047187077841        27.5358136846054     
  -9.79360402153733        28.5036564069900     
  -9.75673617229624        29.5034114983445     
  -9.71986832305515        30.5360019086783     
  -9.68300047381405        31.6023700304895     
  -9.64613262457297        32.7034777542618     
  -9.60926477533188        33.8403065096173     
  -9.57239692609079        35.0138572922217     
  -9.53552907684969        36.2251506766334     
  -9.49866122760861        37.4752268153731     
  -9.46179337836752        38.7651454245927     
  -9.42492552912643        40.0959857568142     
  -9.38805767988534        41.4688465613142     
  -9.35118983064425        42.8848460328245     
  -9.31432198140316        44.3451217493277     
  -9.27745413216207        45.8508305998169     
  -9.24058628292098        47.4031487029985     
  -9.20371843367989        49.0032713180038     
  -9.16685058443880        50.6524127482744     
  -9.12998273519771        52.3518062398745     
  -9.09311488595662        54.1027038755640     
  -9.05624703671553        55.9063764660484     
  -9.01937918747444        57.7641134398909     
  -8.98251133823335        59.6772227336363     
  -8.94564348899226        61.6470306837503     
  -8.90877563975117        63.6748819220279     
  -8.87190779051008        65.7621392761567     
  -8.83503994126899        67.9101836771517     
  -8.79817209202790        70.1204140753929     
  -8.76130424278681        72.3942473670026     
  -8.72443639354572        74.7331183322929     
  -8.68756854430463        77.1384795880014     
  -8.65070069506354        79.6118015550007     
  -8.61383284582245        82.1545724431345     
  -8.57696499658136        84.7682982547804     
  -8.54009714734027        87.4545028086835     
  -8.50322929809918        90.2147277855389     
  -8.46636144885809        93.0505327967214     
  -8.42949359961700        95.9634954774764     
  -8.39262575037591        98.9552116058009     
  -8.35575790113482        102.027295248133     
  -8.31889005189373        105.181378932884     
  -8.28202220265264        108.419113852711     
  -8.24515435341155        111.742170096362     
  -8.20828650417046        115.152236910753     
  -8.17141865492937        118.651022993882     
  -8.13455080568828        122.240256819031     
  -8.09768295644719        125.921686990614     
  -8.06081510720610        129.697082631896     
  -8.02394725796501        133.568233804739     
  -7.98707940872392        137.536951961381     
  -7.95021155948283        141.605070428179     
  -7.91334371024174        145.774444921165     
  -7.87647586100065        150.046954093130     
  -7.83960801175956        154.424500111920     
  -7.80274016251847        158.909009269521     
  -7.76587231327738        163.502432621446     
  -7.72900446403629        168.206746655889     
  -7.69213661479520        173.023953992035     
  -7.65526876555411        177.956084106904     
  -7.61840091631302        183.005194090024     
  -7.58153306707193        188.173369425241     
  -7.54466521783084        193.462724798933     
  -7.50779736858975        198.875404933864     
  -7.47092951934866        204.413585447944     
  -7.43406167010757        210.079473737122     
  -7.39719382086648        215.875309881666     
  -7.39231758885311        216.651732186599     
  -7.38744135683973        217.430472785199     
  -7.38256512482635        218.211536924743     
  -7.37768889281298        218.994929928930     
  -7.37281266079960        219.780657203524     
  -7.36793642878623        220.568724085309     
  -7.36306019677285        221.359135870714     
  -7.35818396475948        222.151897944348     
  -7.35330773274610        222.947015758768     
  -7.34843150073273        223.744494663136     
  -7.34355526871935        224.544340010384     
  -7.33867903670598        225.346557247653     
  -7.33380280469260        226.151151862774     
  -7.32892657267923        226.958129225541     
  -7.32405034066585        227.767494749883     
  -7.31917410865248        228.579253946393     
  -7.31429787663910        229.393412324490     
  -7.30942164462573        230.209975288208     
  -7.30454541261235        231.028948314515     
  -7.29966918059898        231.850336975295     
  -7.29479294858560        232.674146792501     
  -7.28991671657223        233.500383216883     
  -7.28504048455885        234.329051790119     
  -7.28016425254547        235.160158139363     
  -7.27528802053210        235.993707796589     
  -7.27041178851872        236.829706269060     
  -7.26553555650535        237.668159164860     
  -7.26065932449197        238.509072156186     
  -7.25578309247860        239.352450789741     
  -7.25090686046522        240.198300636088     
  -7.24603062845185        241.046627371368     
  -7.24115439643847        241.897436698264     
  -7.23627816442510        242.750734190577     
  -7.23140193241172        243.606525485711     
  -7.22652570039835        244.464816327596     
  -7.22164946838497        245.325612435740     
  -7.21677323637160        246.188919426198     
  -7.21189700435822        247.054743005027     
  -7.20702077234485        247.923088979710     
  -7.20214454033147        248.793963079564     
  -7.19726830831810        249.667370975448     
  -7.19239207630472        250.543318443852     
  -7.18751584429135        251.421811347164     
  -7.18263961227797        252.302855425052     
  -7.17776338026459        253.186456412585     
  -7.17288714825122        254.072620158499     
  -7.16801091623784        254.961352566639     
  -7.16313468422447        255.852659395860     
  -7.15825845221109        256.746546451353     
  -7.15338222019772        257.643019655378     
  -7.14850598818434        258.542084936300     
  -7.14362975617097        259.443748088343     
  -7.13875352415759        260.348014989445     
  -7.13387729214422        261.254891633246     
  -7.12900106013084        262.164383960454     
  -7.12412482811747        263.076497816313     
  -7.11924859610409        263.991239153359     
  -7.11437236409072        264.908614029860     
  -7.10949613207734        265.828628394593     
  -7.10461990006397        266.751288156177     
  -7.09974366805059        267.676599343643     
  -7.09486743603722        268.604568068103     
  -7.08999120402384        269.535200290811     
  -7.08511497201047        270.468501992461     
  -7.08023873999709        271.404479280469     
  -7.07536250798371        272.343138301690     
  -7.07048627597034        273.284485043611     
  -7.06561004395696        274.228525563707     
  -7.06073381194359        275.175266047870     
  -7.05585757993021        276.124712661243     
  -7.05098134791684        277.076871436071     
  -7.04610511590346        278.031748508739     
  -7.04122888389009        278.989350139073     
  -7.03635265187671        279.949682500734     
  -7.03147641986334        280.912751686388     
  -7.02660018784996        281.878563913298     
  -7.02172395583659        282.847125505449     
  -7.01684772382321        283.818442644299     
  -7.01197149180984        284.792521494781     
  -7.00709525979646        285.769368357043     
  -7.00221902778309        286.748989603780     
  -6.99734279576971        287.731391433403     
  -6.99246656375634        288.716580090755     
  -6.98759033174296        289.704561960499     
  -6.98271409972959        290.695343443697     
  -6.97783786771621        291.688930774376     
  -6.97296163570284        292.685330280718     
  -6.96808540368946        293.684548429938     
  -6.96320917167608        294.686591635470     
  -6.95833293966271        295.691466186286     
  -6.95345670764933        296.699178495964     
  -6.94858047563596        297.709735106839     
  -6.94370424362258        298.723142438150     
  -6.93882801160921        299.739406849182     
  -6.93395177959583        300.758534840991     
  -6.92907554758246        301.780533017696     
  -6.92419931556908        302.805407808063     
  -6.91932308355571        303.833165652671     
  -6.91444685154233        304.863813142165     
  -6.90957061952896        305.897356922775     
  -6.90469438751558        306.933803447648     
  -6.89981815550221        307.973159244850     
  -6.89494192348883        309.015430995158     
  -6.89006569147546        310.060625365203     
  -6.88518945946208        311.108748854641     
  -6.88031322744871        312.159808081580     
  -6.87543699543533        313.213809812223     
  -6.87056076342196        314.270760720414     
  -6.86568453140858        315.330667371602     
  -6.86080829939521        316.393536476099     
  -6.85593206738183        317.459374874682     
  -6.85105583536845        318.528189245923     
  -6.84617960335508        319.599986235786     
  -6.84130337134170        320.674772648984     
  -6.83642713932833        321.752555383393     
  -6.83155090731495        322.833341131446     
  -6.82667467530158        323.917136629347     
  -6.82179844328820        325.003948778191     
  -6.81692221127483        326.093784509124     
  -6.81204597926145        327.186650549364     
  -6.80716974724808        328.282553729893     
  -6.80229351523470        329.381501046546     
  -6.79741728322133        330.483499443259     
  -6.79254105120795        331.588555705521     
  -6.78766481919458        332.696676761369     
  -6.78278858718120        333.807869693400     
  -6.77791235516783        334.922141448852     
  -6.77303612315445        336.039498890356     
  -6.76815989114108        337.159949045281     
  -6.76328365912770        338.283499068129     
  -6.75840742711433        339.410155912010     
  -6.75353119510095        340.539926530384     
  -6.74865496308758        341.672818052262     
  -6.74377873107420        342.808837681810     
  -6.73890249906082        343.947992393621     
  -6.73402626704745        345.090289240008     
  -6.72915003503407        346.235735452687     
  -6.72427380302070        347.384338259204     
  -6.71939757100732        348.536104681414     
  -6.71452133899395        349.691041873669     
  -6.70964510698057        350.849157165693     
  -6.70476887496720        352.010457791066     
  -6.69989264295382        353.174950842369     
  -6.69501641094045        354.342643578344     
  -6.69014017892707        355.513543414892     
  -6.68526394691370        356.687657586801     
  -6.68038771490032        357.864993275452     
  -6.67551148288695        359.045557846369     
  -6.67063525087357        360.229358782143     
  -6.66575901886020        361.416403327458     
  -6.66088278684682        362.606698764707     
  -6.65600655483345        363.800252568489     
  -6.65113032282007        364.997072260801     
  -6.64625409080670        366.197165119068     
  -6.64137785879332        367.400538532675     
  -6.63650162677994        368.607200084161     
  -6.63162539476657        369.817157309307     
  -6.62674916275319        371.030417546324     
  -6.62187293073982        372.246988294171     
  -6.61699669872644        373.466877234953     
  -6.61212046671307        374.690091905128     
  -6.60724423469969        375.916639726607     
  -6.60236800268632        377.146528310397     
  -6.59749177067294        378.379765421865     
  -6.59261553865957        379.616358599034     
  -6.58773930664619        380.856315364363     
  -6.58286307463282        382.099643443411     
  -6.57798684261944        383.346350660018     
  -6.57311061060607        384.596444569737     
  -6.56823437859269        385.849932805822     
  -6.56335814657932        387.106823209988     
  -6.55848191456594        388.367123633552     
  -6.55360568255257        389.630841678866     
  -6.54872945053919        390.897985094077     
  -6.54385321852582        392.168561832585     
  -6.53897698651244        393.442579750867     
  -6.53410075449906        394.720046526315     
  -6.52922452248569        396.000970024514     
  -6.52434829047231        397.285358297881     
  -6.51947205845894        398.573219200227     
  -6.51459582644556        399.864560505928     
  -6.50971959443219        401.159390200601     
  -6.50484336241881        402.457716414231     
  -6.49996713040544        403.759547005721     
  -6.49509089839206        405.064889861564     
  -6.49021466637869        406.373753089989     
  -6.48533843436531        407.686144867892     
  -6.48046220235194        409.002073083587     
  -6.47558597033856        410.321545743512     
  -6.47070973832519        411.644571078023     
  -6.46583350631181        412.971157279621     
  -6.46095727429844        414.301312298903     
  -6.45608104228506        415.635044265277     
  -6.45120481027169        416.972361522656     
  -6.44632857825831        418.313272261638     
  -6.44145234624494        419.657784522651     
  -6.43657611423156        421.005906560740     
  -6.43169988221818        422.357646815747     
  -6.42682365020481        423.713013474961     
  -6.42194741819143        425.072014689143     
  -6.40054092679746        431.081194712860     
  -6.37913443540349        437.161289915202     
  -6.35772794400952        443.313015800516     
  -6.33632145261555        449.537095487320     
  -6.31491496122158        455.834259903852     
  -6.29350846982761        462.205247898497     
  -6.27210197843363        468.650806338840     
  -6.25069548703966        475.171690211580     
  -6.22928899564569        481.768662680754     
  -6.20788250425172        488.442495081962     
  -6.18647601285775        495.193967128751     
  -6.16506952146378        502.023867044726     
  -6.14366303006981        508.932991667306     
  -6.12225653867583        515.922146552394     
  -6.10085004728186        522.992146056163     
  -6.07944355588789        530.143813306700     
  -6.05803706449392        537.377980393253     
  -6.03663057309995        544.695488533064     
  -6.01522408170598        552.097188180403     
  -5.99381759031201        559.583939136451     
  -5.97241109891803        567.156610649344     
  -5.95100460752406        574.816081387730     
  -5.92959811613009        582.563239583558     
  -5.90819162473612        590.398983243706     
  -5.88678513334215        598.324220266705     
  -5.86537864194818        606.339868558338     
  -5.84397215055421        614.446856144948     
  -5.82256565916023        622.646121170065     
  -5.80115916776626        630.938611970700     
  -5.77975267637229        639.325287334470     
  -5.75834618497832        647.807116629757     
  -5.73693969358435        656.385079927575     
  -5.71553320219038        665.060168124231     
  -5.69412671079641        673.833382975463     
  -5.67272021940243        682.705737101014     
  -5.65131372800846        691.678254274507     
  -5.62990723661449        700.751969577257     
  -5.60850074522052        709.927929526979     
  -5.58709425382655        719.207192207823     
  -5.56568776243258        728.590827346020     
  -5.54428127103861        738.079916258412     
  -5.52287477964463        747.675552144464     
  -5.50146828825066        757.378840279585     
  -5.48006179685669        767.190898151296     
  -5.45865530546272        777.112855596845     
  -5.43724881406875        787.145854913206     
  -5.41584232267478        797.291050785972     
  -5.39443583128081        807.549610537111     
  -5.37302933988683        817.922714377088     
  -5.35162284849286        828.411555549872     
  -5.33021635709889        839.017340478766     
  -5.30880986570492        849.741288901923     
  -5.28740337431095        860.584633817998     
  -5.26599688291698        871.548621650413     
  -5.24459039152300        882.634512568206     
  -5.22318390012903        893.843580644883     
  -5.20177740873506        905.177114013151     
  -5.18037091734109        916.636415018338     
  -5.15896442594712        928.222800209200     
  -5.13755793455315        939.937600397151     
  -5.11615144315918        951.782161039620     
  -5.09474495176520        963.757842423111     
  -5.07333846037123        975.866019827544     
  -5.05193196897726        988.108083692251     
  -5.03052547758329        1000.48543966784     
  -5.00911898618932        1012.99950857389     
  -4.98771249479535        1025.65172681709     
  -4.96630600340138        1038.44354661568     
  -4.94489951200740        1051.37643617414     
  -4.92349302061343        1064.45187985983     
  -4.90208652921946        1077.67137831445     
  -4.88068003782549        1091.03644834670     
  -4.85927354643152        1104.54862333022     
  -4.83786705503755        1118.20945349492     
  -4.81646056364358        1132.02050611280     
  -4.79505407224960        1145.98336568588     
  -4.77364758085563        1160.09963410367     
  -4.75224108946166        1174.37093052747     
  -4.73083459806769        1188.79889170147     
  -4.70942810667372        1203.38517233532     
  -4.68802161527975        1218.13144530428     
  -4.66661512388578        1233.03940184920     
  -4.64520863249180        1248.11075176703     
  -4.62380214109783        1263.34722333599     
  -4.60239564970386        1278.75056349193     
  -4.58098915830989        1294.32253830848     
  -4.55958266691592        1310.06493322083     
  -4.53817617552195        1325.97955323857     
  -4.51676968412798        1342.06822315881     
  -4.49536319273400        1358.33278756716     
  -4.47395670134003        1374.77511086060     
  -4.45255020994606        1391.39707780607     
  -4.43114371855209        1408.20059380543     
  -4.40973722715812        1425.18758512201     
  -4.38833073576415        1442.35999910983     
  -4.36692424437018        1459.71980430465     
  -4.34551775297620        1477.26899031416     
  -4.32411126158223        1495.00956840307     
  -4.30270477018826        1512.94357182669     
  -4.28129827879429        1531.07305607221     
  -4.25989178740032        1549.40009910271     
  -4.23848529600635        1567.92680152707     
  -4.21707880461238        1586.65528642489     
  -4.19567231321840        1605.58769986894     
  -4.17426582182443        1624.72621136547     
  -4.15285933043046        1644.07301411142     
  -4.13145283903649        1663.63032525409     
  -4.11004634764252        1683.40038611939     
  -4.08863985624855        1703.38546205042     
  -4.06723336485457        1723.58784277970     
  -4.04582687346060        1744.00984300307     
  -4.02442038206663        1764.65380265935     
  -4.00301389067266        1785.52208720657     
  -3.98160739927869        1806.61708789052     
  -3.96020090788472        1827.94122165998     
  -3.93879441649075        1849.49693133458     
  -3.91738792509678        1871.28668630916     
  -3.89598143370280        1893.31298287218     
  -3.87457494230883        1915.57834449914     
  -3.85316845091486        1938.08532214795     
  -3.83176195952089        1960.83649429010     
  -3.81035546812692        1983.83446686536     
  -3.78894897673295        2007.08187407506     
  -3.76754248533897        2030.58137876712     
  -3.74613599394500        2054.33567274745     
  -3.72472950255103        2078.34747709466     
  -3.70332301115706        2102.61954231423     
  -3.68191651976309        2127.15464813112     
  -3.66051002836912        2151.95560428070     
  -3.63910353697515        2177.02525100336     
  -3.61769704558117        2202.36645937415     
  -3.59629055418720        2227.98213163581     
  -3.57488406279323        2253.87520145075     
  -3.55347757139926        2280.04863363840     
  -3.53207108000529        2306.50542483099     
  -3.51066458861132        2333.24860412854     
  -3.48925809721735        2360.28123344862     
  -3.46785160582337        2387.60640787750     
  -3.44644511442940        2415.22725599028     
  -3.42503862303543        2443.14693963525     
  -3.40363213164146        2471.36865434506     
  -3.38222564024749        2499.89563017486     
  -3.36081914885352        2528.73113208318     
  -3.33941265745955        2557.87846030018     
  -3.31800616606557        2587.34095069018     
  -3.29659967467160        2617.12197465797     
  -3.27519318327763        2647.22493925736     
  -3.25378669188366        2677.65328818865     
  -3.23238020048969        2708.41050223497     
  -3.21097370909572        2739.50009964513     
  -3.18956721770175        2770.92563651860     
  -3.16816072630777        2802.69070687055     
  -3.14675423491380        2834.79894244727     
  -3.12534774351983        2867.25401379987     
  -3.10394125212586        2900.05963081592     
  -3.08253476073189        2933.21954311255     
  -3.06112826933792        2966.73754043110     
  -3.03972177794395        3000.61745284743     
  -3.01831528654997        3034.86315038900     
  -2.99690879515600        3069.47854402738     
  -2.97550230376203        3104.46758636332     
  -2.95409581236806        3139.83427202234     
  -2.93268932097409        3175.58263805000     
  -2.91128282958012        3211.71676421674     
  -2.88987633818615        3248.24077258056     
  -2.86846984679217        3285.15882820582     
  -2.84706335539820        3322.47514005213     
  -2.82565686400423        3360.19396136509     
  -2.80425037261026        3398.31959005766     
  -2.78284388121629        3436.85636905530     
  -2.76143738982232        3475.80868591785     
  -2.74003089842835        3515.18097313842     
  -2.71862440703437        3554.97770922912     
  -2.69721791564040        3595.20341910757     
  -2.67581142424643        3635.86267444087     
  -2.65440493285246        3676.96009397434     
  -2.63299844145849        3718.50034327520     
  -2.61159195006452        3760.48813453287     
  -2.59018545867055        3802.92822775510     
  -2.56877896727657        3845.82543115870     
  -2.54737247588260        3889.18460143825     
  -2.52596598448863        3933.01064401759     
  -2.50455949309466        3977.30851290555     
  -2.48315300170069        4022.08321000505     
  -2.46174651030672        4067.33978622840     
  -2.44034001891275        4113.08334190618     
  -2.41893352751877        4159.31902692053     
  -2.39752703612480        4206.05204080837     
  -2.37612054473083        4253.28763262636     
  -2.35471405333686        4301.03109986982     
  -2.33330756194289        4349.28778919022     
  -2.31190107054892        4398.06309683058     
  -2.29049457915495        4447.36246852964     
  -2.26908808776097        4497.19139937456     
  -2.24768159636700        4547.55543350702     
  -2.22627510497303        4598.46016274005     
  -2.20486861357906        4649.91122651868     
  -2.18346212218509        4701.91431231164     
  -2.16205563079112        4754.47515515272     
  -2.14064913939715        4807.59953708327     
  -2.11924264800317        4861.29328647727     
  -2.09783615660920        4915.56227633435     
  -2.07642966521523        4970.41242314156     
  -2.05502317382126        5025.84968699764     
  -2.03361668242729        5081.88007060070     
  -2.01221019103332        5138.50961803303     
  -1.99080369963935        5195.74441340089     
  -1.96939720824537        5253.59057861857     
  -1.94799071685140        5312.05427084020     
  -1.92658422545743        5371.14168187725     
  -1.90517773406346        5430.85903634874     
  -1.88377124266949        5491.21258942833     
  -1.86236475127552        5552.20862436973     
  -1.84095825988155        5613.85344936195     
  -1.81955176848757        5676.15339319255     
  -1.79814527709360        5739.11480322026     
  -1.77673878569963        5802.74404225867     
  -1.75533229430566        5867.04748470955     
  -1.73392580291169        5932.03151235385     
  -1.71251931151772        5997.70250955249     
  -1.69111282012374        6064.06685671375     
  -1.66970632872977        6131.13092572481     
  -1.64829983733580        6198.90107489739     
  -1.62689334594183        6267.38364263563     
  -1.60548685454786        6336.58494057974     
  -1.58408036315389        6406.51124610326     
  -1.56267387175992        6477.16879281788     
  -1.54126738036594        6548.56376208202     
  -1.51986088897197        6620.70227490334     
  -1.49845439757800        6693.59038193371     
  -1.47704790618403        6767.23405265492     
  -1.45564141479006        6841.63916372168     
  -1.43423492339609        6916.81148523881     
  -1.41282843200212        6992.75666665541     
  -1.39142194060814        7069.48022394476     
  -1.37001544921417        7146.98752428579     
  -1.34860895782020        7225.28376950065     
  -1.32720246642623        7304.37397832548     
  -1.30579597503226        7384.26296661121     
  -1.28438948363829        7464.95532560398     
  -1.26298299224432        7546.45540209141     
  -1.24157650085034        7628.76727570533     
  -1.22017000945637        7711.89473436929     
  -1.19876351806240        7795.84124817935     
  -1.17735702666843        7880.60994116758     
  -1.15595053527446        7966.20355985873     
  -1.13454404388049        8052.62444360781     
  -1.11313755248652        8139.87449230377     
  -1.09173106109254        8227.95513146796     
  -1.07032456969857        8316.86727543583     
  -1.04891807830460        8406.61128835223     
  -1.02751158691063        8497.18694131071     
  -1.00610509551666        8588.59337047609     
 -0.984698604122686        8680.82903360424     
 -0.963292112728715        8773.89166332613     
 -0.941885621334744        8867.77821846712     
 -0.920479129940772        8962.48483339006     
 -0.899072638546802        9058.00676374710     
 -0.877666147152829        9154.33833229558     
 -0.856259655758858        9251.47287507350     
 -0.834853164364886        9349.40268446442     
 -0.813446672970915        9448.11895100725     
 -0.792040181576944        9547.61170427479     
 -0.770633690182972        9647.86975177895     
 -0.749227198789001        9748.88061788450     
 -0.727820707395029        9850.63048615444     
 -0.706414216001058        9953.10414036572     
 -0.685007724607087        10056.2849063698     
 -0.663601233213115        10160.1545956091     
 -0.642194741819143        10264.6934500970     
 -0.620788250425171        10369.8800893646     
 -0.599381759031201        10475.6914650458     
 -0.577975267637229        10582.1028183306     
 -0.556568776243258        10689.0876421443     
 -0.535162284849287        10796.6176494421     
 -0.513755793455315        10904.6627481213     
 -0.492349302061343        11013.1910223110     
 -0.470942810667371        11122.1687259236     
 -0.449536319273401        11231.5602852212     
 -0.428129827879429        11341.3283109676     
 -0.406723336485458        11451.4336218684     
 -0.385316845091486        11561.8352798961     
 -0.363910353697515        11672.4906369110     
 -0.342503862303543        11783.3553966365     
 -0.321097370909571        11894.3836906443     
 -0.299690879515601        12005.5281669171     
 -0.278284388121628        12116.7400921851     
 -0.256877896727657        12227.9694678812     
 -0.235471405333686        12339.1651584021     
 -0.214064913939715        12450.2750329838     
 -0.192658422545743        12561.2461204365     
 -0.171251931151772        12672.0247756262     
 -0.149845439757800        12782.5568479760     
 -0.128438948363828        12892.7878762775     
 -0.107032456969857        13002.6633146718     
 -8.562596557588620E-002   13112.1281394466     
 -6.421947418191465E-002   13221.1310348122     
 -4.281298278794221E-002   13329.6047369512     
 -2.140649139397155E-002   13437.5423454263     
  0.000000000000000E+000   13544.8103663063     
