  -1.258109E-178  -1.258109E-178  -1.258109E-178  -1.258109E-178  -1.258109E-178  -1.258109E-178
  -8.959162E-177  -8.959162E-177  -8.959162E-177  -8.959162E-177  -8.959162E-177  -8.959162E-177
   3.747101E-176   3.747101E-176   3.747101E-176   3.747101E-176   3.747101E-176   3.747101E-176
  -1.457286E-175  -1.457286E-175  -1.457286E-175  -1.457286E-175  -1.457286E-175  -1.457286E-175
   5.648523E-175   5.648523E-175   5.648523E-175   5.648523E-175   5.648523E-175   5.648523E-175
  -2.187827E-174  -2.187827E-174  -2.187827E-174  -2.187827E-174  -2.187827E-174  -2.187827E-174
   8.474617E-174   8.474617E-174   8.474617E-174   8.474617E-174   8.474617E-174   8.474616E-174
  -3.282531E-173  -3.282531E-173  -3.282531E-173  -3.282531E-173  -3.282531E-173  -3.282531E-173
   1.271441E-172   1.271441E-172   1.271441E-172   1.271441E-172   1.271441E-172   1.271441E-172
  -4.924677E-172  -4.924677E-172  -4.924677E-172  -4.924677E-172  -4.924677E-172  -4.924676E-172
   1.907458E-171   1.907458E-171   1.907458E-171   1.907458E-171   1.907458E-171   1.907458E-171
  -7.388018E-171  -7.388018E-171  -7.388018E-171  -7.388018E-171  -7.388018E-171  -7.388017E-171
   2.861519E-170   2.861519E-170   2.861519E-170   2.861519E-170   2.861519E-170   2.861519E-170
  -1.108310E-169  -1.108310E-169  -1.108310E-169  -1.108310E-169  -1.108310E-169  -1.108310E-169
   4.292617E-169   4.292617E-169   4.292617E-169   4.292617E-169   4.292617E-169   4.292616E-169
  -1.662567E-168  -1.662567E-168  -1.662567E-168  -1.662567E-168  -1.662567E-168  -1.662567E-168
   6.439212E-168   6.439212E-168   6.439212E-168   6.439212E-168   6.439212E-168   6.439210E-168
  -2.493921E-167  -2.493921E-167  -2.493921E-167  -2.493921E-167  -2.493921E-167  -2.493921E-167
   9.658941E-167   9.658941E-167   9.658941E-167   9.658940E-167   9.658940E-167   9.658937E-167
  -3.740874E-166  -3.740874E-166  -3.740874E-166  -3.740873E-166  -3.740873E-166  -3.740872E-166
   1.448817E-165   1.448817E-165   1.448817E-165   1.448817E-165   1.448817E-165   1.448816E-165
  -5.611139E-165  -5.611139E-165  -5.611139E-165  -5.611139E-165  -5.611138E-165  -5.611136E-165
   2.173130E-164   2.173130E-164   2.173130E-164   2.173130E-164   2.173130E-164   2.173129E-164
  -8.416230E-164  -8.416230E-164  -8.416230E-164  -8.416230E-164  -8.416230E-164  -8.416225E-164
   3.259470E-163   3.259470E-163   3.259470E-163   3.259469E-163   3.259469E-163   3.259467E-163
  -1.262332E-162  -1.262332E-162  -1.262332E-162  -1.262332E-162  -1.262332E-162  -1.262331E-162
   4.888753E-162   4.888753E-162   4.888753E-162   4.888753E-162   4.888752E-162   4.888749E-162
  -1.893303E-161  -1.893303E-161  -1.893303E-161  -1.893303E-161  -1.893303E-161  -1.893301E-161
   7.332294E-161   7.332294E-161   7.332294E-161   7.332294E-161   7.332293E-161   7.332287E-161
  -2.839602E-160  -2.839602E-160  -2.839602E-160  -2.839602E-160  -2.839602E-160  -2.839599E-160
   1.099697E-159   1.099697E-159   1.099697E-159   1.099697E-159   1.099697E-159   1.099696E-159
  -4.258793E-159  -4.258793E-159  -4.258793E-159  -4.258793E-159  -4.258793E-159  -4.258788E-159
   1.649294E-158   1.649294E-158   1.649294E-158   1.649294E-158   1.649294E-158   1.649292E-158
  -6.387162E-158  -6.387162E-158  -6.387162E-158  -6.387162E-158  -6.387161E-158  -6.387153E-158
   2.473523E-157   2.473523E-157   2.473523E-157   2.473523E-157   2.473522E-157   2.473519E-157
  -9.579045E-157  -9.579045E-157  -9.579045E-157  -9.579045E-157  -9.579043E-157  -9.579030E-157
   3.709598E-156   3.709598E-156   3.709598E-156   3.709598E-156   3.709597E-156   3.709592E-156
  -1.436580E-155  -1.436580E-155  -1.436580E-155  -1.436580E-155  -1.436580E-155  -1.436578E-155
   5.563287E-155   5.563287E-155   5.563287E-155   5.563287E-155   5.563286E-155   5.563276E-155
  -2.154426E-154  -2.154426E-154  -2.154426E-154  -2.154426E-154  -2.154425E-154  -2.154421E-154
   8.343155E-154   8.343155E-154   8.343155E-154   8.343154E-154   8.343152E-154   8.343135E-154
  -3.230931E-153  -3.230931E-153  -3.230931E-153  -3.230931E-153  -3.230930E-153  -3.230923E-153
   1.251191E-152   1.251191E-152   1.251191E-152   1.251191E-152   1.251191E-152   1.251188E-152
  -4.845276E-152  -4.845276E-152  -4.845276E-152  -4.845276E-152  -4.845275E-152  -4.845262E-152
   1.876343E-151   1.876343E-151   1.876343E-151   1.876343E-151   1.876342E-151   1.876337E-151
  -7.266156E-151  -7.266156E-151  -7.266156E-151  -7.266155E-151  -7.266152E-151  -7.266131E-151
   2.813819E-150   2.813819E-150   2.813819E-150   2.813818E-150   2.813817E-150   2.813808E-150
  -1.089649E-149  -1.089649E-149  -1.089649E-149  -1.089648E-149  -1.089648E-149  -1.089644E-149
   4.219644E-149   4.219644E-149   4.219644E-149   4.219644E-149   4.219642E-149   4.219626E-149
  -1.634046E-148  -1.634046E-148  -1.634046E-148  -1.634046E-148  -1.634045E-148  -1.634038E-148
   6.327784E-148   6.327784E-148   6.327784E-148   6.327784E-148   6.327780E-148   6.327753E-148
  -2.450407E-147  -2.450407E-147  -2.450407E-147  -2.450407E-147  -2.450406E-147  -2.450394E-147
   9.489078E-147   9.489078E-147   9.489078E-147   9.489076E-147   9.489071E-147   9.489022E-147
  -3.674590E-146  -3.674590E-146  -3.674590E-146  -3.674590E-146  -3.674587E-146  -3.674567E-146
   1.422961E-145   1.422961E-145   1.422961E-145   1.422961E-145   1.422960E-145   1.422952E-145
  -5.510316E-145  -5.510316E-145  -5.510316E-145  -5.510315E-145  -5.510311E-145  -5.510276E-145
   2.133827E-144   2.133827E-144   2.133827E-144   2.133827E-144   2.133825E-144   2.133810E-144
  -8.263067E-144  -8.263067E-144  -8.263067E-144  -8.263065E-144  -8.263058E-144  -8.262997E-144
   3.199799E-143   3.199799E-143   3.199799E-143   3.199798E-143   3.199795E-143   3.199770E-143
  -1.239092E-142  -1.239092E-142  -1.239092E-142  -1.239091E-142  -1.239090E-142  -1.239080E-142
   4.798259E-142   4.798259E-142   4.798259E-142   4.798258E-142   4.798252E-142   4.798209E-142
  -1.858075E-141  -1.858075E-141  -1.858075E-141  -1.858075E-141  -1.858073E-141  -1.858054E-141
   7.195193E-141   7.195193E-141   7.195193E-141   7.195191E-141   7.195182E-141   7.195106E-141
  -2.786257E-140  -2.786257E-140  -2.786257E-140  -2.786256E-140  -2.786252E-140  -2.786220E-140
   1.078945E-139   1.078945E-139   1.078945E-139   1.078945E-139   1.078943E-139   1.078930E-139
  -4.178083E-139  -4.178083E-139  -4.178083E-139  -4.178081E-139  -4.178075E-139  -4.178020E-139
   1.617910E-138   1.617910E-138   1.617910E-138   1.617909E-138   1.617907E-138   1.617884E-138
  -6.265147E-138  -6.265147E-138  -6.265147E-138  -6.265145E-138  -6.265133E-138  -6.265038E-138
   2.426095E-137   2.426095E-137   2.426095E-137   2.426094E-137   2.426090E-137   2.426050E-137
  -9.394725E-137  -9.394725E-137  -9.394725E-137  -9.394720E-137  -9.394701E-137  -9.394534E-137
   3.637977E-136   3.637977E-136   3.637977E-136   3.637975E-136   3.637967E-136   3.637898E-136
  -1.408755E-135  -1.408755E-135  -1.408755E-135  -1.408755E-135  -1.408751E-135  -1.408722E-135
   5.455203E-135   5.455203E-135   5.455203E-135   5.455200E-135   5.455186E-135   5.455065E-135
  -2.112448E-134  -2.112448E-134  -2.112448E-134  -2.112447E-134  -2.112441E-134  -2.112390E-134
   8.180142E-134   8.180142E-134   8.180142E-134   8.180137E-134   8.180112E-134   8.179902E-134
  -3.167638E-133  -3.167638E-133  -3.167638E-133  -3.167635E-133  -3.167625E-133  -3.167538E-133
   1.226620E-132   1.226620E-132   1.226620E-132   1.226619E-132   1.226615E-132   1.226578E-132
  -4.749898E-132  -4.749898E-132  -4.749898E-132  -4.749894E-132  -4.749876E-132  -4.749724E-132
   1.839325E-131   1.839325E-131   1.839325E-131   1.839323E-131   1.839316E-131   1.839252E-131
  -7.122500E-131  -7.122500E-131  -7.122500E-131  -7.122492E-131  -7.122462E-131  -7.122198E-131
   2.758077E-130   2.758077E-130   2.758077E-130   2.758074E-130   2.758061E-130   2.757951E-130
  -1.068022E-129  -1.068022E-129  -1.068022E-129  -1.068021E-129  -1.068015E-129  -1.067970E-129
   4.135747E-129   4.135747E-129   4.135747E-129   4.135742E-129   4.135720E-129   4.135529E-129
  -1.601503E-128  -1.601503E-128  -1.601503E-128  -1.601501E-128  -1.601491E-128  -1.601412E-128
   6.201567E-128   6.201567E-128   6.201567E-128   6.201558E-128   6.201519E-128   6.201187E-128
  -2.401459E-127  -2.401459E-127  -2.401459E-127  -2.401455E-127  -2.401439E-127  -2.401300E-127
   9.299271E-127   9.299271E-127   9.299270E-127   9.299255E-127   9.299187E-127   9.298610E-127
  -3.600996E-126  -3.600996E-126  -3.600996E-126  -3.600989E-126  -3.600961E-126  -3.600721E-126
   1.394429E-125   1.394429E-125   1.394429E-125   1.394426E-125   1.394415E-125   1.394314E-125
  -5.399709E-125  -5.399709E-125  -5.399709E-125  -5.399698E-125  -5.399649E-125  -5.399231E-125
   2.090953E-124   2.090953E-124   2.090953E-124   2.090949E-124   2.090928E-124   2.090754E-124
  -8.096895E-124  -8.096895E-124  -8.096895E-124  -8.096875E-124  -8.096790E-124  -8.096064E-124
   3.135398E-123   3.135398E-123   3.135398E-123   3.135390E-123   3.135355E-123   3.135052E-123
  -1.214135E-122  -1.214135E-122  -1.214135E-122  -1.214132E-122  -1.214117E-122  -1.213991E-122
   4.701557E-122   4.701557E-122   4.701557E-122   4.701543E-122   4.701481E-122   4.700956E-122
  -1.820608E-121  -1.820608E-121  -1.820608E-121  -1.820602E-121  -1.820577E-121  -1.820358E-121
   7.050040E-121   7.050040E-121   7.050039E-121   7.050014E-121   7.049908E-121   7.048994E-121
  -2.730026E-120  -2.730026E-120  -2.730026E-120  -2.730016E-120  -2.729971E-120  -2.729590E-120
   1.057164E-119   1.057164E-119   1.057164E-119   1.057160E-119   1.057141E-119   1.056982E-119
  -4.093720E-119  -4.093720E-119  -4.093720E-119  -4.093702E-119  -4.093625E-119  -4.092963E-119
   1.585237E-118   1.585237E-118   1.585237E-118   1.585230E-118   1.585197E-118   1.584922E-118
  -6.138620E-118  -6.138620E-118  -6.138620E-118  -6.138588E-118  -6.138454E-118  -6.137304E-118
   2.377101E-117   2.377101E-117   2.377101E-117   2.377087E-117   2.377031E-117   2.376552E-117
  -9.205020E-117  -9.205020E-117  -9.205020E-117  -9.204965E-117  -9.204732E-117  -9.202734E-117
   3.564531E-116   3.564531E-116   3.564531E-116   3.564508E-116   3.564410E-116   3.563578E-116
  -1.380322E-115  -1.380322E-115  -1.380322E-115  -1.380312E-115  -1.380272E-115  -1.379925E-115
   5.345138E-115   5.345138E-115   5.345137E-115   5.345098E-115   5.344929E-115   5.343482E-115
  -2.069845E-114  -2.069845E-114  -2.069845E-114  -2.069829E-114  -2.069758E-114  -2.069155E-114
   8.015255E-114   8.015255E-114   8.015255E-114   8.015186E-114   8.014892E-114   8.012378E-114
  -3.103826E-113  -3.103826E-113  -3.103826E-113  -3.103797E-113  -3.103675E-113  -3.102627E-113
   1.201927E-112   1.201927E-112   1.201927E-112   1.201915E-112   1.201864E-112   1.201427E-112
  -4.654351E-112  -4.654351E-112  -4.654351E-112  -4.654301E-112  -4.654088E-112  -4.652267E-112
   1.802358E-111   1.802358E-111   1.802358E-111   1.802337E-111   1.802248E-111   1.801489E-111
  -6.979486E-111  -6.979486E-111  -6.979486E-111  -6.979399E-111  -6.979029E-111  -6.975865E-111
   2.702755E-110   2.702755E-110   2.702754E-110   2.702718E-110   2.702564E-110   2.701245E-110
  -1.046624E-109  -1.046624E-109  -1.046623E-109  -1.046608E-109  -1.046544E-109  -1.045994E-109
   4.052986E-109   4.052986E-109   4.052986E-109   4.052923E-109   4.052655E-109   4.050363E-109
  -1.569497E-108  -1.569497E-108  -1.569497E-108  -1.569471E-108  -1.569359E-108  -1.568404E-108
   6.077805E-108   6.077805E-108   6.077805E-108   6.077696E-108   6.077230E-108   6.073248E-108
  -2.353607E-107  -2.353607E-107  -2.353607E-107  -2.353561E-107  -2.353367E-107  -2.351707E-107
   9.114270E-107   9.114270E-107   9.114270E-107   9.114079E-107   9.113271E-107   9.106352E-107
  -3.529481E-106  -3.529481E-106  -3.529481E-106  -3.529401E-106  -3.529064E-106  -3.526180E-106
   1.366787E-105   1.366787E-105   1.366787E-105   1.366754E-105   1.366613E-105   1.365411E-105
  -5.292876E-105  -5.292876E-105  -5.292876E-105  -5.292738E-105  -5.292152E-105  -5.287141E-105
   2.049669E-104   2.049669E-104   2.049669E-104   2.049611E-104   2.049367E-104   2.047278E-104
  -7.937374E-104  -7.937374E-104  -7.937373E-104  -7.937134E-104  -7.936116E-104  -7.927408E-104
   3.073768E-103   3.073768E-103   3.073768E-103   3.073668E-103   3.073244E-103   3.069614E-103
  -1.190328E-102  -1.190328E-102  -1.190328E-102  -1.190286E-102  -1.190109E-102  -1.188596E-102
   4.609600E-102   4.609600E-102   4.609600E-102   4.609426E-102   4.608689E-102   4.602383E-102
  -1.785095E-101  -1.785095E-101  -1.785095E-101  -1.785022E-101  -1.784715E-101  -1.782086E-101
   6.912906E-101   6.912906E-101   6.912905E-101   6.912604E-101   6.911323E-101   6.900365E-101
  -2.677081E-100  -2.677081E-100  -2.677080E-100  -2.676954E-100  -2.676421E-100  -2.671853E-100
   1.036725E-099   1.036725E-099   1.036725E-099   1.036673E-099   1.036450E-099   1.034546E-099
  -4.014833E-099  -4.014833E-099  -4.014832E-099  -4.014614E-099  -4.013686E-099  -4.005750E-099
   1.554793E-098   1.554793E-098   1.554793E-098   1.554702E-098   1.554315E-098   1.551007E-098
  -6.021159E-098  -6.021159E-098  -6.021158E-098  -6.020778E-098  -6.019166E-098  -6.005378E-098
   2.331779E-097   2.331779E-097   2.331778E-097   2.331620E-097   2.330948E-097   2.325201E-097
  -9.030303E-097  -9.030303E-097  -9.030302E-097  -9.029642E-097  -9.026842E-097  -9.002884E-097
   3.497038E-096   3.497038E-096   3.497037E-096   3.496763E-096   3.495595E-096   3.485610E-096
  -1.354433E-095  -1.354433E-095  -1.354433E-095  -1.354318E-095  -1.353832E-095  -1.349669E-095
   5.243879E-095   5.243879E-095   5.243878E-095   5.243400E-095   5.241372E-095   5.224026E-095
  -2.032219E-094  -2.032218E-094  -2.032218E-094  -2.032019E-094  -2.031173E-094  -2.023938E-094
   7.860767E-094   7.860766E-094   7.860764E-094   7.859935E-094   7.856413E-094   7.826292E-094
  -3.024155E-093  -3.024155E-093  -3.024154E-093  -3.023811E-093  -3.022353E-093  -3.009881E-093
   1.171107E-092   1.171107E-092   1.171106E-092   1.170963E-092   1.170355E-092   1.165157E-092
  -4.566054E-092  -4.566054E-092  -4.566052E-092  -4.565451E-092  -4.562900E-092  -4.541089E-092
   1.770556E-091   1.770556E-091   1.770556E-091   1.770305E-091   1.769240E-091   1.760138E-091
  -6.852011E-091  -6.852011E-091  -6.852008E-091  -6.850964E-091  -6.846529E-091  -6.808618E-091
   2.654544E-090   2.654544E-090   2.654543E-090   2.654107E-090   2.652258E-090   2.636452E-090
  -1.027962E-089  -1.027962E-089  -1.027962E-089  -1.027780E-089  -1.027010E-089  -1.020422E-089
   3.981396E-089   3.981396E-089   3.981394E-089   3.980637E-089   3.977425E-089   3.949968E-089
  -1.541961E-088  -1.541961E-088  -1.541960E-088  -1.541645E-088  -1.540306E-088  -1.528862E-088
   5.972030E-088   5.972030E-088   5.972027E-088   5.970712E-088   5.965130E-088   5.917437E-088
  -2.312978E-087  -2.312978E-087  -2.312976E-087  -2.312428E-087  -2.310102E-087  -2.290224E-087
   8.958289E-087   8.958288E-087   8.958282E-087   8.955997E-087   8.946299E-087   8.863455E-087
  -3.469619E-086  -3.469619E-086  -3.469617E-086  -3.468664E-086  -3.464622E-086  -3.430095E-086
   1.343824E-085   1.343824E-085   1.343823E-085   1.343426E-085   1.341741E-085   1.327351E-085
  -5.204829E-085  -5.204829E-085  -5.204824E-085  -5.203170E-085  -5.196146E-085  -5.136177E-085
   2.015926E-084   2.015925E-084   2.015924E-084   2.015234E-084   2.012306E-084   1.987314E-084
  -7.808121E-084  -7.808121E-084  -7.808113E-084  -7.805238E-084  -7.793034E-084  -7.688884E-084
   3.024285E-083   3.024285E-083   3.024281E-083   3.023083E-083   3.017996E-083   2.974594E-083
  -1.171395E-082  -1.171395E-082  -1.171393E-082  -1.170894E-082  -1.168773E-082  -1.150686E-082
   4.537202E-082   4.537202E-082   4.537196E-082   4.535114E-082   4.526276E-082   4.450905E-082
  -1.757430E-081  -1.757429E-081  -1.757427E-081  -1.756559E-081  -1.752875E-081  -1.721468E-081
   6.807249E-081   6.807248E-081   6.807238E-081   6.803620E-081   6.788266E-081   6.657394E-081
  -2.636777E-080  -2.636776E-080  -2.636772E-080  -2.635264E-080  -2.628864E-080  -2.574332E-080
   1.021339E-079   1.021339E-079   1.021337E-079   1.020709E-079   1.018041E-079   9.953197E-080
  -3.956450E-079  -3.956450E-079  -3.956442E-079  -3.953822E-079  -3.942702E-079  -3.848027E-079
   1.532282E-078   1.532282E-078   1.532279E-078   1.531187E-078   1.526553E-078   1.487115E-078
  -5.938995E-078  -5.938995E-078  -5.938982E-078  -5.934427E-078  -5.915102E-078  -5.750696E-078
   2.296709E-077   2.296709E-077   2.296704E-077   2.294808E-077   2.286767E-077   2.218390E-077
  -8.936509E-077  -8.936508E-077  -8.936486E-077  -8.928550E-077  -8.894884E-077  -8.608764E-077
   3.429798E-076   3.429797E-076   3.429788E-076   3.426511E-076   3.412609E-076   3.294522E-076
  -1.306318E-075  -1.306318E-075  -1.306314E-075  -1.304971E-075  -1.299274E-075  -1.250912E-075
   5.145623E-075   5.145622E-075   5.145606E-075   5.139914E-075   5.115771E-075   4.910946E-075
  -2.013272E-074  -2.013272E-074  -2.013265E-074  -2.010869E-074  -2.000706E-074  -1.914546E-074
   7.761204E-074   7.761203E-074   7.761175E-074   7.751236E-074   7.709087E-074   7.352012E-074
  -3.012667E-073  -3.012667E-073  -3.012655E-073  -3.008504E-073  -2.990903E-073  -2.841908E-073
   1.166356E-072   1.166356E-072   1.166351E-072   1.164622E-072   1.157291E-072   1.095290E-072
  -4.519858E-072  -4.519857E-072  -4.519837E-072  -4.512628E-072  -4.482070E-072  -4.223841E-072
   1.751020E-071   1.751020E-071   1.751012E-071   1.748007E-071   1.735272E-071   1.627766E-071
  -6.784383E-071  -6.784382E-071  -6.784347E-071  -6.771824E-071  -6.718749E-071  -6.271167E-071
   2.628601E-070   2.628601E-070   2.628586E-070   2.623366E-070   2.601247E-070   2.414930E-070
  -1.018481E-069  -1.018480E-069  -1.018474E-069  -1.016299E-069  -1.007081E-069  -9.295283E-070
   3.946293E-069   3.946292E-069   3.946266E-069   3.937198E-069   3.898783E-069   3.576017E-069
  -1.529101E-068  -1.529101E-068  -1.529090E-068  -1.525311E-068  -1.509302E-068  -1.374985E-068
   5.925071E-068   5.925069E-068   5.925026E-068   5.909271E-068   5.842558E-068   5.283683E-068
  -2.295946E-067  -2.295946E-067  -2.295927E-067  -2.289361E-067  -2.261561E-067  -2.029050E-067
   8.896948E-067   8.896945E-067   8.896868E-067   8.869499E-067   8.753654E-067   7.786478E-067
  -3.447720E-066  -3.447718E-066  -3.447686E-066  -3.436279E-066  -3.388007E-066  -2.985753E-066
   1.336087E-065   1.336087E-065   1.336073E-065   1.331319E-065   1.311204E-065   1.143933E-065
  -5.177857E-065  -5.177855E-065  -5.177800E-065  -5.157983E-065  -5.074172E-065  -4.378727E-065
   2.006680E-064   2.006679E-064   2.006656E-064   1.998397E-064   1.963476E-064   1.674395E-064
  -7.777132E-064  -7.777128E-064  -7.777032E-064  -7.742609E-064  -7.597110E-064  -6.395721E-064
   3.014217E-063   3.014215E-063   3.014175E-063   2.999828E-063   2.939209E-063   2.440037E-063
  -1.168272E-062  -1.168271E-062  -1.168254E-062  -1.162275E-062  -1.137019E-062  -9.296662E-063
   4.528222E-062   4.528219E-062   4.528149E-062   4.503228E-062   4.398013E-062   3.536907E-062
  -1.755201E-061  -1.755199E-061  -1.755170E-061  -1.744784E-061  -1.700953E-061  -1.343450E-061
   6.803644E-061   6.803638E-061   6.803517E-061   6.760231E-061   6.577643E-061   5.093856E-061
  -2.637379E-060  -2.637377E-060  -2.637326E-060  -2.619286E-060  -2.543230E-060  -1.927597E-060
   1.022399E-059   1.022398E-059   1.022377E-059   1.014858E-059   9.831787E-060   7.278388E-060
  -3.963559E-059  -3.963555E-059  -3.963467E-059  -3.932135E-059  -3.800187E-059  -2.741539E-059
   1.536626E-058   1.536624E-058   1.536588E-058   1.523530E-058   1.468577E-058   1.029836E-058
  -5.957576E-058  -5.957570E-058  -5.957418E-058  -5.903002E-058  -5.674145E-058  -3.856647E-058
   2.309884E-057   2.309881E-057   2.309818E-057   2.287141E-057   2.191838E-057   1.439289E-057
  -8.956335E-057  -8.956323E-057  -8.956059E-057  -8.861561E-057  -8.464724E-057  -5.350309E-057
   3.472889E-056   3.472884E-056   3.472774E-056   3.433395E-056   3.268166E-056   1.979975E-056
  -1.346705E-055  -1.346703E-055  -1.346657E-055  -1.330248E-055  -1.261457E-055  -7.289464E-056
   5.222468E-055   5.222459E-055   5.222268E-055   5.153891E-055   4.867520E-055   2.667625E-055
  -2.025356E-054  -2.025353E-054  -2.025273E-054  -1.996781E-054  -1.877578E-054  -9.693825E-055
   7.855074E-054   7.855059E-054   7.854727E-054   7.736007E-054   7.239865E-054   3.493267E-054
  -3.046652E-053  -3.046646E-053  -3.046508E-053  -2.997041E-053  -2.790562E-053  -1.246194E-053
   1.181735E-052   1.181732E-052   1.181675E-052   1.161064E-052   1.075144E-052   4.390902E-053
  -4.583980E-052  -4.583969E-052  -4.583729E-052  -4.497856E-052  -4.140369E-052  -1.523169E-052
   1.778244E-051   1.778240E-051   1.778140E-051   1.742362E-051   1.593643E-051   5.178005E-052
  -6.898698E-051  -6.898679E-051  -6.898262E-051  -6.749206E-051  -6.130601E-051  -1.712916E-051
   2.676521E-050   2.676513E-050   2.676339E-050   2.614241E-050   2.356969E-050   5.450521E-051
  -1.038491E-049  -1.038488E-049  -1.038415E-049  -1.012546E-049  -9.055664E-050  -1.633353E-050
   4.029621E-049   4.029608E-049   4.029306E-049   3.921542E-049   3.476775E-049   4.404135E-050
  -1.563710E-048  -1.563704E-048  -1.563578E-048  -1.518689E-048  -1.333812E-048  -9.349234E-050
   6.068472E-048   6.068448E-048   6.067924E-048   5.880941E-048   5.112615E-048   5.405027E-050
  -2.355238E-047  -2.355228E-047  -2.355009E-047  -2.277128E-047  -1.957889E-047   1.016882E-048
   9.141620E-047   9.141580E-047   9.140670E-047   8.816294E-047   7.490172E-047  -8.797978E-048
  -3.548507E-046  -3.548491E-046  -3.548111E-046  -3.413017E-046  -2.862279E-046   5.323813E-047
   1.377537E-045   1.377530E-045   1.377372E-045   1.321112E-045   1.092451E-045  -2.813397E-046
  -5.348067E-045  -5.348038E-045  -5.347380E-045  -5.113096E-045  -4.163994E-045   1.382448E-045
   2.076479E-044   2.076466E-044   2.076192E-044   1.978637E-044   1.584812E-044  -6.486920E-045
  -8.062990E-044  -8.062939E-044  -8.061796E-044  -7.655602E-044  -6.021981E-044   2.946859E-044
   3.131150E-043   3.131129E-043   3.130652E-043   2.961537E-043   2.284133E-043  -1.306336E-043
  -1.216051E-042  -1.216042E-042  -1.215844E-042  -1.145439E-042  -8.646489E-043   5.678878E-043
   4.723248E-042   4.723211E-042   4.722384E-042   4.429309E-042   3.265875E-042  -2.428680E-042
  -1.834730E-041  -1.834714E-041  -1.834370E-041  -1.712381E-041  -1.230527E-041   1.023996E-041
   7.127655E-041   7.127591E-041   7.126156E-041   6.618438E-041   4.623691E-041  -4.262406E-041
  -2.769273E-040  -2.769246E-040  -2.768649E-040  -2.557358E-040  -1.731991E-040   1.753174E-040
   1.076045E-039   1.076034E-039   1.075785E-039   9.878637E-040   6.465326E-040  -7.128935E-040
  -4.181594E-039  -4.181547E-039  -4.180510E-039  -3.814698E-039  -2.403919E-039   2.866361E-039
   1.625178E-038   1.625159E-038   1.624727E-038   1.472543E-038   8.897980E-039  -1.139453E-038
  -6.316974E-038  -6.316894E-038  -6.315094E-038  -5.682061E-038  -3.276507E-038   4.476671E-038
   2.455655E-037   2.455621E-037   2.454871E-037   2.191588E-037   1.199274E-037  -1.737055E-037
  -9.547216E-037  -9.547077E-037  -9.543954E-037  -8.449092E-037  -4.358763E-037   6.650187E-037
   3.712262E-036   3.712204E-036   3.710903E-036   3.255676E-036   1.570988E-036  -2.508412E-036
  -1.443624E-035  -1.443599E-035  -1.443058E-035  -1.253812E-035  -5.605340E-036   9.303690E-036
   5.614668E-035   5.614567E-035   5.612311E-035   4.825719E-035   1.975391E-035  -3.383900E-035
  -2.183987E-034  -2.183945E-034  -2.183005E-034  -1.856122E-034  -6.854022E-035   1.202273E-034
   8.496360E-034   8.496186E-034   8.492273E-034   7.134112E-034   2.330697E-034  -4.148888E-034
  -3.305780E-033  -3.305708E-033  -3.304078E-033  -2.739896E-033  -7.713180E-034   1.378279E-033
   1.286395E-032   1.286365E-032   1.285686E-032   1.051375E-032   2.455819E-033  -4.341833E-033
  -5.006509E-032  -5.006383E-032  -5.003558E-032  -4.030668E-032  -7.366644E-033   1.260012E-032
   1.948755E-031   1.948703E-031   1.947526E-031   1.543670E-031   1.990140E-032  -3.145653E-032
  -7.586511E-031  -7.586292E-031  -7.581396E-031  -5.905387E-031  -4.246561E-032   5.249399E-032
   2.953865E-030   2.953774E-030   2.951735E-030   2.256385E-030   2.612174E-032   6.549572E-032
  -1.150281E-029  -1.150243E-029  -1.149394E-029  -8.609897E-030   4.497119E-031  -1.260002E-030
   4.480051E-029   4.479894E-029   4.476362E-029   3.280545E-029  -3.926087E-030   8.491841E-030
  -1.745135E-028  -1.745069E-028  -1.743599E-028  -1.247941E-028   2.382695E-029  -4.515982E-029
   6.798963E-028   6.798690E-028   6.792572E-028   4.738833E-028  -1.261323E-028   2.134259E-028
  -2.649264E-027  -2.649150E-027  -2.646605E-027  -1.795964E-027   6.206521E-028  -9.324574E-028
   1.032470E-026   1.032423E-026   1.031364E-026   6.791756E-027  -2.916254E-027   3.825801E-027
  -4.024395E-026  -4.024198E-026  -4.019790E-026  -2.562250E-026   1.326730E-026  -1.481310E-026
   1.568899E-025   1.568817E-025   1.566984E-025   9.640455E-026  -5.891267E-026   5.398563E-026
  -6.117331E-025  -6.116991E-025  -6.109363E-025  -3.616373E-025   2.566139E-025  -1.831773E-025
   2.385625E-024   2.385483E-024   2.382310E-024   1.352039E-024  -1.100078E-024   5.640261E-025
  -9.304997E-024  -9.304407E-024  -9.291212E-024  -5.035682E-024   4.651579E-024  -1.478751E-024
   3.629986E-023   3.629741E-023   3.624254E-023   1.867491E-023  -1.942971E-023   2.622587E-024
  -1.416345E-022  -1.416243E-022  -1.413962E-022  -6.891643E-023   8.025320E-023   2.411616E-024
   5.527252E-022   5.526828E-022   5.517342E-022   2.528870E-022  -3.279974E-022  -5.611516E-023
  -2.157377E-021  -2.157200E-021  -2.153257E-021  -9.218673E-022   1.326928E-021   3.746210E-022
   8.422088E-021   8.421356E-021   8.404963E-021   3.334595E-021  -5.314290E-021  -1.906202E-021
  -3.288450E-020  -3.288145E-020  -3.281332E-020  -1.195091E-020   2.106789E-020   8.350047E-021
   1.284223E-019   1.284097E-019   1.281266E-019   4.235320E-020  -8.264942E-020  -3.249086E-020
  -5.016126E-019  -5.015600E-019  -5.003838E-019  -1.480249E-019   3.206776E-019   1.119449E-019
   1.959634E-018   1.959416E-018   1.954529E-018   5.082803E-019  -1.229604E-018  -3.282759E-019
  -7.657031E-018  -7.656125E-018  -7.635828E-018  -1.705136E-018   4.654286E-018   7.098218E-019
   2.992437E-017   2.992061E-017   2.983632E-017   5.539411E-018  -1.736540E-017  -2.539798E-019
  -1.169685E-016  -1.169529E-016  -1.166029E-016  -1.716373E-017   6.373504E-017  -8.572307E-018
   4.572906E-016   4.572257E-016   4.557727E-016   4.923457E-017  -2.294647E-016   6.416423E-017
  -1.788113E-015  -1.787844E-015  -1.781813E-015  -1.216216E-016   8.071738E-016  -3.250867E-016
   6.993218E-015   6.992100E-015   6.967070E-015   1.953023E-016  -2.757822E-015   1.332764E-015
  -2.735510E-014  -2.735046E-014  -2.724661E-014   3.405233E-016   9.067181E-015  -4.509427E-015
   1.070234E-013   1.070041E-013   1.065733E-013  -5.665634E-015  -2.823190E-014   1.168837E-014
  -4.187915E-013  -4.187117E-013  -4.169249E-013   3.909526E-014   8.067599E-014  -1.444813E-014
   1.639063E-012   1.638732E-012   1.631323E-012  -2.187865E-013  -1.959005E-013  -7.187264E-014
  -6.416107E-012  -6.414735E-012  -6.384017E-012   1.110642E-012   2.960487E-013   6.976319E-013
   2.512033E-011   2.511464E-011   2.498732E-011  -5.324677E-012   6.436482E-013  -3.648729E-012
  -9.836857E-011  -9.834502E-011  -9.781742E-011   2.457407E-011  -9.225653E-012   1.422993E-011
   3.852691E-010   3.851715E-010   3.829858E-010  -1.103311E-010   6.022275E-011  -4.133129E-011
  -1.509205E-009  -1.508801E-009  -1.499748E-009   4.849846E-010  -3.187308E-010   6.537116E-011
   5.913001E-009   5.911327E-009   5.873841E-009  -2.095837E-009   1.516809E-009   1.721477E-010
  -2.317087E-008  -2.316395E-008  -2.300877E-008   8.928866E-009  -6.733818E-009  -2.054808E-009
   9.081364E-008   9.078496E-008   9.014275E-008  -3.757370E-008   2.834312E-008   1.065009E-008
  -3.559861E-007  -3.558675E-007  -3.532104E-007   1.563914E-007  -1.139248E-007  -3.781410E-008
   1.395686E-006   1.395195E-006   1.384204E-006  -6.444677E-007   4.381742E-007   8.379861E-008
  -5.472854E-006  -5.470825E-006  -5.425379E-006   2.631101E-006  -1.609201E-006   2.298293E-008
   2.146402E-005   2.145563E-005   2.126777E-005  -1.064662E-005   5.604267E-006  -7.691163E-007
  -8.419355E-005  -8.415889E-005  -8.338253E-005   4.271032E-005  -1.824164E-005   2.498795E-006
   3.303068E-004   3.301636E-004   3.269563E-004  -1.698793E-004   5.381111E-005  -2.954362E-006
  -1.296079E-003  -1.295488E-003  -1.282241E-003   6.699085E-004  -1.330586E-004  -2.108266E-005
   5.086664E-003   5.084223E-003   5.029529E-003  -2.618691E-003   1.995965E-004   1.839274E-004
  -1.997001E-002  -1.995993E-002  -1.973414E-002   1.014504E-002   4.728796E-004  -8.267299E-004
   7.843999E-002   7.839838E-002   7.746626E-002  -3.893825E-002  -6.452709E-003   2.218806E-003
  -1.762575E-001  -1.761505E-001  -1.737636E-001   7.876262E-002   3.735915E-002   2.890906E-003
  -2.490543E+000  -2.489126E+000  -2.457504E+000   1.176491E+000   3.678915E-001  -7.576584E-002
  -6.947487E+000  -6.943502E+000  -6.854596E+000   3.258700E+000   1.071752E+000  -1.593817E-001
  -2.068160E+001  -2.066966E+001  -2.040333E+001   9.642564E+000   3.292103E+000  -3.445091E-001
  -6.071512E+001  -6.067985E+001  -5.989295E+001   2.812867E+001   9.956409E+000  -6.196742E-001
  -1.760867E+002  -1.759837E+002  -1.736868E+002   8.104083E+001   2.968740E+001  -6.525284E-001
  -5.080199E+002  -5.077209E+002  -5.010515E+002   2.322242E+002   8.784635E+001   1.361365E+000
  -1.447692E+003  -1.446835E+003  -1.427706E+003   6.570932E+002   2.562957E+002   1.302365E+001
  -4.089222E+003  -4.086784E+003  -4.032405E+003   1.842554E+003   7.396976E+002   6.177768E+001
  -1.143338E+004  -1.142652E+004  -1.127350E+004   5.113010E+003   2.109300E+003   2.397815E+002
  -3.162838E+004  -3.160929E+004  -3.118326E+004   1.403435E+004   5.940517E+003   8.391093E+002
  -8.653403E+004  -8.648145E+004  -8.530837E+004   3.808950E+004   1.651870E+004   2.745144E+003
  -2.340334E+005  -2.338902E+005  -2.306973E+005   1.021612E+005   4.533055E+004   8.541817E+003
  -6.253525E+005  -6.249676E+005  -6.163810E+005   2.706495E+005   1.227056E+005   2.551811E+004
  -1.650010E+006  -1.648987E+006  -1.626186E+006   7.078227E+005   3.274696E+005   7.359383E+004
  -4.296484E+006  -4.293805E+006  -4.234052E+006   1.826355E+006   8.611440E+005   2.055762E+005
  -1.103441E+007  -1.102749E+007  -1.087304E+007   4.646548E+006   2.230148E+006   5.573379E+005
  -2.793412E+007  -2.791648E+007  -2.752298E+007   1.164923E+007   5.684522E+006   1.468206E+006
  -6.966443E+007  -6.962015E+007  -6.863252E+007   2.876221E+007   1.425289E+007   3.760380E+006
  -1.710488E+008  -1.709394E+008  -1.684989E+008   6.989470E+007   3.513234E+007   9.365259E+006
  -4.132464E+008  -4.129804E+008  -4.070463E+008   1.670729E+008   8.508537E+007   2.267625E+007
  -9.818224E+008  -9.811862E+008  -9.669969E+008   3.926069E+008   2.023484E+008   5.335567E+007
  -2.292743E+009  -2.291248E+009  -2.257900E+009   9.064812E+008   4.722831E+008   1.219058E+008
  -5.259586E+009  -5.256133E+009  -5.179139E+009   2.055316E+009   1.081265E+009   2.701811E+008
  -1.184703E+010  -1.183920E+010  -1.166466E+010   4.574036E+009   2.426992E+009   5.800723E+008
  -2.618977E+010  -2.617235E+010  -2.578399E+010   9.986616E+009   5.338300E+009   1.204294E+009
  -5.679838E+010  -5.676037E+010  -5.591266E+010   2.138191E+010   1.150112E+010   2.412024E+009
  -1.207973E+011  -1.207159E+011  -1.189013E+011   4.487571E+010   2.426040E+010   4.645512E+009
  -2.518531E+011  -2.516823E+011  -2.478744E+011   9.229058E+010   5.008509E+010   8.564619E+009
  -5.146074E+011  -5.142562E+011  -5.064246E+011   1.859286E+011   1.011621E+011   1.501191E+010
  -1.030224E+012  -1.029516E+012  -1.013735E+012   3.668235E+011   1.998421E+011   2.474122E+010
  -2.020319E+012  -2.018922E+012  -1.987771E+012   7.085761E+011   3.860023E+011   3.758948E+010
  -3.880309E+012  -3.877608E+012  -3.817382E+012   1.339826E+012   7.288102E+011   5.050129E+010
  -7.298152E+012  -7.293037E+012  -7.179012E+012   2.479554E+012   1.344808E+012   5.341065E+010
  -1.344064E+013  -1.343116E+013  -1.321977E+013   4.490655E+012   2.424590E+012   2.144107E+010
  -2.423622E+013  -2.421901E+013  -2.383527E+013   7.958291E+012   4.270394E+012  -9.873982E+010
  -4.278990E+013  -4.275930E+013  -4.207724E+013   1.380009E+013   7.346426E+012  -4.111218E+011
  -7.397043E+013  -7.391718E+013  -7.273010E+013   2.341466E+013   1.234225E+013  -1.103987E+012
  -1.252101E+014  -1.251193E+014  -1.230963E+014   3.887246E+013   2.024674E+013  -2.497165E+012
  -2.075498E+014  -2.073984E+014  -2.040218E+014   6.314813E+013   3.242566E+013  -5.102947E+012
  -3.369438E+014  -3.366961E+014  -3.311766E+014   1.003851E+014   5.068954E+013  -9.696457E+012
  -5.358041E+014  -5.354076E+014  -5.265690E+014   1.561716E+014   7.733095E+013  -1.738455E+013
  -8.347188E+014  -8.340967E+014  -8.202301E+014   2.377938E+014   1.151020E+014  -2.965314E+013
  -1.274211E+015  -1.273254E+015  -1.251935E+015   3.544136E+014   1.670956E+014  -4.836258E+013
  -1.906331E+015  -1.904889E+015  -1.872764E+015   5.171068E+014   2.364905E+014  -7.565080E+013
  -2.795806E+015  -2.793677E+015  -2.746218E+015   7.386850E+014   3.261228E+014  -1.136991E+014
  -4.020399E+015  -4.017314E+015  -3.948561E+015   1.033224E+015   4.378558E+014  -1.643188E+014
  -5.670087E+015  -5.665703E+015  -5.568009E+015   1.415234E+015   5.717445E+014  -2.283325E+014
  -7.844711E+015  -7.838599E+015  -7.702401E+015   1.898424E+015   7.250189E+014  -3.047574E+014
  -1.064977E+016  -1.064141E+016  -1.045506E+016   2.494081E+015   8.909549E+014  -3.898441E+014
  -1.419020E+016  -1.417897E+016  -1.392870E+016   3.209095E+015   1.057741E+015  -4.760834E+014
  -1.856219E+016  -1.854737E+016  -1.821732E+016   4.043780E+015   1.207492E+015  -5.513564E+014
  -2.384325E+016  -2.382406E+016  -2.339656E+016   4.989656E+015   1.315598E+015  -5.984472E+014
  -3.008121E+016  -3.005679E+016  -2.951280E+016   6.027443E+015   1.350584E+015  -5.951635E+014
  -3.728279E+016  -3.725226E+016  -3.657204E+016   7.125534E+015   1.274670E+015  -5.152855E+014
  -4.540295E+016  -4.536542E+016  -4.452942E+016   8.239218E+015   1.045150E+015  -3.304900E+014
  -5.433600E+016  -5.429066E+016  -5.328059E+016   9.310883E+015   6.166340E+014  -1.327331E+013
  -6.390974E+016  -6.385587E+016  -6.265594E+016   1.027137E+016  -5.588648E+013   4.592724E+014
  -7.388357E+016  -7.382063E+016  -7.241885E+016   1.104255E+016  -1.013311E+015   1.101155E+015
  -8.395131E+016  -8.387900E+016  -8.226848E+016   1.154099E+016  -2.288309E+015   1.913148E+015
  -9.374909E+016  -9.366738E+016  -9.184759E+016   1.168267E+016  -3.901149E+015   2.879045E+015
  -1.028682E+017  -1.027774E+017  -1.007552E+017   1.138824E+016  -5.855881E+015   3.963157E+015
  -1.108726E+017  -1.107734E+017  -1.085637E+017   1.058862E+016  -8.137285E+015   5.109655E+015
  -1.173191E+017  -1.172125E+017  -1.148390E+017   9.230294E+015  -1.070895E+016   6.244183E+015
  -1.217808E+017  -1.216683E+017  -1.191629E+017   7.280054E+015  -1.351278E+016   7.277924E+015
  -1.238698E+017  -1.237531E+017  -1.211562E+017   4.728609E+015  -1.647006E+016   8.113970E+015
  -1.232594E+017  -1.231408E+017  -1.204998E+017   1.592841E+015  -1.948412E+016   8.655543E+015
  -1.197037E+017  -1.195854E+017  -1.169539E+017  -2.083547E+015  -2.244451E+016   8.815284E+015
  -1.130523E+017  -1.129371E+017  -1.103729E+017  -6.231029E+015  -2.523229E+016   8.524660E+015
  -1.032610E+017  -1.031515E+017  -1.007152E+017  -1.075685E+016  -2.772624E+016   7.742424E+015
  -9.039604E+016  -9.029499E+016  -8.804751E+016  -1.554903E+016  -2.980934E+016   6.461102E+015
  -7.463247E+016  -7.454255E+016  -7.254339E+016  -2.048139E+016  -3.137520E+016   4.710690E+015
  -5.624756E+016  -5.617129E+016  -5.447632E+016  -2.541942E+016  -3.233393E+016   2.559000E+015
  -3.560869E+016  -3.554833E+016  -3.420800E+016  -3.022636E+016  -3.261707E+016   1.084785E+014
  -1.315752E+016  -1.311502E+016  -1.217264E+016  -3.476923E+016  -3.218116E+016  -2.510298E+015
   1.060883E+016   1.063191E+016   1.114142E+016  -3.892447E+016  -3.100997E+016  -5.147891E+015
   3.515817E+016   3.516068E+016   3.521185E+016  -4.258277E+016  -2.911513E+016  -7.647164E+015
   5.994409E+016   5.992532E+016   5.950271E+016  -4.565298E+016  -2.653525E+016  -9.855307E+015
   8.442611E+016   8.438584E+016   8.348425E+016  -4.806484E+016  -2.333371E+016  -1.163559E+016
   1.080882E+017   1.080267E+017   1.066510E+017  -4.977063E+016  -1.959530E+016  -1.287776E+016
   1.304550E+017   1.303728E+017   1.285377E+017  -5.074561E+016  -1.542198E+016  -1.350624E+016
   1.511045E+017   1.510028E+017   1.487317E+017  -5.098747E+016  -1.092804E+016  -1.348540E+016
   1.696787E+017   1.695588E+017   1.668831E+017  -5.051482E+016  -6.235107E+015  -1.282150E+016
   1.858895E+017   1.857531E+017   1.827110E+017  -4.936496E+016  -1.467053E+015  -1.156146E+016
   1.995223E+017   1.993714E+017   1.960064E+017  -4.759114E+016   3.254731E+015  -9.788413E+015
   2.104361E+017   2.102728E+017   2.066327E+017  -4.525946E+016   7.815593E+015  -7.614812E+015
   2.185615E+017   2.183881E+017   2.145234E+017  -4.244558E+016   1.211123E+016  -5.173630E+015
   2.238959E+017   2.237147E+017   2.196774E+017  -3.923150E+016   1.605057E+016  -2.608511E+015
   2.264972E+017   2.263106E+017   2.221530E+017  -3.570240E+016   1.955781E+016  -6.369743E+013
   2.264767E+017   2.262870E+017   2.220605E+017  -3.194387E+016   2.257372E+016   2.325468E+015
   2.239903E+017   2.237998E+017   2.195538E+017  -2.803933E+016   2.505615E+016   4.440806E+015
   2.192303E+017   2.190409E+017   2.148225E+017  -2.406796E+016   2.697991E+016   6.187795E+015
   2.124164E+017   2.122302E+017   2.080828E+017  -2.010299E+016   2.833598E+016   7.499952E+015
   2.037878E+017   2.036065E+017   1.995699E+017  -1.621041E+016   2.913030E+016   8.340972E+015
   1.935950E+017   1.934203E+017   1.895297E+017  -1.244808E+016   2.938219E+016   8.704650E+015
   1.820931E+017   1.819263E+017   1.782128E+017  -8.865273E+015   2.912248E+016   8.612795E+015
   1.695355E+017   1.693779E+017   1.658676E+017  -5.502430E+015   2.839151E+016   8.111470E+015
   1.561686E+017   1.560210E+017   1.527358E+017  -2.391310E+015   2.723703E+016   7.265975E+015
   1.422273E+017   1.420906E+017   1.390476E+017   4.446893E+014   2.571220E+016   6.155045E+015
   1.279320E+017   1.278067E+017   1.250187E+017   2.990009E+015   2.387361E+016   4.864748E+015
   1.134855E+017   1.133720E+017   1.108477E+017   5.236270E+015   2.177946E+016   3.482517E+015
   9.907147E+016   9.897010E+016   9.671430E+016   7.181522E+015   1.948796E+016   2.091715E+015
   8.485354E+016   8.476429E+016   8.277848E+016   8.829439E+015   1.705585E+016   7.670431E+014
   7.097455E+016   7.089734E+016   6.917979E+016   1.018849E+016   1.453725E+016  -4.290026E+014
   5.755680E+016   5.749143E+016   5.603764E+016   1.127114E+016   1.198267E+016  -1.448502E+015
   4.470259E+016   4.464875E+016   4.345179E+016   1.209303E+016   9.438244E+015  -2.259284E+015
   3.249501E+016   3.245230E+016   3.150319E+016   1.267224E+016   6.945199E+015  -2.844977E+015
   2.099917E+016   2.096711E+016   2.025514E+016   1.302865E+016   4.539502E+015  -3.204050E+015
   1.026346E+016   1.024151E+016   9.754588E+015   1.318323E+016   2.251688E+015  -3.348048E+015
   3.210589E+014   3.086253E+014   3.358160E+013   1.315760E+016   1.068470E+014  -3.299222E+015
  -8.808562E+015  -8.812106E+015  -8.889250E+015   1.297345E+016  -1.875269E+015  -3.087799E+015
  -1.711808E+016  -1.711339E+016  -1.700716E+016   1.265223E+016  -3.680016E+015  -2.749101E+015
  -2.461081E+016  -2.459854E+016  -2.432377E+016   1.221474E+016  -5.297549E+015  -2.320735E+015
  -3.129916E+016  -3.127998E+016  -3.085163E+016   1.168090E+016  -6.722442E+015  -1.840016E+015
  -3.720329E+016  -3.717788E+016  -3.661082E+016   1.106952E+016  -7.953262E+015  -1.341769E+015
  -4.234976E+016  -4.231878E+016  -4.162768E+016   1.039814E+016  -8.992108E+015  -8.565873E+014
  -4.677031E+016  -4.673439E+016  -4.593356E+016   9.682945E+015  -9.844139E+015  -4.096132E+014
  -5.050074E+016  -5.046051E+016  -4.956381E+016   8.938651E+015  -1.051710E+016  -1.983336E+013
  -5.357993E+016  -5.353599E+016  -5.255672E+016   8.178509E+015  -1.102083E+016   3.001351E+014
  -5.604895E+016  -5.600187E+016  -5.495272E+016   7.414284E+015  -1.136686E+016   5.438259E+014
  -5.795027E+016  -5.790058E+016  -5.679357E+016   6.656279E+015  -1.156792E+016   7.103514E+014
  -5.932708E+016  -5.927529E+016  -5.812172E+016   5.913378E+015  -1.163761E+016   8.035684E+014
  -6.022272E+016  -6.016931E+016  -5.897973E+016   5.193101E+015  -1.158997E+016   8.310756E+014
  -6.068019E+016  -6.062560E+016  -5.940982E+016   4.501680E+015  -1.143922E+016   8.031350E+014
  -6.074173E+016  -6.068636E+016  -5.945342E+016   3.844135E+015  -1.119942E+016   7.316003E+014
  -6.044846E+016  -6.039269E+016  -5.915086E+016   3.224360E+015  -1.088427E+016   6.289186E+014
  -5.984013E+016  -5.978429E+016  -5.854110E+016   2.645220E+015  -1.050685E+016   5.072615E+014
  -5.895489E+016  -5.889929E+016  -5.766152E+016   2.108640E+015  -1.007952E+016   3.778177E+014
  -5.782910E+016  -5.777401E+016  -5.654772E+016   1.615701E+015  -9.613743E+015   2.502687E+014
  -5.649719E+016  -5.644285E+016  -5.523341E+016   1.166736E+015  -9.120005E+015   1.324476E+014
  -5.499157E+016  -5.493820E+016  -5.375030E+016   7.614233E+014  -8.607755E+015   3.017412E+013
  -5.334258E+016  -5.329035E+016  -5.212805E+016   3.988750E+014  -8.085377E+015  -5.275528E+013
  -5.157836E+016  -5.152744E+016  -5.039418E+016   7.772769E+013  -7.560179E+015  -1.144489E+014
  -4.972494E+016  -4.967545E+016  -4.857412E+016  -2.037750E+014  -7.038423E+015  -1.547021E+014
  -4.780613E+016  -4.775818E+016  -4.669112E+016  -4.477031E+014  -6.525356E+015  -1.747128E+014
  -4.584360E+016  -4.579727E+016  -4.476632E+016  -6.563656E+014  -6.025271E+015  -1.767591E+014
  -4.385688E+016  -4.381223E+016  -4.281878E+016  -8.322425E+014  -5.541577E+015  -1.638665E+014
  -4.186340E+016  -4.182047E+016  -4.086550E+016  -9.779213E+014  -5.076876E+015  -1.394879E+014
  -3.987858E+016  -3.983741E+016  -3.892148E+016  -1.096042E+015  -4.633045E+015  -1.072123E+014
  -3.791587E+016  -3.787646E+016  -3.699982E+016  -1.189245E+015  -4.211332E+015  -7.051719E+013
  -3.598687E+016  -3.594922E+016  -3.511179E+016  -1.260132E+015  -3.812437E+015  -3.257054E+013
  -3.410138E+016  -3.406548E+016  -3.326694E+016  -1.311226E+015  -3.436599E+015   3.913024E+012
  -3.226758E+016  -3.223339E+016  -3.147317E+016  -1.344946E+015  -3.083684E+015   3.676313E+013
  -3.049206E+016  -3.045956E+016  -2.973689E+016  -1.363578E+015  -2.753254E+015   6.439474E+013
  -2.878002E+016  -2.874917E+016  -2.806312E+016  -1.369265E+015  -2.444642E+015   8.580551E+013
  -2.713537E+016  -2.710612E+016  -2.645561E+016  -1.363987E+015  -2.157012E+015   1.005369E+014
  -2.556083E+016  -2.553312E+016  -2.491699E+016  -1.349563E+015  -1.889414E+015   1.086078E+014
  -2.405811E+016  -2.403189E+016  -2.344887E+016  -1.327640E+015  -1.640833E+015   1.104288E+014
  -2.262798E+016  -2.260319E+016  -2.205196E+016  -1.299701E+015  -1.410222E+015   1.067069E+014
  -2.127045E+016  -2.124702E+016  -2.072623E+016  -1.267064E+015  -1.196538E+015   9.834753E+013
  -1.998484E+016  -1.996272E+016  -1.947097E+016  -1.230893E+015  -9.987644E+014   8.636193E+013
  -1.876991E+016  -1.874904E+016  -1.828495E+016  -1.192204E+015  -8.159313E+014   7.178450E+013
  -1.762397E+016  -1.760427E+016  -1.716646E+016  -1.151874E+015  -6.471255E+014   5.560516E+013
  -1.654493E+016  -1.652635E+016  -1.611345E+016  -1.110654E+015  -4.915000E+014   3.871880E+013
  -1.553044E+016  -1.551292E+016  -1.512360E+016  -1.069179E+015  -3.482785E+014   2.189271E+013
  -1.457792E+016  -1.456140E+016  -1.419436E+016  -1.027978E+015  -2.167556E+014   5.751427E+012
  -1.368464E+016  -1.366907E+016  -1.332305E+016  -9.874870E+014  -9.629511E+013  -9.223164E+012
  -1.284779E+016  -1.283311E+016  -1.250690E+016  -9.480588E+014   1.367313E+013  -2.267946E+013
  -1.206450E+016  -1.205066E+016  -1.174309E+016  -9.099723E+014   1.136590E+014  -3.437542E+013
  -1.133190E+016  -1.131884E+016  -1.102880E+016  -8.734424E+014   2.041182E+014  -4.415365E+013
  -1.064713E+016  -1.063482E+016  -1.036125E+016  -8.386288E+014   2.854590E+014  -5.191634E+013
  -1.000741E+016  -9.995795E+015  -9.737694E+015  -8.056436E+014   3.580495E+014  -5.760359E+013
  -9.410021E+015  -9.399054E+015  -9.155468E+015  -7.745587E+014   4.222248E+014  -6.117810E+013
  -8.852326E+015  -8.841972E+015  -8.611999E+015  -7.454118E+014   4.782944E+014  -6.261775E+013
  -8.331805E+015  -8.322025E+015  -8.104815E+015  -7.182122E+014   5.265484E+014  -6.191669E+013
  -7.846044E+015  -7.836802E+015  -7.631555E+015  -6.929457E+014   5.672641E+014  -5.909414E+013
  -7.392744E+015  -7.384006E+015  -7.189971E+015  -6.695791E+014   6.007120E+014  -5.420918E+013
  -6.969727E+015  -6.961462E+015  -6.777933E+015  -6.480638E+014   6.271602E+014  -4.737854E+013
  -6.574938E+015  -6.567115E+015  -6.393431E+015  -6.283387E+014   6.468797E+014  -3.879430E+013
  -6.206437E+015  -6.199029E+015  -6.034569E+015  -6.103338E+014   6.601474E+014  -2.873780E+013
  -5.862404E+015  -5.855384E+015  -5.699569E+015  -5.939717E+014   6.672498E+014  -1.758654E+013
  -5.541132E+015  -5.534478E+015  -5.386764E+015  -5.791701E+014   6.684852E+014  -5.811561E+012
  -5.241026E+015  -5.234713E+015  -5.094595E+015  -5.658431E+014   6.641654E+014   6.036515E+012
  -4.960596E+015  -4.954603E+015  -4.821607E+015  -5.539028E+014   6.546170E+014   1.735284E+013
  -4.698451E+015  -4.692758E+015  -4.566442E+015  -5.432606E+014   6.401818E+014   2.751418E+013
  -4.453297E+015  -4.447886E+015  -4.327837E+015  -5.338276E+014   6.212168E+014   3.592274E+013
  -4.223930E+015  -4.218785E+015  -4.104618E+015  -5.255159E+014   5.980936E+014   4.205416E+013
  -4.009234E+015  -4.004336E+015  -3.895693E+015  -5.182389E+014   5.711976E+014   4.550540E+013
  -3.808168E+015  -3.803504E+015  -3.700048E+015  -5.119118E+014   5.409260E+014   4.603716E+013
  -3.619769E+015  -3.615325E+015  -3.516745E+015  -5.064521E+014   5.076864E+014   4.360628E+013
  -3.443145E+015  -3.438906E+015  -3.344910E+015  -5.017798E+014   4.718945E+014   3.838353E+013
  -3.277466E+015  -3.273421E+015  -3.183737E+015  -4.978176E+014   4.339715E+014   3.075386E+013
  -3.121966E+015  -3.118104E+015  -3.032477E+015  -4.944911E+014   3.943412E+014   2.129737E+013
  -2.975933E+015  -2.972243E+015  -2.890436E+015  -4.917287E+014   3.534276E+014   1.075136E+013
  -2.838710E+015  -2.835181E+015  -2.756974E+015  -4.894620E+014   3.116511E+014  -4.431912E+010
  -2.709686E+015  -2.706310E+015  -2.631496E+015  -4.876256E+014   2.694262E+014  -1.021458E+013
  -2.588298E+015  -2.585066E+015  -2.513451E+015  -4.861570E+014   2.271576E+014  -1.892341E+013
  -2.474021E+015  -2.470925E+015  -2.402330E+015  -4.849969E+014   1.852372E+014  -2.544841E+013
  -2.366373E+015  -2.363405E+015  -2.297661E+015  -4.840889E+014   1.440416E+014  -2.924844E+013
  -2.264905E+015  -2.262058E+015  -2.199007E+015  -4.833795E+014   1.039280E+014  -3.001747E+013
  -2.169201E+015  -2.166469E+015  -2.105963E+015  -4.828181E+014   6.523242E+013  -2.771867E+013
  -2.078877E+015  -2.076253E+015  -2.018155E+015  -4.823569E+014   2.826625E+013  -2.259448E+013
  -1.993576E+015  -1.991054E+015  -1.935235E+015  -4.819509E+014  -6.685757E+012  -1.515075E+013
  -1.912968E+015  -1.910543E+015  -1.856882E+015  -4.815579E+014  -3.936786E+013  -6.115125E+012
  -1.836741E+015  -1.834409E+015  -1.782792E+015  -4.811377E+014  -6.955514E+013   3.626996E+012
  -1.764631E+015  -1.762386E+015  -1.712707E+015  -4.806540E+014  -9.705525E+013   1.311364E+013
  -1.696304E+015  -1.694141E+015  -1.646303E+015  -4.800692E+014  -1.217092E+014   2.139707E+013
  -1.631777E+015  -1.629693E+015  -1.583592E+015  -4.793612E+014  -1.433937E+014   2.763561E+013
  -1.569833E+015  -1.567825E+015  -1.523407E+015  -4.784635E+014  -1.620172E+014   3.117732E+013
  -1.513983E+015  -1.512041E+015  -1.469101E+015  -4.774760E+014  -1.775337E+014   3.162641E+013
  -1.450048E+015  -1.448190E+015  -1.407115E+015  -4.759279E+014  -1.899022E+014   2.888788E+013
  -1.238259E+015  -1.236660E+015  -1.201358E+015  -4.669193E+014  -2.083948E+014  -1.003854E+013
  -1.070231E+015  -1.068838E+015  -1.038105E+015  -4.524060E+014  -1.759829E+014  -3.730559E+013
  -9.322299E+014  -9.310074E+014  -9.040665E+014  -4.309965E+014  -1.100708E+014  -9.170373E+012
  -8.186327E+014  -8.175512E+014  -7.937485E+014  -4.023527E+014  -3.272166E+013   2.790804E+013
  -7.239568E+014  -7.229936E+014  -7.018237E+014  -3.667464E+014   3.502258E+013   1.721485E+013
  -6.444025E+014  -6.435392E+014  -6.245944E+014  -3.249588E+014   7.792083E+013  -1.454875E+013
  -5.769668E+014  -5.761887E+014  -5.591407E+014  -2.781763E+014   8.947958E+013  -1.220905E+013
  -5.193575E+014  -5.186524E+014  -5.032335E+014  -2.278991E+014   7.241206E+013   1.104894E+013
  -4.697798E+014  -4.691380E+014  -4.551284E+014  -1.758475E+014   3.663981E+013   8.938630E+012
  -4.268238E+014  -4.262370E+014  -4.134545E+014  -1.238639E+014  -4.447581E+012  -1.071735E+013
  -3.893694E+014  -3.888308E+014  -3.771234E+014  -7.381005E+013  -3.827940E+013  -1.051570E+013
  -3.565201E+014  -3.560239E+014  -3.452639E+014  -2.746541E+013  -5.662804E+013   5.107574E+012
  -3.275523E+014  -3.270936E+014  -3.171727E+014   1.357169E+013  -5.736010E+013   8.592047E+012
  -3.018775E+014  -3.014522E+014  -2.922781E+014   4.797351E+013  -4.403052E+013   5.052677E+011
  -2.790136E+014  -2.786181E+014  -2.701119E+014   7.475855E+013  -2.368103E+013  -3.787798E+012
  -2.585630E+014  -2.581943E+014  -2.502878E+014   9.334830E+013  -3.805765E+012  -1.794132E+012
  -2.401956E+014  -2.398511E+014  -2.324851E+014   1.036010E+014   1.032036E+013   1.765582E+012
  -2.236359E+014  -2.233131E+014  -2.164363E+014   1.058190E+014   1.698588E+013   9.026453E+011
  -2.086520E+014  -2.083490E+014  -2.019163E+014   1.007290E+014   1.770305E+013  -4.255272E+012
  -1.950485E+014  -1.947634E+014  -1.887353E+014   8.943337E+013   1.556456E+013  -1.496726E+012
  -1.826592E+014  -1.823906E+014  -1.767319E+014   7.333718E+013   1.322579E+013   6.788992E+012
  -1.713424E+014  -1.710887E+014  -1.657686E+014   5.405279E+013   1.155002E+013   1.755558E+012
  -1.609765E+014  -1.607366E+014  -1.557275E+014   3.328929E+013   9.559641E+012  -6.834856E+012
  -1.514569E+014  -1.512297E+014  -1.465069E+014   1.273390E+013   5.617307E+012   3.500443E+011
  -1.426932E+014  -1.424776E+014  -1.380190E+014  -6.065920E+012  -9.299024E+011   4.450673E+012
  -1.346067E+014  -1.344019E+014  -1.301877E+014  -2.181022E+013  -8.700853E+012  -4.051756E+012
  -1.271289E+014  -1.269341E+014  -1.229464E+014  -3.353550E+013  -1.458197E+013  -1.516223E+012
  -1.201999E+014  -1.200144E+014  -1.162371E+014  -4.067665E+013  -1.535965E+013   5.583576E+012
  -1.137672E+014  -1.135902E+014  -1.100086E+014  -4.309610E+013  -9.812272E+012  -9.722402E+011
  -1.077843E+014  -1.076152E+014  -1.042160E+014  -4.107659E+013   3.227011E+010  -3.732583E+012
  -1.022102E+014  -1.020486E+014  -9.881962E+013  -3.527752E+013   9.442186E+012   1.789443E+012
  -9.700867E+013  -9.685404E+013  -9.378418E+013  -2.665794E+013   1.331142E+013   4.807125E+011
  -9.214737E+013  -9.199924E+013  -8.907836E+013  -1.637288E+013   9.116116E+012  -1.404706E+012
  -8.759750E+013  -8.745543E+013  -8.467424E+013  -5.652633E+012  -1.250656E+012   9.457311E+011
  -8.333328E+013  -8.319690E+013  -8.054683E+013   4.323289E+012  -1.208615E+013   1.167930E+012
  -7.933161E+013  -7.920056E+013  -7.667374E+013   1.254455E+013  -1.689968E+013  -9.820396E+011
  -7.557173E+013  -7.544569E+013  -7.303484E+013   1.826819E+013  -1.227441E+013  -1.575480E+012
  -7.203492E+013  -7.191359E+013  -6.961199E+013   2.108571E+013  -2.320859E+011   1.417112E+012
  -6.870427E+013  -6.858738E+013  -6.638881E+013   2.095136E+013   1.257900E+013   3.384362E+011
  -6.556449E+013  -6.545177E+013  -6.335047E+013   1.816813E+013   1.868800E+013  -1.366880E+012
  -6.260169E+013  -6.249291E+013  -6.048351E+013   1.333293E+013   1.441843E+013   1.947683E+012
  -5.980325E+013  -5.969818E+013  -5.777571E+013   7.247701E+012   2.362273E+012  -1.082417E+012
  -5.715767E+013  -5.705611E+013  -5.521591E+013   8.073947E+011  -1.009096E+013  -1.375792E+012
  -5.465445E+013  -5.455620E+013  -5.279396E+013  -5.120397E+012  -1.544118E+013   2.150667E+012
  -5.228399E+013  -5.218889E+013  -5.050055E+013  -9.808332E+012  -1.096916E+013  -1.154365E+012
  -5.003751E+013  -4.994538E+013  -4.832716E+013  -1.275922E+013  -4.670904E+011   2.430961E+011
  -4.790693E+013  -4.781762E+013  -4.626598E+013  -1.376044E+013   8.508716E+012   5.816025E+011
  -4.588484E+013  -4.579820E+013  -4.430983E+013  -1.289538E+013   1.000758E+013  -1.302538E+012
  -4.396441E+013  -4.388030E+013  -4.245207E+013  -1.051050E+013   3.816568E+012   6.469944E+011
  -4.213934E+013  -4.205763E+013  -4.068663E+013  -7.143730E+012  -4.699539E+012   3.356488E+011
  -4.040382E+013  -4.032440E+013  -3.900785E+013  -3.426033E+012  -8.903428E+012  -4.107689E+011
  -3.875246E+013  -3.867522E+013  -3.741054E+013   2.742115E+010  -5.973139E+012   1.382963E+011
  -3.718030E+013  -3.710512E+013  -3.588987E+013   2.717997E+012   1.215657E+012  -4.985731E+010
  -3.568271E+013  -3.560950E+013  -3.444137E+013   4.338957E+012   6.794386E+012  -5.412382E+011
  -3.425540E+013  -3.418407E+013  -3.306087E+013   4.812493E+012   6.795009E+012   1.090225E+012
  -3.289440E+013  -3.282485E+013  -3.174452E+013   4.282404E+012   2.082514E+012  -9.050463E+011
  -3.159598E+013  -3.152814E+013  -3.048873E+013   3.064822E+012  -2.979085E+012   4.170012E+011
  -3.035670E+013  -3.029049E+013  -2.929014E+013   1.567639E+012  -4.607657E+012  -2.542628E+011
  -2.917333E+013  -2.910867E+013  -2.814564E+013   1.958011E+011  -2.594209E+012  -7.625963E+010
  -2.804286E+013  -2.797969E+013  -2.705229E+013  -7.372380E+011   3.057186E+011   5.414542E+011
  -2.696248E+013  -2.690072E+013  -2.600739E+013  -1.072661E+012   1.486834E+012  -6.461962E+011
  -2.592955E+013  -2.586915E+013  -2.500836E+013  -8.302045E+011   7.636946E+011   3.648568E+011
  -2.494160E+013  -2.488251E+013  -2.405283E+013  -1.878436E+011  -2.501077E+011  -2.716624E+011
  -2.399634E+013  -2.393848E+013  -2.313854E+013   5.773341E+011  -4.018234E+011   2.184782E+011
  -2.309158E+013  -2.303491E+013  -2.226340E+013   1.171976E+012  -7.262305E+010   4.801138E+010
  -2.222529E+013  -2.216977E+013  -2.142544E+013   1.371546E+012  -6.973587E+010  -3.797218E+011
  -2.139555E+013  -2.134113E+013  -2.062278E+013   1.084890E+012  -2.084089E+011   4.131036E+011
  -2.060057E+013  -2.054720E+013  -1.985369E+013   3.802210E+011   3.015121E+011  -3.939834E+011
  -1.983866E+013  -1.978629E+013  -1.911653E+013  -5.356725E+011   1.256166E+012   5.007727E+011
  -1.910820E+013  -1.905681E+013  -1.840973E+013  -1.380306E+012   1.219384E+012  -6.183607E+011
  -1.840771E+013  -1.835725E+013  -1.773184E+013  -1.883336E+012  -5.230134E+011   5.044712E+011
  -1.773576E+013  -1.768619E+013  -1.708148E+013  -1.873774E+012  -2.388211E+012  -3.630989E+011
  -1.709100E+013  -1.704230E+013  -1.645735E+013  -1.339500E+012  -2.002729E+012   3.248054E+011
  -1.647218E+013  -1.642431E+013  -1.585822E+013  -4.386917E+011   6.015270E+011  -3.329909E+011
  -1.587810E+013  -1.583102E+013  -1.528292E+013   5.435755E+011   2.474125E+012   1.959786E+011
  -1.530762E+013  -1.526131E+013  -1.473035E+013   1.283206E+012   1.293618E+012  -4.900367E+010
  -1.475967E+013  -1.471411E+013  -1.419948E+013   1.523610E+012  -1.400965E+012   1.686051E+010
  -1.423325E+013  -1.418841E+013  -1.368930E+013   1.166569E+012  -2.006198E+012  -1.204585E+011
  -1.372738E+013  -1.368323E+013  -1.319890E+013   3.153056E+011   2.713113E+011   1.824765E+011
  -1.324116E+013  -1.319769E+013  -1.272738E+013  -7.490079E+011   2.194920E+012  -2.056376E+011
  -1.277373E+013  -1.273090E+013  -1.227389E+013  -1.654607E+012   9.969632E+011   2.239950E+011
  -1.232426E+013  -1.228206E+013  -1.183765E+013  -2.064841E+012  -1.645652E+012  -2.843883E+011
  -1.189198E+013  -1.185038E+013  -1.141789E+013  -1.800427E+012  -2.037603E+012   2.690221E+011
  -1.147615E+013  -1.143513E+013  -1.101389E+013  -9.136167E+011   1.732650E+011  -1.684533E+011
  -1.107606E+013  -1.103561E+013  -1.062496E+013   3.169724E+011   1.690785E+012   3.341877E+010
  -1.069104E+013  -1.065115E+013  -1.025045E+013   1.475430E+012   6.375282E+011  -5.523035E+009
  -1.032047E+013  -1.028111E+013  -9.889746E+012   2.154687E+012  -9.306158E+011   5.417987E+010
  -9.963735E+012  -9.924894E+012  -9.542251E+012   2.108351E+012  -6.658128E+011  -9.263231E+010
  -9.620261E+012  -9.581924E+012  -9.207404E+012   1.349949E+012   5.428777E+011   2.017820E+009
  -9.289500E+012  -9.251652E+012  -8.884669E+012   1.569035E+011   6.119486E+011   1.434861E+011
  -8.970930E+012  -8.933559E+012  -8.573534E+012  -1.028774E+012  -2.732263E+011  -2.246758E+011
  -8.664054E+012  -8.627146E+012  -8.273512E+012  -1.769548E+012  -5.739209E+011   1.370246E+011
  -8.368396E+012  -8.331939E+012  -7.984140E+012  -1.806003E+012  -1.689570E+011   1.186693E+010
  -8.083504E+012  -8.047487E+012  -7.704972E+012  -1.162991E+012   9.343553E+010  -9.532701E+010
  -7.808947E+012  -7.773358E+012  -7.435587E+012  -1.398879E+011   2.013906E+011   6.238589E+010
  -7.544311E+012  -7.509140E+012  -7.175580E+012   8.161509E+011   3.355992E+011  -3.987869E+010
  -7.289203E+012  -7.254440E+012  -6.924565E+012   1.303195E+012   3.100192E+010   5.314993E+010
  -7.043248E+012  -7.008883E+012  -6.682174E+012   1.139992E+012  -4.633465E+011  -2.985992E+010
  -6.806086E+012  -6.772109E+012  -6.448055E+012   4.433915E+011  -1.425214E+011  -7.495548E+010
  -6.577373E+012  -6.543777E+012  -6.221871E+012  -4.309952E+011   4.773371E+011   9.633060E+010
  -6.356782E+012  -6.323558E+012  -6.003300E+012  -1.060155E+012   1.417031E+010   3.694650E+009
  -6.143997E+012  -6.111137E+012  -5.792036E+012  -1.156653E+012  -6.848386E+011  -7.382368E+010
  -5.938720E+012  -5.906217E+012  -5.587783E+012  -7.039055E+011  -4.436069E+009   2.526767E+010
  -5.740663E+012  -5.708509E+012  -5.390261E+012   4.479869E+010   7.928083E+011   5.427179E+008
  -5.549549E+012  -5.517738E+012  -5.199200E+012   7.038957E+011   1.687107E+010  -2.052634E+010
  -5.365117E+012  -5.333642E+012  -5.014344E+012   9.581667E+011  -7.049492E+011   6.452118E+010
  -5.187114E+012  -5.155968E+012  -4.835447E+012   7.223974E+011   7.556013E+010  -7.536171E+009
  -5.015297E+012  -4.984475E+012  -4.662272E+012   1.719617E+011   4.899043E+011  -9.807941E+010
  -4.849436E+012  -4.818932E+012  -4.494595E+012  -3.703740E+011  -2.971794E+011   2.298546E+010
  -4.689308E+012  -4.659117E+012  -4.332201E+012  -6.239474E+011  -3.575010E+011   5.232303E+010
  -4.534701E+012  -4.504817E+012  -4.174883E+012  -5.040072E+011   3.654120E+011  -2.295176E+010
  -4.385410E+012  -4.355829E+012  -4.022445E+012  -1.500633E+011   2.143051E+011   2.488647E+009
  -4.241240E+012  -4.211957E+012  -3.874697E+012   1.828268E+011  -2.610473E+011   3.046721E+010
  -4.102003E+012  -4.073013E+012  -3.731461E+012   2.949725E+011  -7.683764E+010   1.415116E+010
  -3.967519E+012  -3.938818E+012  -3.592563E+012   1.618734E+011   6.483593E+010  -5.510192E+010
  -3.837614E+012  -3.809198E+012  -3.457840E+012  -7.320405E+010  -1.766552E+010  -5.029942E+010
  -3.712123E+012  -3.683988E+012  -3.327135E+012  -2.205482E+011   5.819562E+009   1.772621E+010
  -3.590886E+012  -3.563029E+012  -3.200297E+012  -1.858732E+011  -5.367364E+010   1.540142E+010
  -3.473751E+012  -3.446167E+012  -3.077183E+012  -2.755192E+010   6.149986E+010  -7.521196E+008
  -3.360569E+012  -3.333255E+012  -2.957657E+012   1.087151E+011   1.398614E+011  -3.271227E+010
  -3.251199E+012  -3.224152E+012  -2.841589E+012   1.188809E+011  -2.275367E+011  -8.391807E+008
  -3.145507E+012  -3.118723E+012  -2.728855E+012   2.406006E+010  -8.910435E+010   3.031803E+010
  -3.043360E+012  -3.016837E+012  -2.619337E+012  -6.093128E+010   2.686552E+011   3.906080E+010
  -2.944633E+012  -2.918368E+012  -2.512922E+012  -4.333801E+010  -1.439138E+011   2.538844E+010
  -2.849206E+012  -2.823196E+012  -2.409505E+012   5.470442E+010  -1.006029E+011  -6.410052E+009
  -2.756963E+012  -2.731205E+012  -2.308984E+012   1.158835E+011   2.669749E+011  -6.231106E+009
  -2.667792E+012  -2.642284E+012  -2.211262E+012   4.649852E+010  -1.683521E+011  -8.028307E+009
  -2.581585E+012  -2.556324E+012  -2.116250E+012  -1.178409E+011  -1.317528E+011   1.846145E+010
  -2.498239E+012  -2.473223E+012  -2.023861E+012  -2.295770E+011   2.029979E+011   1.930296E+010
  -2.417654E+012  -2.392881E+012  -1.934014E+012  -1.666653E+011  -8.663786E+010   3.013585E+010
  -2.339736E+012  -2.315203E+012  -1.846632E+012   3.692782E+010  -2.472276E+010   1.143816E+010
  -2.264390E+012  -2.240096E+012  -1.761644E+012   2.043719E+011   8.230097E+010   6.642570E+009
  -2.191529E+012  -2.167471E+012  -1.678981E+012   1.779848E+011  -6.823086E+010  -1.528145E+010
  -2.121068E+012  -2.097244E+012  -1.598581E+012  -1.998030E+010  -2.665814E+010  -1.451520E+010
  -2.052922E+012  -2.029331E+012  -1.520384E+012  -1.958560E+011   8.367367E+009  -2.250503E+010
  -1.987015E+012  -1.963654E+012  -1.444334E+012  -1.715056E+011   6.534299E+010  -8.745695E+009
  -1.923268E+012  -1.900136E+012  -1.370380E+012   3.058047E+010  -6.830057E+010  -9.105527E+009
  -1.861609E+012  -1.838704E+012  -1.298475E+012   2.014768E+011   1.069029E+010  -1.395931E+009
  -1.801965E+012  -1.779286E+012  -1.228574E+012   1.595889E+011   4.118663E+010  -1.325152E+010
  -1.744270E+012  -1.721814E+012  -1.160636E+012  -5.453774E+010  -1.246962E+011  -1.591240E+010
  -1.688457E+012  -1.666223E+012  -1.094624E+012  -2.171883E+011   1.367158E+011  -1.728853E+010
  -1.634461E+012  -1.612449E+012  -1.030504E+012  -1.621416E+011  -5.690015E+010  -5.542906E+009
  -1.582223E+012  -1.560430E+012  -9.682448E+011   3.920341E+010  -3.172690E+010   2.152978E+009
  -1.531683E+012  -1.510108E+012  -9.078180E+011   1.633354E+011   6.608656E+010  -5.631026E+009
  -1.482784E+012  -1.461425E+012  -8.491985E+011   9.001774E+010  -9.690036E+010  -6.490748E+009
  -1.435470E+012  -1.414327E+012  -7.923636E+011  -6.969125E+010   8.031221E+010  -2.009046E+009
  -1.389689E+012  -1.368760E+012  -7.372932E+011  -1.207537E+011  -2.652603E+010   1.148631E+010
  -1.345390E+012  -1.324673E+012  -6.839696E+011  -2.096581E+010  -1.091266E+010   2.476059E+009
  -1.302523E+012  -1.282018E+012  -6.323772E+011   8.540978E+010  -1.321045E+009  -3.581139E+008
  -1.261040E+012  -1.240745E+012  -5.825027E+011   6.658886E+010   4.330682E+009   8.670091E+009
  -1.220896E+012  -1.200810E+012  -5.343344E+011  -3.406724E+010  -1.795879E+010  -2.220844E+009
  -1.182047E+012  -1.162168E+012  -4.878627E+011  -7.875401E+010   4.649552E+010  -7.669167E+009
  -1.144448E+012  -1.124777E+012  -4.430791E+011  -2.855187E+010  -6.929246E+010  -9.678027E+008
  -1.108059E+012  -1.088594E+012  -3.999768E+011   2.503659E+010   5.246156E+010  -3.994572E+009
  -1.072841E+012  -1.053580E+012  -3.585502E+011   1.390032E+010  -4.031706E+010   2.116924E+009
  -1.038753E+012  -1.019696E+012  -3.187945E+011  -1.482166E+010   3.162400E+010   6.366060E+009
  -1.005760E+012  -9.869053E+011  -2.807057E+011   3.648150E+008  -1.654738E+010  -4.541434E+009
  -9.738256E+011  -9.551718E+011  -2.442806E+011   2.567951E+010  -1.111720E+010   6.903488E+008
  -9.429142E+011  -9.244608E+011  -2.095160E+011   1.419904E+009   1.424251E+010  -5.521181E+009
  -9.129927E+011  -8.947387E+011  -1.764093E+011  -3.804243E+010  -9.803679E+009   3.980391E+009
  -8.840287E+011  -8.659732E+011  -1.449573E+011  -1.855256E+010   7.849464E+009   1.725602E+009
  -8.559909E+011  -8.381328E+011  -1.151570E+011   3.149159E+010  -1.226230E+010  -2.924856E+009
  -8.288491E+011  -8.111875E+011  -8.700453E+010   1.797226E+010  -1.215819E+009  -2.927097E+009
  -8.025740E+011  -7.851079E+011  -6.049534E+010  -4.516883E+010   1.260314E+010   4.981261E+009
  -7.771373E+011  -7.598659E+011  -3.562390E+010  -4.320746E+010  -1.611035E+010  -2.705823E+009
  -7.525119E+011  -7.354341E+011  -1.238342E+010   3.402708E+010   9.403671E+009  -9.666449E+008
  -7.286712E+011  -7.117863E+011   9.234377E+009   5.662970E+010  -1.282776E+010  -1.871897E+008
  -7.055899E+011  -6.888968E+011   2.923948E+010  -1.791018E+010   1.210965E+010   2.380648E+009
  -6.832433E+011  -6.667412E+011   4.764383E+010  -5.945104E+010  -5.780180E+009  -3.203152E+009
  -6.616075E+011  -6.452955E+011   6.446154E+010   1.581101E+009  -8.079054E+009   3.746107E+008
  -6.406595E+011  -6.245369E+011   7.970912E+010   4.640297E+010   9.715418E+009   8.556177E+008
  -6.203772E+011  -6.044429E+011   9.340571E+010  -6.270704E+009  -6.571553E+009  -5.835871E+008
  -6.007389E+011  -5.849922E+011   1.055732E+011  -4.904299E+010  -3.030348E+008  -7.233150E+008
  -5.817238E+011  -5.661639E+011   1.162366E+011  -1.016281E+009   2.117904E+009  -9.272795E+007
  -5.633120E+011  -5.479379E+011   1.254240E+011   3.963588E+010  -9.604242E+009   1.073627E+009
  -5.454837E+011  -5.302948E+011   1.331669E+011   1.409060E+009   1.453121E+010  -2.898943E+009
  -5.282204E+011  -5.132157E+011   1.395002E+011  -2.879366E+010  -1.468350E+010   2.155244E+009
  -5.115038E+011  -4.966825E+011   1.444625E+011  -8.267549E+008   3.891906E+008  -4.128684E+008
  -4.953162E+011  -4.806776E+011   1.480959E+011   1.156245E+010   1.439040E+010   9.869684E+008
  -4.796407E+011  -4.651840E+011   1.504466E+011  -1.016030E+010  -2.326315E+010  -2.895671E+009
  -4.644608E+011  -4.501852E+011   1.515642E+011  -7.224551E+009   1.667893E+010  -2.764391E+007
  -4.497606E+011  -4.356654E+011   1.515025E+011   6.770620E+009  -7.083064E+009  -3.486578E+008
  -4.355247E+011  -4.216091E+011   1.503188E+011  -3.770155E+009   1.729822E+007   9.775468E+008
  -4.217381E+011  -4.080014E+011   1.480743E+011  -2.146151E+009  -4.651480E+009   1.757928E+009
  -4.083865E+011  -3.948279E+011   1.448337E+011   1.077218E+010   9.828651E+009  -4.572368E+008
  -3.954559E+011  -3.820747E+011   1.406653E+011  -9.062245E+009  -9.445259E+009   1.205589E+009
  -3.829328E+011  -3.697284E+011   1.356407E+011  -1.783596E+010  -4.012299E+009   8.878764E+007
  -3.708042E+011  -3.577758E+011   1.298344E+011   1.305282E+010   1.542286E+010  -6.316791E+008
  -3.590575E+011  -3.462043E+011   1.233239E+011   8.195816E+009  -1.527296E+010   1.232470E+009
  -3.476803E+011  -3.350018E+011   1.161892E+011  -2.045964E+010   9.234152E+008   9.644965E+008
  -3.366609E+011  -3.241564E+011   1.085124E+011   3.631430E+009   7.060527E+009   1.996175E+008
  -3.259878E+011  -3.136566E+011   1.003773E+011   1.769812E+010  -4.169974E+009   1.391062E+009
  -3.156499E+011  -3.034915E+011   9.186919E+010  -1.729560E+010  -9.975072E+008   2.273898E+009
  -3.056366E+011  -2.936503E+011   8.307399E+010  -1.051848E+010  -4.888803E+009   1.240859E+009
  -2.959374E+011  -2.841226E+011   7.407800E+010   1.613286E+010   5.783266E+009  -4.805667E+008
  -2.865422E+011  -2.748985E+011   6.496726E+010  -5.250550E+009   4.290539E+009  -1.410515E+009
  -2.774415E+011  -2.659681E+011   5.582695E+010  -8.933276E+009  -1.058016E+010  -1.006829E+009
  -2.686257E+011  -2.573222E+011   4.674078E+010   9.996442E+009  -1.139051E+009   4.673944E+008
  -2.600857E+011  -2.489516E+011   3.779034E+010  -3.200100E+009   6.794411E+009   1.527276E+009
  -2.518128E+011  -2.408475E+011   2.905446E+010  -6.419476E+009  -6.397476E+008   5.441675E+008
  -2.437983E+011  -2.330015E+011   2.060851E+010   2.342549E+009  -1.299754E+009  -1.015889E+009
  -2.360341E+011  -2.254052E+011   1.252373E+010  -2.798838E+009  -4.893277E+008  -2.607507E+008
  -2.285121E+011  -2.180506E+011   4.866620E+009   2.943649E+009  -5.954407E+009   4.763327E+008
  -2.212245E+011  -2.109302E+011  -2.301799E+009  -1.229552E+009  -6.380474E+008  -9.843617E+008
  -2.141639E+011  -2.040364E+011  -8.926544E+009  -4.835079E+009   8.713287E+009  -9.493002E+007
  -2.073230E+011  -1.973619E+011  -1.495929E+010   5.933005E+009   1.116019E+009   4.814966E+008
  -2.006948E+011  -1.908997E+011  -2.035890E+010  -7.031245E+009  -5.109009E+009  -4.331270E+008
  -1.942725E+011  -1.846432E+011  -2.509195E+010  -1.716905E+009  -8.947396E+008   1.180233E+009
  -1.880495E+011  -1.785857E+011  -2.913308E+010   8.627223E+009  -9.065046E+008  -8.836499E+007
  -1.820193E+011  -1.727208E+011  -3.246541E+010  -9.456521E+009  -3.182384E+009   1.093919E+009
  -1.761759E+011  -1.670424E+011  -3.508078E+010   2.409243E+009  -3.061292E+009  -5.238293E+008
  -1.705133E+011  -1.615447E+011  -3.697985E+010   2.247725E+009   2.945663E+009   1.970005E+008
  -1.650255E+011  -1.562217E+011  -3.817223E+010  -7.916237E+009   5.786272E+009  -1.093640E+009
  -1.597072E+011  -1.510679E+011  -3.867636E+010   6.161882E+009   1.531085E+009   8.137846E+007
  -1.545527E+011  -1.460780E+011  -3.851934E+010  -2.385932E+009  -3.136354E+008   5.420710E+008
  -1.495570E+011  -1.412468E+011  -3.773661E+010  -1.411771E+009  -2.017146E+008  -2.830726E+008
  -1.447148E+011  -1.365690E+011  -3.637150E+010   6.055601E+008   2.889104E+009  -1.172318E+008
  -1.400213E+011  -1.320400E+011  -3.447465E+010  -1.998444E+009   2.171691E+009   5.962330E+007
  -1.354717E+011  -1.276548E+011  -3.210332E+010   7.679930E+008  -3.074276E+008  -9.158530E+006
  -1.310614E+011  -1.234090E+011  -2.932053E+010  -1.442416E+009  -2.228710E+009  -4.661545E+008
  -1.267859E+011  -1.192982E+011  -2.619413E+010   2.359204E+009  -2.389395E+009   1.282676E+008
  -1.226410E+011  -1.153179E+011  -2.279571E+010  -4.843850E+009   1.241483E+008   6.831485E+008
  -1.186224E+011  -1.114641E+011  -1.919949E+010   3.213571E+009   1.376279E+009  -3.430667E+008
  -1.147261E+011  -1.077327E+011  -1.548103E+010  -2.515626E+009   2.818317E+009   2.376119E+007
  -1.109482E+011  -1.041199E+011  -1.171597E+010   1.941183E+008   1.718658E+009  -5.155454E+008
  -1.072850E+011  -1.006219E+011  -7.978687E+009   1.492943E+009   1.593261E+009  -1.891214E+008
  -1.037327E+011  -9.723498E+010  -4.340950E+009  -4.124857E+009   3.485808E+008  -4.521887E+008
  -1.002879E+011  -9.395569E+010  -8.705867E+008   3.308758E+009   7.860952E+008  -3.750034E+007
  -9.694719E+010  -9.078059E+010   2.369798E+009  -3.274838E+009   2.168456E+008  -4.703730E+008
  -9.370725E+010  -8.770639E+010   5.324040E+009   2.224811E+009   6.344480E+008   9.800040E+007
  -9.056492E+010  -8.472989E+010   7.943517E+009  -1.973799E+009  -3.373531E+008  -3.210662E+008
  -8.751715E+010  -8.184800E+010   1.018813E+010   2.941452E+008  -3.987627E+008   2.454249E+007
  -8.456100E+010  -7.905772E+010   1.202710E+010  -9.210200E+008  -1.108693E+009   2.610386E+008
  -8.169363E+010  -7.635616E+010   1.343958E+010   9.796279E+008  -4.551682E+007  -1.453432E+008
  -7.891231E+010  -7.374051E+010   1.441510E+010  -1.760248E+009   8.515322E+008  -4.812684E+007
  -7.621443E+010  -7.120808E+010   1.495363E+010   1.451846E+009   2.651959E+009   4.600849E+007
  -7.359747E+010  -6.875623E+010   1.506562E+010  -2.700028E+009   2.583788E+009   8.796375E+006
  -7.105900E+010  -6.638243E+010   1.477154E+010   2.633134E+009   1.868378E+009  -1.252997E+008
  -6.859672E+010  -6.408421E+010   1.410133E+010  -2.852077E+009   2.715913E+008  -1.707139E+008
  -6.620840E+010  -6.185921E+010   1.309354E+010   2.087380E+009   4.640170E+008   6.526065E+007
  -6.389194E+010  -5.970511E+010   1.179420E+010  -2.513532E+009   1.919956E+009   2.136172E+008
  -6.164530E+010  -5.761969E+010   1.025550E+010   1.713675E+009   2.889091E+009   2.769592E+007
  -5.946658E+010  -5.560079E+010   8.534283E+009  -1.349799E+009   2.099538E+009   1.277323E+008
  -5.735394E+010  -5.364632E+010   6.690407E+009   3.160482E+008   5.077482E+008  -7.513092E+007
  -5.530565E+010  -5.175426E+010   4.784947E+009  -3.888332E+008   1.229040E+009   3.733794E+007
  -5.332007E+010  -4.992263E+010   2.878409E+009  -4.890486E+008   1.788839E+009  -8.590049E+007
  -5.139566E+010  -4.814955E+010   1.028918E+009   8.231659E+008   5.571815E+008   7.835723E+007
  -4.953096E+010  -4.643317E+010  -7.095199E+008  -1.615931E+009  -1.400442E+009   1.616486E+007
  -4.772461E+010  -4.477169E+010  -2.288623E+009   1.306776E+009  -1.081016E+009   1.289967E+008
  -4.597535E+010  -4.316339E+010  -3.667257E+009  -1.616381E+009  -6.563277E+008   2.220119E+008
  -4.428197E+010  -4.160658E+010  -4.812618E+009   1.312096E+009  -2.017244E+009   9.899150E+007
  -4.264339E+010  -4.009962E+010  -5.701118E+009  -1.379207E+009  -8.791413E+008   5.186873E+007
  -4.105859E+010  -3.864093E+010  -6.318954E+009   5.075148E+008   1.001096E+009  -4.227874E+007
  -3.952664E+010  -3.722896E+010  -6.662312E+009  -2.451903E+008   5.590961E+008  -1.864518E+008
  -3.804669E+010  -3.586222E+010  -6.737210E+009  -2.729069E+008   8.579811E+008  -1.250952E+008
  -3.661795E+010  -3.453924E+010  -6.558970E+009   3.462555E+007   8.822330E+008   9.188948E+007
  -3.523973E+010  -3.325860E+010  -6.151345E+009  -2.491055E+008  -1.061925E+009   1.197238E+008
  -3.391139E+010  -3.201892E+010  -5.545326E+009  -1.905926E+008  -9.875384E+008  -6.801412E+007
  -3.263235E+010  -3.081886E+010  -4.777690E+009   3.751194E+008  -3.012112E+008  -7.073768E+007
  -3.140210E+010  -2.965711E+010  -3.889332E+009  -1.036654E+009  -1.297320E+008   1.074738E+008
  -3.022017E+010  -2.853240E+010  -2.923475E+009   9.355911E+008   1.225677E+009   1.117565E+006
  -2.908613E+010  -2.744348E+010  -1.923816E+009  -8.817503E+008   1.797996E+008  -1.471711E+008
  -2.799962E+010  -2.638914E+010  -9.327127E+008   2.621191E+008  -6.018933E+008   3.284741E+007
  -2.696026E+010  -2.536822E+010   1.051942E+007  -1.155928E+008  -4.546974E+008  -6.519071E+006
  -2.596772E+010  -2.437958E+010   8.711226E+008  -2.670833E+008  -5.477452E+008  -1.110175E+008
  -2.502168E+010  -2.342210E+010   1.620147E+009   1.378739E+008   9.884000E+008   7.354867E+007
  -2.412180E+010  -2.249471E+010   2.235391E+009  -1.749399E+008   1.479215E+008  -4.209443E+007
  -2.326774E+010  -2.159637E+010   2.701984E+009  -2.721364E+008  -2.785383E+008  -2.949869E+007
  -2.245915E+010  -2.072607E+010   3.012605E+009   3.546338E+008  -4.714911E+008   6.878540E+007
  -2.169564E+010  -1.988284E+010   3.167327E+009  -4.791787E+008  -2.888170E+008  -6.593534E+007
  -2.097675E+010  -1.906575E+010   3.173118E+009   3.111570E+007   7.625470E+008   7.904644E+007
  -2.030201E+010  -1.827390E+010   3.043029E+009   1.961406E+008  -3.880079E+007  -1.505856E+006
  -1.967085E+010  -1.750642E+010   2.795142E+009  -5.134449E+008  -1.508991E+008   1.571884E+007
  -1.908266E+010  -1.676249E+010   2.451323E+009   3.420446E+008  -5.830728E+008   6.486733E+007
  -1.853670E+010  -1.604133E+010   2.035885E+009  -2.909352E+008   2.308369E+008  -3.662777E+007
  -1.803219E+010  -1.534220E+010   1.574211E+009   5.998706E+006   3.646692E+008   7.094149E+007
  -1.756823E+010  -1.466438E+010   1.091436E+009  -4.102391E+006  -4.513668E+007  -1.712977E+007
  -1.714380E+010  -1.400723E+010   6.112459E+008  -1.132074E+008  -1.675748E+008   1.851909E+007
  -1.675781E+010  -1.337011E+010   1.548557E+008  -8.771332E+007  -4.764054E+008   4.740049E+007
  -1.640905E+010  -1.275244E+010  -2.597969E+008   1.721508E+008   3.456429E+008  -2.547291E+007
  -1.609619E+010  -1.215369E+010  -6.186063E+008  -3.928525E+008   1.731619E+008   5.534267E+007
  -1.581781E+010  -1.157335E+010  -9.115990E+008   2.939776E+008   4.492412E+007   2.683441E+007
  -1.557240E+010  -1.101096E+010  -1.132985E+009  -2.304152E+008  -1.700748E+008   1.903467E+006
  -1.535834E+010  -1.046607E+010  -1.280981E+009  -3.020723E+006  -3.698379E+008   6.981991E+007
  -1.517394E+010  -9.938307E+009  -1.357441E+009   1.978541E+007   1.435864E+008   3.727690E+007
  -1.501742E+010  -9.427288E+009  -1.367336E+009  -1.095781E+008   1.342558E+008  -2.131737E+007
  -1.488694E+010  -8.932679E+009  -1.318130E+009   3.471135E+007   1.482935E+008  -1.245712E+007
  -1.478062E+010  -8.454163E+009  -1.219096E+009  -4.950745E+007   8.834318E+007  -7.306335E+006
  -1.469655E+010  -7.991449E+009  -1.080630E+009  -9.293678E+007  -2.651063E+008  -1.856999E+007
  -1.463267E+010  -7.544262E+009  -9.135909E+008   1.239239E+008  -1.738187E+008  -5.709382E+006
  -1.458748E+010  -7.112334E+009  -7.287038E+008  -2.042948E+008  -2.861322E+007  -3.659049E+005
  -1.455723E+010  -6.695460E+009  -5.360658E+008   1.344564E+008  -8.107367E+007  -2.139663E+007
  -1.454693E+010  -6.293195E+009  -3.447040E+008  -1.520672E+008   1.080678E+008   8.646409E+006
  -1.452789E+010  -5.906212E+009  -1.624531E+008   9.375876E+007   2.298823E+008   3.998937E+007
  -1.460146E+010  -5.530336E+009   4.827632E+006  -1.024119E+008   7.233211E+007  -7.149726E+005
  -1.436795E+010  -5.182167E+009   1.510891E+008   1.696465E+007   4.021119E+007   3.655167E+007
  -1.536074E+010  -4.790396E+009   2.782651E+008  -2.009927E+007   9.197350E+007   1.051081E+007
  -1.165163E+010  -4.652143E+009   3.662097E+008  -1.818296E+007   6.897181E+007   3.555082E+007
  -2.613311E+010  -3.532235E+009   4.822018E+008  -7.937320E+005  -3.507573E+007   3.753485E+006
   2.968541E+010  -6.527485E+009   3.782746E+008  -5.724327E+007  -7.770991E+007   2.061010E+007
