 -2.676050315462954E-187 -1.141838721956283E-006  0.000000000000000E+000
  5.352100630925907E-187 -1.141838721956283E-006  4.355095896096456E-185
 -1.873235220824067E-186 -1.141838721956283E-006 -1.742038358438582E-184
  6.957730820203372E-186 -1.141838721956283E-006  6.532643844144977E-184
 -2.595768805999057E-185 -1.141838721956283E-006 -2.438853701814024E-183
  9.687302141975895E-185 -1.141838721956283E-006  9.102150422841597E-183
 -3.615343976190452E-184 -1.141838721956283E-006 -3.396974798955236E-182
  1.349264569056362E-183 -1.141838721956283E-006  1.267768415353735E-181
 -5.035523878606626E-183 -1.141838721956283E-006 -4.731376181519207E-181
  1.879283094537014E-182 -1.141838721956283E-006  1.765773631072309E-180
 -7.013579990287395E-182 -1.141838721956283E-006 -6.589956906137316E-180
  2.617503686661139E-181 -1.141838721956283E-006  2.459405399347806E-179
 -9.768656747616254E-181 -1.141838721956283E-006 -9.178625906777079E-179
  3.645712330380388E-180 -1.141838721956283E-006  3.425509822776051E-178
 -1.360598364675993E-179 -1.141838721956283E-006 -1.278417670042650E-177
  5.077822225665705E-179 -1.141838721956283E-006  4.771119697893207E-177
 -1.895069053798768E-178 -1.141838721956283E-006 -1.780606112152938E-176
  7.072493992628499E-178 -1.141838721956283E-006  6.645312478822433E-176
 -2.639490691671524E-177 -1.141838721956283E-006 -2.480064380313679E-175
  9.850713367423246E-177 -1.141838721956283E-006  9.255726273372475E-175
 -3.676336277801982E-176 -1.141838721956283E-006 -3.454284071317777E-174
  1.372027377446622E-175 -1.141838721956283E-006  1.289156365793328E-173
 -5.120475882006289E-175 -1.141838721956283E-006 -4.811197056041537E-173
  1.910987615057854E-174 -1.141838721956283E-006  1.795563185837282E-172
 -7.131902872030466E-174 -1.141838721956283E-006 -6.701133037745274E-172
  2.661662387306521E-173 -1.141838721956283E-006  2.500896896514270E-171
 -9.933459262023037E-173 -1.141838721956283E-006 -9.333474282282552E-171
  3.707217466078563E-172 -1.141838721956283E-006  3.483300023261594E-170
 -1.383552393811133E-171 -1.141838721956283E-006 -1.299985266481870E-169
  5.163487828636908E-171 -1.141838721956283E-006  4.851611063601106E-169
 -1.927039892073649E-170 -1.141838721956283E-006 -1.810645898792255E-168
  7.191810785430907E-170 -1.141838721956283E-006  6.757422488808911E-168
 -2.684020324964878E-169 -1.141838721956283E-006 -2.521904405644452E-167
  1.001690022131687E-168 -1.141838721956283E-006  9.411875373696496E-167
 -3.738358056030261E-168 -1.141838721956283E-006 -3.512559708914154E-166
  1.395174220198936E-167 -1.141838721956283E-006  1.310905129828697E-165
 -5.206861075192485E-167 -1.141838721956283E-006 -4.892364548423590E-165
  1.943227008057188E-166 -1.141838721956283E-006  1.825855306386485E-164
 -7.252221924709500E-166 -1.141838721956283E-006 -6.814184770703581E-164
  2.706566069078081E-165 -1.141838721956283E-006  2.543088377642784E-163
 -1.010104208384093E-164 -1.141838721956283E-006 -9.490935033501203E-163
  3.769760226628732E-164 -1.141838721956283E-006  3.542065175636045E-162
 -1.406893669813083E-163 -1.141838721956283E-006 -1.321916719919406E-161
  5.250598656589462E-163 -1.141838721956283E-006  4.933460362114020E-161
 -1.959550095654476E-162 -1.141838721956283E-006 -1.841192472853667E-160
  7.313140516958632E-162 -1.141838721956283E-006  6.871423855203576E-160
 -2.729301197218128E-161 -1.141838721956283E-006 -2.564450294795949E-159
  1.018589073717665E-160 -1.141838721956283E-006  9.570658793663440E-159
 -3.801426175148846E-160 -1.141838721956283E-006 -3.571818487985781E-158
  1.418711562687709E-159 -1.141838721956283E-006  1.333020807257738E-157
 -5.294703633236188E-159 -1.141838721956283E-006 -4.974901380232151E-157
  1.976010297025705E-158 -1.141838721956283E-006  1.856658471367087E-156
 -7.374570824779202E-158 -1.141838721956283E-006 -6.929143747445133E-156
  2.752227300208988E-157 -1.141838721956283E-006  2.585991651841460E-155
 -1.027145211835849E-156 -1.141838721956283E-006 -9.651052232620897E-155
  3.833358117322496E-156 -1.141838721956283E-006  3.601821727864213E-154
 -1.430628725745414E-155 -1.141838721956283E-006 -1.344218168819476E-153
  5.339179091249168E-155 -1.141838721956283E-006  5.016690502491709E-153
 -1.992608763925216E-154 -1.141838721956283E-006 -1.872254384114653E-152
  7.436517146575943E-154 -1.141838721956283E-006  6.987348486209440E-152
 -2.775345982237857E-153 -1.141838721956283E-006 -2.607713956072311E-151
  1.035773221429383E-152 -1.141838721956283E-006  9.732120975668300E-151
 -3.865558287493575E-152 -1.141838721956283E-006 -3.632076994660252E-150
  1.442645992854557E-151 -1.141838721956283E-006  1.355509588107357E-149
 -5.384028142668868E-151 -1.141838721956283E-006 -5.058830652963405E-149
  2.009346657782091E-150 -1.141838721956283E-006  1.887981302374626E-148
 -7.498983816861311E-150 -1.141838721956283E-006 -7.046042144202322E-148
  2.798658860966315E-149 -1.141838721956283E-006  2.629618727443467E-147
 -1.044473706217936E-148 -1.141838721956283E-006 -9.813870695353413E-147
  3.898028938775026E-148 -1.141838721956283E-006  3.662586405397100E-146
 -1.454764204888249E-147 -1.141838721956283E-006 -1.366895855205275E-145
  5.429253925675374E-147 -1.141838721956283E-006  5.101324780281505E-145
 -2.026225149781369E-146 -1.141838721956283E-006 -1.903840326592032E-144
  7.561975206557771E-146 -1.141838721956283E-006  7.105228828340135E-144
 -2.822167567645034E-145 -1.141838721956283E-006 -2.651707498676792E-143
  1.053247274992413E-144 -1.141838721956283E-006  9.896307111873374E-143
 -3.930772343205234E-144 -1.141838721956283E-006 -3.693352094881588E-142
  1.466984209782852E-143 -1.141838721956283E-006  1.378377766833901E-141
 -5.474859604810763E-143 -1.141838721956283E-006 -5.144175857847560E-141
  2.043245420946020E-142 -1.141838721956283E-006  1.919832566455634E-140
 -7.625495723303173E-142 -1.141838721956283E-006 -7.164912680037620E-140
  2.845873747226667E-141 -1.141838721956283E-006  2.673981815369484E-139
 -1.062094541657612E-140 -1.141838721956283E-006 -9.979435993474399E-139
  3.963790791907779E-140 -1.141838721956283E-006  3.724376215852812E-138
 -1.479306862597384E-139 -1.141838721956283E-006 -1.389956126406349E-137
  5.520848371198755E-139 -1.141838721956283E-006  5.187386884040116E-137
 -2.060408662219719E-138 -1.141838721956283E-006 -1.935959140975455E-136
  7.689549811759168E-138 -1.141838721956283E-006  7.225097875497647E-136
 -2.869779058481632E-137 -1.141838721956283E-006 -2.696443236101573E-135
  1.071016125275085E-136 -1.141838721956283E-006  1.006326315685630E-134
 -3.997086595252087E-136 -1.141838721956283E-006 -3.755660939132448E-134
  1.491733025573359E-135 -1.141838721956283E-006  1.401631744084385E-133
 -5.567223442768104E-135 -1.141838721956283E-006 -5.230960882424411E-133
  2.077716074549952E-134 -1.141838721956283E-006  1.952221178561282E-132
 -7.754141953922996E-134 -1.141838721956283E-006 -7.285788626002687E-132
  2.893885174114139E-133 -1.141838721956283E-006  2.719093332545007E-131
 -1.080012650106426E-132 -1.141838721956283E-006 -1.014779446757976E-130
  4.030662083014378E-132 -1.141838721956283E-006  3.787208453777319E-130
 -1.504263568195075E-131 -1.141838721956283E-006 -1.413405436835161E-129
  5.613988064478988E-131 -1.141838721956283E-006  5.274900901962796E-129
 -2.095168868972041E-130 -1.141838721956283E-006 -1.968619817101646E-128
  7.819276669440439E-130 -1.141838721956283E-006  7.346989178210141E-128
 -2.918193780878972E-129 -1.141838721956283E-006 -2.741933689573891E-127
  1.089084745657160E-128 -1.141838721956283E-006  1.023303584047478E-126
 -4.064519604540743E-128 -1.141838721956283E-006 -3.819020967232523E-126
  1.516899367250615E-127 -1.141838721956283E-006  1.425278028488230E-125
 -5.661145508548384E-127 -1.141838721956283E-006 -5.319210017229666E-125
  2.112768266694246E-126 -1.141838721956283E-006  1.985156204043088E-124
 -7.884958515922318E-126 -1.141838721956283E-006 -7.408703814449218E-124
  2.942706579699437E-125 -1.141838721956283E-006  2.764965905375440E-123
 -1.098233046720576E-124 -1.141838721956283E-006 -1.031899324005661E-122
  4.098661528912269E-124 -1.141838721956283E-006  3.851100705485185E-122
 -1.529641306892884E-123 -1.141838721956283E-006 -1.437250349793476E-121
  5.708699074680183E-123 -1.141838721956283E-006  5.363891328625504E-121
 -2.130515499182831E-122 -1.141838721956283E-006 -2.001831496470809E-120
  7.951192089263308E-122 -1.141838721956283E-006  7.470936853020685E-120
 -2.967425285786975E-121 -1.141838721956283E-006 -2.788191591561256E-119
  1.107458193422157E-120 -1.141838721956283E-006  1.040567268094296E-118
 -4.133090245110022E-120 -1.141838721956283E-006 -3.883449913220970E-118
  1.542490278701793E-119 -1.141838721956283E-006  1.449323238478958E-117
 -5.756652090296043E-119 -1.141838721956283E-006 -5.408947962593857E-117
  2.148411808248236E-118 -1.141838721956283E-006  2.018646861189647E-116
 -8.017982023963526E-118 -1.141838721956283E-006 -7.533692648499034E-116
  2.992351628760585E-117 -1.141838721956283E-006  2.811612373280649E-115
 -1.116760831264574E-116 -1.141838721956283E-006 -1.049308022827293E-114
  4.167808162182329E-116 -1.141838721956283E-006  3.916070853981018E-114
 -1.555447181746440E-115 -1.141838721956283E-006 -1.461497539309710E-113
  5.805007910767653E-115 -1.141838721956283E-006  5.454383071840618E-113
 -2.166458446132369E-114 -1.141838721956283E-006 -2.035603474805321E-112
  8.085332993452709E-114 -1.141838721956283E-006  7.596975592037223E-112
 -3.017487352767916E-113 -1.141838721956283E-006 -2.835229889334293E-111
  1.126141611172639E-112 -1.141838721956283E-006  1.058122199813345E-110
 -4.202817709413765E-112 -1.141838721956283E-006 -3.948965810319951E-110
  1.568512922648172E-111 -1.141838721956283E-006  1.473774104146712E-109
 -5.853769919651573E-111 -1.141838721956283E-006 -5.500199835554607E-109
  2.184656675595813E-110 -1.141838721956283E-006  2.052702523807172E-108
 -8.153249710418091E-110 -1.141838721956283E-006 -7.660790111673227E-108
  3.042834216607588E-109 -1.141838721956283E-006  2.859045792288638E-107
 -1.135601189538854E-108 -1.141838721956283E-006 -1.067010415798723E-106
  4.238121336494752E-108 -1.141838721956283E-006  3.982137083965938E-106
 -1.581688415644015E-107 -1.141838721956283E-006 -1.486153792006503E-105
  5.902941528926455E-107 -1.141838721956283E-006  5.546401459629542E-105
 -2.203007770006180E-106 -1.141838721956283E-006 -2.069945204651167E-104
  8.221736927132257E-106 -1.141838721956283E-006  7.725140672641539E-104
 -3.068393993852285E-105 -1.141838721956283E-006 -2.883061748591499E-103
  1.145140228269591E-104 -1.141838721956283E-006  1.075973292710184E-102
 -4.273721513692947E-104 -1.141838721956283E-006 -4.015586995981766E-102
  1.594974582650292E-103 -1.141838721956283E-006  1.498637469121621E-101
 -5.952526179231871E-103 -1.141838721956283E-006 -5.592991176888308E-101
  2.221513013427719E-102 -1.141838721956283E-006  2.087332723843161E-100
 -8.290799435787503E-102 -1.141838721956283E-006 -7.790031777683989E-100
  3.094168472972229E-101 -1.141838721956283E-006  2.907279438689280E-099
 -1.154759394831042E-100 -1.141838721956283E-006 -1.085011457698848E-098
  4.309620732026850E-100 -1.141838721956283E-006  4.049317886926553E-098
 -1.608372353327671E-099 -1.141838721956283E-006 -1.511226009000703E-097
  6.002527340107869E-099 -1.141838721956283E-006  5.639972247310281E-097
 -2.240173700710429E-098 -1.141838721956283E-006 -2.104866298023995E-096
  8.360442068830930E-098 -1.141838721956283E-006  7.855467967364950E-096
 -3.120159457461260E-097 -1.141838721956283E-006 -2.931700557143646E-095
  1.164459362296194E-096 -1.141838721956283E-006  1.094125543183809E-094
 -4.345821503438751E-096 -1.141838721956283E-006 -4.083332117020780E-094
  1.621882665145880E-095 -1.141838721956283E-006  1.523920292489931E-093
 -6.052948510239514E-095 -1.141838721956283E-006 -5.687347958257773E-093
  2.258991137581217E-094 -1.141838721956283E-006  2.122547154054116E-092
 -8.430669699301102E-094 -1.141838721956283E-006 -7.921453820390510E-092
  3.146368765962319E-093 -1.141838721956283E-006  2.956326812750792E-091
 -1.174240809391891E-092 -1.141838721956283E-006 -1.103316186896436E-090
  4.382326360971427E-092 -1.141838721956283E-006  4.117632066310575E-090
 -1.635506463449345E-091 -1.141838721956283E-006 -1.536721207834621E-089
  6.103793217700375E-091 -1.141838721956283E-006  5.735121624707296E-089
 -2.277966640735215E-090 -1.141838721956283E-006 -2.140376529099456E-088
  8.501487241170449E-090 -1.141838721956283E-006  7.987993953927452E-088
 -3.172798232394799E-089 -1.141838721956283E-006 -2.981159928660902E-087
  1.184104420546215E-088 -1.141838721956283E-006  1.112584031925087E-086
 -4.419137858945381E-088 -1.141838721956283E-006 -4.152220134834256E-086
  1.649244701523494E-087 -1.141838721956283E-006  1.549629650741228E-085
 -6.155065020199437E-087 -1.141838721956283E-006 -5.783296589481489E-085
  2.297101537927477E-086 -1.141838721956283E-006  2.158355670718424E-084
 -8.572899649689964E-086 -1.141838721956283E-006 -8.055093023925547E-084
  3.199449706083166E-085 -1.141838721956283E-006  3.006201642498444E-083
 -1.194050885936367E-084 -1.141838721956283E-006 -1.121929726760122E-082
  4.456258573137250E-084 -1.141838721956283E-006  4.187098742790550E-082
 -1.663098340661263E-083 -1.141838721956283E-006 -1.562646524440208E-081
  6.206767505331192E-083 -1.141838721956283E-006  5.831876223481906E-081
 -2.316397168066349E-082 -1.141838721956283E-006 -2.176485836948742E-080
  8.644911921732476E-082 -1.141838721956283E-006  8.122755725446595E-080
 -3.226325051886355E-081 -1.141838721956283E-006 -3.031453706483764E-079
  1.204080901537190E-080 -1.141838721956283E-006  1.131353925339065E-078
 -4.493691100960224E-080 -1.141838721956283E-006 -4.222270330707789E-078
  1.677068350230333E-079 -1.141838721956283E-006  1.575772739749244E-077
 -6.258904290825449E-079 -1.141838721956283E-006 -5.880863925926066E-077
  2.335854881307094E-078 -1.141838721956283E-006  2.194768296395551E-076
 -8.717529096146026E-078 -1.141838721956283E-006 -8.190986792989413E-076
  3.253426150327628E-077 -1.141838721956283E-006  3.056917887556278E-075
 -1.214195169169618E-076 -1.141838721956283E-006 -1.140857287092592E-074
  4.531438061645608E-076 -1.141838721956283E-006  4.257737359614833E-074
 -1.691155707741281E-075 -1.141838721956283E-006 -1.589009215136674E-073
  6.311479024800850E-075 -1.141838721956283E-006  5.930263124584948E-073
 -2.355476039146106E-074 -1.141838721956283E-006 -2.213204328320411E-072
  8.790756254104534E-074 -1.141838721956283E-006  8.259791000822966E-072
 -3.280754897727057E-073 -1.141838721956283E-006 -3.082595967497283E-071
  1.224394396549860E-072 -1.141838721956283E-006  1.150440476990606E-070
 -4.569502096426528E-072 -1.141838721956283E-006 -4.293502311212889E-070
  1.705361398915663E-071 -1.141838721956283E-006  1.602356876786059E-069
 -6.364495386019859E-071 -1.141838721956283E-006 -5.980077276023082E-069
  2.375262014516377E-070 -1.141838721956283E-006  2.231795222730627E-068
 -8.864598519463721E-070 -1.141838721956283E-006 -8.329173163320012E-068
  3.308313206333850E-069 -1.141838721956283E-006  3.108489743054942E-067
 -1.234679297338875E-068 -1.141838721956283E-006 -1.160104165588803E-066
  4.607885868722117E-068 -1.141838721956283E-006  4.329567688049717E-066
 -1.719686417754998E-067 -1.141838721956283E-006 -1.615816658660970E-065
  6.417957084147778E-067 -1.141838721956283E-006  6.030309865838909E-065
 -2.395214191883611E-066 -1.141838721956283E-006 -2.250542280469466E-064
  8.939061059119272E-066 -1.141838721956283E-006  8.399138135294351E-064
 -3.336103004459497E-065 -1.141838721956283E-006 -3.134601026070654E-063
  1.245050591192606E-064 -1.141838721956283E-006  1.169849029075318E-062
 -4.646592064324473E-064 -1.141838721956283E-006 -4.365936013694207E-062
  1.734131766610491E-063 -1.141838721956283E-006  1.629389502570188E-061
 -6.471867860009513E-063 -1.141838721956283E-006 -6.080964408911330E-061
  2.415333967342810E-062 -1.141838721956283E-006  2.269446813307462E-060
 -9.014149083370287E-062 -1.141838721956283E-006 -8.469690812338716E-060
  3.364126236613759E-061 -1.141838721956283E-006  3.160931643604810E-059
 -1.255509003811800E-060 -1.141838721956283E-006 -1.179675749318537E-058
  4.685623391586038E-060 -1.141838721956283E-006  4.402609832913470E-058
 -1.748698456253157E-059 -1.141838721956283E-006 -1.643076358233608E-057
  6.526231485854022E-059 -1.141838721956283E-006  6.132044449643086E-057
 -2.435622748716293E-058 -1.141838721956283E-006 -2.288510144033874E-056
  9.089867846279973E-058 -1.141838721956283E-006  8.540836131170994E-056
 -3.392384863640360E-057 -1.141838721956283E-006 -3.187483438065010E-055
  1.266055266993316E-056 -1.141838721956283E-006  1.189585013914321E-054
 -4.724982581609332E-056 -1.141838721956283E-006 -4.439591711850683E-054
  1.763387505944362E-055 -1.141838721956283E-006  1.656878183348878E-053
 -6.581051765616662E-055 -1.141838721956283E-006 -6.183553562210305E-053
  2.456081955652229E-054 -1.141838721956283E-006  2.307733606549234E-052
 -9.166222646047047E-054 -1.141838721956283E-006 -8.612579069976097E-052
  3.420880862853595E-053 -1.141838721956283E-006  3.214258267335516E-051
 -1.276690118680996E-052 -1.141838721956283E-006 -1.199577516234419E-050
  4.764672388438625E-052 -1.141838721956283E-006  4.476884238204123E-050
 -1.778199943507310E-051 -1.141838721956283E-006 -1.670795943658244E-049
  6.636332535185380E-051 -1.141838721956283E-006  6.235495350812566E-049
 -2.476713019723476E-050 -1.141838721956283E-006 -2.327118545959150E-048
  9.243218825375363E-050 -1.141838721956283E-006  8.684924648755342E-048
 -3.449616228177722E-049 -1.141838721956283E-006 -3.241258004906294E-047
  1.287414303017364E-048 -1.141838721956283E-006  1.209653955474937E-046
 -4.804695589251575E-048 -1.141838721956283E-006 -4.514490021409221E-046
  1.793136805398933E-047 -1.141838721956283E-006  1.684830613016157E-045
 -6.692077662670426E-047 -1.141838721956283E-006 -6.287873449923844E-045
  2.497517384528332E-046 -1.141838721956283E-006  2.346666318667869E-044
 -9.320861771846079E-046 -1.141838721956283E-006 -8.757877929679288E-044
  3.478592970285598E-045 -1.141838721956283E-006  3.268484540004928E-043
 -1.298228570395837E-044 -1.141838721956283E-006 -1.219815036705124E-042
  4.845054984554573E-044 -1.141838721956283E-006  4.552411692820207E-042
 -1.808199136782245E-043 -1.141838721956283E-006 -1.698983173457571E-041
  6.748291048673672E-043 -1.141838721956283E-006  6.340691524548120E-041
 -2.518496505791244E-042 -1.141838721956283E-006 -2.366378292473491E-040
  9.399156918297403E-042 -1.141838721956283E-006  8.831444017439348E-040
 -3.507813116739836E-041 -1.141838721956283E-006 -3.295939777728390E-039
  1.309133677512990E-040 -1.141838721956283E-006  1.230061470916935E-038
 -4.885753398377865E-040 -1.141838721956283E-006 -4.590651905895004E-038
  1.823387991599888E-039 -1.141838721956283E-006  1.713254615266270E-037
 -6.804976626561764E-039 -1.141838721956283E-006 -6.393953270475578E-037
  2.539651851464661E-038 -1.141838721956283E-006  2.386255846663658E-036
 -9.478109743202465E-038 -1.141838721956283E-006 -8.905628059607073E-036
  3.537278712134598E-037 -1.141838721956283E-006  3.323625639176389E-035
 -1.320130387421815E-036 -1.141838721956283E-006 -1.240393975074485E-034
  4.926793678473689E-036 -1.141838721956283E-006  4.629213336380403E-034
 -1.838704432647294E-035 -1.141838721956283E-006 -1.727645937044713E-033
  6.862138362741963E-035 -1.141838721956283E-006  6.447662414540667E-033
 -2.560984901832055E-034 -1.141838721956283E-006 -2.406300372111796E-032
  9.557725771053814E-034 -1.141838721956283E-006  8.980435246993316E-032
 -3.566991818238398E-033 -1.141838721956283E-006 -3.351544061586072E-031
  1.331219469584791E-032 -1.141838721956283E-006  1.250813272164524E-030
 -4.968178696515435E-032 -1.141838721956283E-006 -4.668098682499383E-030
  1.854149531647654E-031 -1.141838721956283E-006  1.742158145783339E-029
 -6.919780256939223E-031 -1.141838721956283E-006 -6.501822714883273E-029
  2.582497149610867E-030 -1.141838721956283E-006  2.426513271375029E-028
 -9.638010572749757E-030 -1.141838721956283E-006 -9.055870814011588E-028
  3.596954514138817E-029 -1.141838721956283E-006  3.379696998467131E-027
 -1.342401699928000E-028 -1.141838721956283E-006 -1.261320091246765E-026
  5.009911348298116E-028 -1.141838721956283E-006  4.707310665140347E-026
 -1.869724369326489E-027 -1.141838721956283E-006 -1.756792256931423E-025
  6.977906342476139E-027 -1.141838721956283E-006  6.556437961211658E-025
 -2.604190100057751E-026 -1.141838721956283E-006 -2.446895958791575E-024
  9.718969765983385E-026 -1.141838721956283E-006  9.131940039045137E-024
 -3.627168896387660E-025 -1.141838721956283E-006 -3.408086419738821E-023
  1.353677860895230E-024 -1.141838721956283E-006  1.271915167505077E-022
 -5.051994553942042E-024 -1.141838721956283E-006 -4.746852028046532E-022
  1.885430035487335E-023 -1.141838721956283E-006  1.771549294468066E-021
 -7.036520686554981E-023 -1.141838721956283E-006 -6.611511975067756E-021
  2.626065271073259E-022 -1.141838721956283E-006  2.467449860580296E-020
 -9.800609015637979E-022 -1.141838721956283E-006 -9.208648244813995E-020
  3.657637079147702E-021 -1.141838721956283E-006  3.436714311867723E-019
 -1.365048741502701E-020 -1.141838721956283E-006 -1.282599242298949E-018
  5.094431258096149E-020 -1.141838721956283E-006  4.786725538008918E-018
 -1.901267629088188E-019 -1.141838721956283E-006 -1.786430290973672E-017
  7.095627390543024E-019 -1.141838721956283E-006  6.667048610093968E-017
 -2.648124193217699E-018 -1.141838721956283E-006 -2.488176414891027E-016
  9.882935298467161E-018 -1.141838721956283E-006  9.286001484501255E-016
 -3.687250983498165E-017 -1.141838721956283E-006 -3.464980550122047E-015
  1.996409213084736E-016 -1.141838721956283E-006  1.629531570728453E-014
  5.106692295067912E-016 -1.141838721956283E-006  1.112738021464991E-013
  1.544778475292334E-015 -1.141838721956283E-006  3.128689551911648E-013
  4.553533733051956E-015 -1.141838721956283E-006  9.211803064134238E-013
  1.333474256447203E-014 -1.141838721956283E-006  2.680456698279553E-012
  3.866146589592153E-014 -1.141838721956283E-006  7.707368680816686E-012
  1.111728799268077E-013 -1.141838721956283E-006  2.203338763758408E-011
  3.166444074807948E-013 -1.141838721956283E-006  6.224132570271535E-011
  8.929501691685734E-013 -1.141838721956283E-006  1.741320708489334E-010
  2.492811076969625E-012 -1.141838721956283E-006  4.820552899709697E-010
  6.885840817633776E-012 -1.141838721956283E-006  1.319757966090051E-009
  1.881184562951674E-011 -1.141838721956283E-006  3.571725777575559E-009
  5.080404762946161E-011 -1.141838721956283E-006  9.549964048582489E-009
  1.355591608521964E-010 -1.141838721956283E-006  2.521257923904587E-008
  3.571767085469839E-010 -1.141838721956283E-006  6.568446876312893E-008
  9.287793313628459E-010 -1.141838721956283E-006  1.687599224176057E-007
  2.382116493031686E-009 -1.141838721956283E-006  4.273303200821232E-007
  6.022513221360401E-009 -1.141838721956283E-006  1.065788431586558E-006
  1.500031490622814E-008 -1.141838721956283E-006  2.616481673790891E-006
  3.678555931576869E-008 -1.141838721956283E-006  6.318796364572187E-006
  8.876888518602695E-008 -1.141838721956283E-006  1.500230801588910E-005
  2.106737612958292E-007 -1.141838721956283E-006  3.499731291085449E-005
  4.914690614513641E-007 -1.141838721956283E-006  8.017165336693499E-005
  1.126417758417868E-006 -1.141838721956283E-006  1.802543047191026E-004
  2.535217624980472E-006 -1.141838721956283E-006  3.975688434404348E-004
  5.600838902553779E-006 -1.141838721956283E-006  8.598041729232602E-004
  1.214055458581431E-005 -1.141838721956283E-006  1.822478239120584E-003
  2.581154180251652E-005 -1.141838721956283E-006  3.784714847346157E-003
  5.380706049431933E-005 -1.141838721956283E-006  7.697724304447135E-003
  1.099493006015839E-004 -1.141838721956283E-006  1.532917021298407E-002
  2.201759680667841E-004 -1.141838721956283E-006  2.988060125107201E-002
  4.320026770652158E-004 -1.141838721956283E-006  5.700070727461352E-002
  8.303769911549007E-004 -1.141838721956283E-006  0.106393615635773     
  1.563464355241068E-003 -1.141838721956283E-006  0.194284187256039     
  2.883326073367200E-003 -1.141838721956283E-006  0.347060734193913     
  5.208099096898299E-003 -1.141838721956283E-006  0.606451328872010     
  9.213989882643657E-003 -1.141838721956283E-006   1.03657581780910     
  1.596682343480692E-002 -1.141838721956283E-006   1.73311747555383     
  2.710354414650820E-002 -1.141838721956283E-006   2.83463921902275     
  4.507328423509334E-002 -1.141838721956283E-006   4.53569920593152     
  7.344463445431371E-002 -1.141838721956283E-006   7.10088828268477     
  0.117279833430180      -1.141838721956283E-006   10.8782393944359     
  0.183567220270302      -1.141838721956283E-006   16.3097150172089     
  0.281690413467467      -1.141838721956283E-006   23.9357831166051     
  0.423896929376920      -1.141838721956283E-006   34.3906113286934     
  0.625711849158817      -1.141838721956283E-006   48.3843342556431     
  0.906226102690284      -1.141838721956283E-006   66.6693599746732     
   1.28817711627430      -1.141838721956283E-006   89.9889009679417     
   1.79773545850885      -1.141838721956283E-006   119.007857527911     
   2.46391793580775      -1.141838721956283E-006   154.228721646999     
   3.31756756217084      -1.141838721956283E-006   195.898025407469     
   4.38987448889149      -1.141838721956283E-006   243.911616044955     
   5.71045765795584      -1.141838721956283E-006   297.729210495744     
   7.30508060214009      -1.141838721956283E-006   356.309785110022     
   9.19313033885047      -1.141838721956283E-006   418.079018183848     
   11.3850382349362      -1.141838721956283E-006   480.938046661936     
   13.8798583527261      -1.141838721956283E-006   542.319300792567     
   16.6632354454742      -1.141838721956283E-006   599.290485252712     
   19.7059870030621      -1.141838721956283E-006   648.702452426161     
   22.9634902275101      -1.141838721956283E-006   687.371473307041     
   26.3760077340743      -1.141838721956283E-006   712.281987481541     
   29.8700106532799      -1.141838721956283E-006   720.792939889095     
   33.3604727697205      -1.141838721956283E-006   710.829717468722     
   36.7540239206013      -1.141838721956283E-006   681.044640261847     
   39.9527746927585      -1.141838721956283E-006   630.931805232690     
   42.8585658225289      -1.141838721956283E-006   560.886435490915     
   45.3773605748857      -1.141838721956283E-006   472.204174409322     
   47.4234896805347      -1.141838721956283E-006   367.021317747969     
   48.9234758505915      -1.141838721956283E-006   248.202144114610     
   49.8192052461385      -1.141838721956283E-006   119.183736249618     
   50.0702710637108      -1.141838721956283E-006  -16.2083991927943     
   49.6553827396563      -1.141838721956283E-006  -153.959190420019     
   48.5728058954215      -1.141838721956283E-006  -290.062686006457     
   46.8398662379652      -1.141838721956283E-006  -420.707290771903     
   44.4916095693816      -1.141838721956283E-006  -542.436654037357     
   41.5787558525291      -1.141838721956283E-006  -652.278326243643     
   38.1651157434627      -1.141838721956283E-006  -747.835573055296     
   34.3246527084060      -1.141838721956283E-006  -827.340925733899     
   30.1383738680268      -1.141838721956283E-006  -889.672878735055     
   25.6912202619257      -1.141838721956283E-006  -934.339429909389     
   21.0691052183832      -1.141838721956283E-006  -961.433794524752     
   16.3562211607665      -1.141838721956283E-006  -971.568591206590     
   11.6327036325500      -1.141838721956283E-006  -965.795141798488     
   6.97270938988154      -1.141838721956283E-006  -945.514340558604     
   2.44293538734991      -1.141838721956283E-006  -912.384951397513     
  -1.89842094557925      -1.141838721956283E-006  -868.234314060409     
  -6.00228150667181      -1.141838721956283E-006  -814.975406000509     
  -9.82892537894203      -1.141838721956283E-006  -754.533125083898     
  -13.3478941543773      -1.141838721956283E-006  -688.781617029712     
  -16.5376207424096      -1.141838721956283E-006  -619.493534473794     
  -19.3848400749236      -1.141838721956283E-006  -548.301322171430     
  -21.8838390501741      -1.141838721956283E-006  -476.669995188324     
  -24.0355993349246      -1.141838721956283E-006  -405.880416214754     
  -25.8468810587540      -1.141838721956283E-006  -337.021775010325     
  -27.3292887084572      -1.141838721956283E-006  -270.991808279825     
  -28.4983532826826      -1.141838721956283E-006  -208.503248977012     
  -29.3726574985112      -1.141838721956283E-006  -150.095034874311     
  -29.9730239321334      -1.141838721956283E-006  -96.1469125865555     
  -30.3217796905880      -1.141838721956283E-006  -46.8962229730038     
  -30.4421057147625      -1.141838721956283E-006  -2.45582748088680     
  -30.3574741851676      -1.141838721956283E-006   37.1676826029493     
  -30.0911737540142      -1.141838721956283E-006   72.0561732033054     
  -29.6659194227172      -1.141838721956283E-006   102.363062850531     
  -29.1035417520408      -1.141838721956283E-006   128.297688784640     
  -28.4247486405803      -1.141838721956283E-006   150.111176748685     
  -27.6489520343271      -1.141838721956283E-006   168.083939531762     
  -26.7941515319769      -1.141838721956283E-006   182.514842480881     
  -25.8768668282586      -1.141838721956283E-006   193.712006939867     
  -24.9121112000265      -1.141838721956283E-006   201.985173008031     
  -23.9133987070971      -1.141838721956283E-006   207.639508586240     
  -22.8927783835769      -1.141838721956283E-006   210.970730106542     
  -21.8608893793872      -1.141838721956283E-006   212.261389021227     
  -20.8270317308975      -1.141838721956283E-006   211.778174992120     
  -19.7992481593369      -1.141838721956283E-006   209.770089627463     
  -18.7844129904650      -1.141838721956283E-006   206.467351941476     
  -17.7883249409044      -1.141838721956283E-006   202.080906971739     
  -16.8158011141580      -1.141838721956283E-006   196.802421007247     
  -15.8707700862058      -1.141838721956283E-006   190.804659771540     
  -14.9563624342427      -1.141838721956283E-006   184.242158942184     
  -14.0749974731218      -1.141838721956283E-006   177.252109051326     
  -13.2284653149428      -1.141838721956283E-006   169.955388810529     
  -12.4180036619787      -1.141838721956283E-006   162.457691921097     
  -11.6443689866244      -1.141838721956283E-006   154.850702442565     
  -10.9079019494693      -1.141838721956283E-006   147.213282673403     
  -10.2085870633372      -1.141838721956283E-006   139.612645302863     
  -9.54610673234455      -1.141838721956283E-006   132.105488360827     
  -8.91988988567830      -1.141838721956283E-006   124.739077258112     
  -8.32915549041727      -1.141838721956283E-006   117.552263121386     
  -7.77295127046423      -1.141838721956283E-006   110.576430684578     
  -7.25018798330333      -1.141838721956283E-006   103.836372367866     
  -6.75966961618004      -1.141838721956283E-006   97.3510878586989     
  -6.30011986145808      -1.141838721956283E-006   91.1345106368057     
  -5.87020522000511      -1.141838721956283E-006   85.1961644720700     
  -5.46855506391507      -1.141838721956283E-006   79.5417540635328     
  -5.09377896778361      -1.141838721956283E-006   74.1736947106072     
  -4.74448159298859      -1.141838721956283E-006   69.0915862837875     
  -4.41927538355744      -1.141838721956283E-006   64.2926368373204     
  -4.11679130654950      -1.141838721956283E-006   59.7720410443913     
  -3.83568784545642      -1.141838721956283E-006   55.5233182912788     
  -3.57465843269871      -1.141838721956283E-006   51.5386147921850     
  -3.33243748731265      -1.141838721956283E-006   47.8089735595068     
  -3.10780520661039      -1.141838721956283E-006   44.3245754947925     
  -2.89959124594597      -1.141838721956283E-006   41.0749543443564     
  -2.70667740851498      -1.141838721956283E-006   38.0491877808928     
  -2.52799945705912      -1.141838721956283E-006   35.2360664751664     
  -2.36254815100639      -1.141838721956283E-006   32.6242427139291     
  -2.20936960553660      -1.141838721956283E-006   30.2023598963005     
  -2.06756506289524      -1.141838721956283E-006   27.9591641051826     
  -1.93629016062122      -1.141838721956283E-006   25.8835988781782     
  -1.81475377591952      -1.141838721956283E-006   23.9648842819089     
  -1.70221651996743      -1.141838721956283E-006   22.1925814184154     
  -1.59798895040011      -1.141838721956283E-006   20.5566435082949     
  -1.50142956449954      -1.141838721956283E-006   19.0474547527069     
  -1.41194262972752      -1.141838721956283E-006   17.6558581850541     
  -1.32897590227325      -1.141838721956283E-006   16.3731737505482     
  -1.25201827830008      -1.141838721956283E-006   15.1912078301765     
  -1.18059741668176      -1.141838721956283E-006   14.1022554104655     
  -1.11427736631193      -1.141838721956283E-006   13.0990960379151     
  -1.05265622566059      -1.141838721956283E-006   12.1749846384424     
 -0.995363857192385      -1.141838721956283E-006   11.3236381961786     
 -0.942059674630581      -1.141838721956283E-006   10.5392191968231     
 -0.892430516877020      -1.141838721956283E-006   9.81631664208853     
 -0.846188618698729      -1.141838721956283E-006   9.14992534617346     
 -0.803069685075282      -1.141838721956283E-006   8.53542412250458     
 -0.762831073345938      -1.141838721956283E-006   7.96855338265669     
 -0.725250084980200      -1.141838721956283E-006   7.44539257506503     
 -0.690122366892277      -1.141838721956283E-006   6.96233781658335     
 -0.657260420681133      -1.141838721956283E-006   6.51607999495927     
 -0.626492216971993      -1.141838721956283E-006   6.10358355868048     
 -0.597659911116372      -1.141838721956283E-006   5.72206615467870     
 -0.570618655837491      -1.141838721956283E-006   5.36897922819461     
 -0.545235505946660      -1.141838721956283E-006   5.04198965975303     
 -0.521388409971068      -1.141838721956283E-006   4.73896248123480     
 -0.498965283391756      -1.141838721956283E-006   4.45794468717218     
 -0.477863158162415      -1.141838721956283E-006   4.19715013664259     
 -0.457987403243642      -1.141838721956283E-006   3.95494552420996     
 -0.439251011020556      -1.141838721956283E-006   3.72983738673028     
 -0.421573944655318      -1.141838721956283E-006   3.52046010393545     
 -0.404882541648469      -1.141838721956283E-006   3.32556484363304     
 -0.389108969128879      -1.141838721956283E-006   3.14400939989141     
 -0.374190726651757      -1.141838721956283E-006   2.97474886928148     
 -0.360070192552897      -1.141838721956283E-006   2.81682710992870     
 -0.346694210174410      -1.141838721956283E-006   2.66936892906114     
 -0.334013710541117      -1.141838721956283E-006   2.53157294511957     
 -0.321983368322993      -1.141838721956283E-006   2.40270507328713     
 -0.310561288164967      -1.141838721956283E-006   2.28209258469805     
 -0.299708718699042      -1.141838721956283E-006   2.16911869325483     
 -0.289389791773823      -1.141838721956283E-006   2.06321762581830     
 -0.279571284647549      -1.141838721956283E-006   1.96387013347743     
 -0.270222403068955      -1.141838721956283E-006   1.87059941307011     
 -0.261314583404365      -1.141838721956283E-006   1.78296737380844     
 -0.252821311934735      -1.141838721956283E-006   1.70057132834268     
 -0.244717960345223      -1.141838721956283E-006   1.62304066029326     
 -0.236981633788493      -1.141838721956283E-006   1.55003499956387     
 -0.229591038415996      -1.141838721956283E-006   1.48123806218744     
 -0.222526336634670      -1.141838721956283E-006   1.41636884492795     
 -0.215769103089530      -1.141838721956283E-006   1.35512911768151     
 -0.209301954690515      -1.141838721956283E-006   1.29738962272127     
 -0.203109442555647      -1.141838721956283E-006   1.24248629699769     
 -0.197174275829955      -1.141838721956283E-006   1.19183869386101     
 -0.191491004638792      -1.141838721956283E-006   1.13917064924429     
 -0.169098821768914      -1.141838721956283E-006  0.952922114372673     
 -0.150274623344418      -1.141838721956283E-006  0.805815277762229     
 -0.134297457682449      -1.141838721956283E-006  0.686924972652444     
 -0.120627977085999      -1.141838721956283E-006  0.590209177439990     
 -0.108845024244415      -1.141838721956283E-006  0.510667432811355     
 -9.861955064285595E-002 -1.141838721956283E-006  0.444694509822385     
 -8.969076257113882E-002 -1.141838721956283E-006  0.389518618091854     
 -8.185016339936975E-002 -1.141838721956283E-006  0.343025452533109     
 -7.492944506200723E-002 -1.141838721956283E-006  0.303574516606300     
 -6.879158503560236E-002 -1.141838721956283E-006  0.269883311063058     
 -6.332412750465594E-002 -1.141838721956283E-006  0.240939077372457     
 -5.843408886734047E-002 -1.141838721956283E-006  0.215935292865777     
 -5.404404944735416E-002 -1.141838721956283E-006  0.194224348823361     
 -5.008912944449087E-002 -1.141838721956283E-006  0.175282258315171     
 -4.651462794250143E-002 -1.141838721956283E-006  0.158681999180673     
 -4.327416444424706E-002 -1.141838721956283E-006  0.144073220123219     
 -4.032820447709397E-002 -1.141838721956283E-006  0.131166651085448     
 -3.764288127274504E-002 -1.141838721956283E-006  0.119722030756657     
 -3.518904751003672E-002 -1.141838721956283E-006  0.109538684373835     
 -3.294150719477209E-002 -1.141838721956283E-006  0.100448115788808     
 -3.087838960377238E-002 -1.141838721956283E-006  9.230814239750237E-002
 -2.898063603460960E-002 -1.141838721956283E-006  8.499822082063985E-002
 -2.723157670914680E-002 -1.141838721956283E-006  7.841569818856728E-002
 -2.561658017031973E-002 -1.141838721956283E-006  7.247278784159862E-002
 -2.412276131077192E-002 -1.141838721956283E-006  6.709411567893730E-002
 -2.273873708448946E-002 -1.141838721956283E-006  6.221471880593597E-002
 -2.145442120076976E-002 -1.141838721956283E-006  5.777840478286352E-002
 -2.026085084654500E-002 -1.141838721956283E-006  5.373639997966648E-002
 -1.915003984860828E-002 -1.141838721956283E-006  5.004623095157886E-002
 -1.811485376122118E-002 -1.141838721956283E-006  4.667079458382793E-002
 -1.714890321392595E-002 -1.141838721956283E-006  4.357758190324990E-002
 -1.624645252979722E-002 -1.141838721956283E-006  4.073802755555949E-002
 -1.540234116422687E-002 -1.141838721956283E-006  3.812696251077712E-002
 -1.461191594797264E-002 -1.141838721956283E-006  3.572215191970216E-002
 -1.387097246819831E-002 -1.141838721956283E-006  3.350390349851476E-002
 -1.317570420496058E-002 -1.141838721956283E-006  3.145473455587697E-002
 -1.252265827165085E-002 -1.141838721956283E-006  2.955908796093548E-002
 -1.190869679679928E-002 -1.141838721956283E-006  2.780308910508068E-002
 -1.133096313973763E-002 -1.141838721956283E-006  2.617433731467865E-002
 -1.078685226041280E-002 -1.141838721956283E-006  2.466172631768835E-002
 -1.027398466935133E-002 -1.141838721956283E-006  2.325528928496427E-002
 -9.790183471528715E-003 -1.141838721956283E-006  2.194606472663803E-002
 -9.333454090975435E-003 -1.141838721956283E-006  2.072598013559503E-002
 -8.901966324036057E-003 -1.141838721956283E-006  1.958775077884074E-002
 -8.494038420399870E-003 -1.141838721956283E-006  1.852479145225722E-002
 -8.108122934078419E-003 -1.141838721956283E-006  1.753113936040569E-002
 -7.742794122830380E-003 -1.141838721956283E-006  1.660138656590486E-002
 -7.396736705243862E-003 -1.141838721956283E-006  1.573062069465796E-002
 -7.068735810745378E-003 -1.141838721956283E-006  1.491437277595408E-002
 -6.757667979971766E-003 -1.141838721956283E-006  1.414857126738525E-002
 -6.462493091822984E-003 -1.141838721956283E-006  1.342950145049219E-002
 -6.182247109677041E-003 -1.141838721956283E-006  1.275376950112819E-002
 -5.916035553084877E-003 -1.141838721956283E-006  1.211827063779286E-002
 -5.663027613151502E-003 -1.141838721956283E-006  1.152016083394523E-002
 -5.422450840047048E-003 -1.141838721956283E-006  1.095683165182051E-002
 -5.193586339916533E-003 -1.141838721956283E-006  1.042588781569282E-002
 -4.975764426106428E-003 -1.141838721956283E-006  9.925127191974206E-003
 -4.768360676210497E-003 -1.141838721956283E-006  9.452522893582480E-003
 -4.570792352281216E-003 -1.141838721956283E-006  9.006207245157383E-003
 -4.382515146263998E-003 -1.141838721956283E-006  8.584457432403015E-003
 -4.203020217648688E-003 -1.141838721956283E-006  8.185682551009607E-003
 -4.031831493438204E-003 -1.141838721956283E-006  7.808412049536975E-003
 -3.868503204194354E-003 -1.141838721956283E-006  7.451285229938419E-003
 -3.712617633165666E-003 -1.141838721956283E-006  7.113041838867296E-003
 -3.563783057357215E-003 -1.141838721956283E-006  6.792513543306639E-003
 -3.421631862249016E-003 -1.141838721956283E-006  6.488616231023143E-003
 -3.285818813556535E-003 -1.141838721956283E-006  6.200343037727259E-003
 -3.156019471278282E-003 -1.141838721956283E-006  5.926758026093681E-003
 -3.031928732794246E-003 -1.141838721956283E-006  5.666990449565646E-003
 -2.913259493154004E-003 -1.141838721956283E-006  5.420229539569217E-003
 -2.799741411907195E-003 -1.141838721956283E-006  5.185719764087130E-003
 -2.691119776903771E-003 -1.141838721956283E-006  4.962756509237519E-003
 -2.587154456450304E-003 -1.141838721956283E-006  4.750682142623506E-003
 -2.487618932058677E-003 -1.141838721956283E-006  4.548882420269628E-003
 -2.392299404784865E-003 -1.141838721956283E-006  4.356783204191849E-003
 -2.300993968831860E-003 -1.141838721956283E-006  4.173847460366172E-003
 -2.213511846696178E-003 -1.141838721956283E-006  3.999572510766602E-003
 -2.129672680679622E-003 -1.141838721956283E-006  3.833487515143744E-003
 -2.049305876073753E-003 -1.141838721956283E-006  3.675151161487097E-003
 -1.972249991757748E-003 -1.141838721956283E-006  3.524149545746500E-003
 -1.898352174344367E-003 -1.141838721956283E-006  3.380094223430140E-003
 -1.827467632357150E-003 -1.141838721956283E-006  3.242620417903612E-003
 -1.759459147239399E-003 -1.141838721956283E-006  3.111385370910527E-003
 -1.694196618281452E-003 -1.141838721956283E-006  2.986066823084184E-003
 -1.631556638807546E-003 -1.141838721956283E-006  2.866361612857093E-003
 -1.571422101197548E-003 -1.141838721956283E-006  2.751984383529154E-003
 -1.513681828527431E-003 -1.141838721956283E-006  2.642666389215162E-003
 -1.458230230802828E-003 -1.141838721956283E-006  2.538154391178515E-003
 -1.404966983931380E-003 -1.141838721956283E-006  2.438209637019739E-003
 -1.353796729735381E-003 -1.141838721956283E-006  2.342606915702160E-003
 -1.304628795448451E-003 -1.141838721956283E-006  2.251133682140694E-003
 -1.257376931267144E-003 -1.141838721956283E-006  2.163589245747815E-003
 -1.211959064645933E-003 -1.141838721956283E-006  2.079784017560851E-003
 -1.168297070130506E-003 -1.141838721956283E-006  1.999538811375092E-003
 -1.126316553620011E-003 -1.141838721956283E-006  1.922684194522963E-003
 -1.085946650038078E-003 -1.141838721956283E-006  1.849059884313065E-003
 -1.047119833472781E-003 -1.141838721956283E-006  1.778514186627991E-003
 -1.009771738918496E-003 -1.141838721956283E-006  1.710903473363019E-003
 -9.738409948205607E-004 -1.141838721956283E-006  1.646091695686886E-003
 -9.392690656846888E-004 -1.141838721956283E-006  1.583949930434936E-003
 -9.060001040692654E-004 -1.141838721956283E-006  1.524355957076589E-003
 -8.739808113302740E-004 -1.141838721956283E-006  1.467193862994221E-003
 -8.431603065357126E-004 -1.141838721956283E-006  1.412353674930742E-003
 -8.134900030097827E-004 -1.141838721956283E-006  1.359731014696223E-003
 -7.849234920067845E-004 -1.141838721956283E-006  1.309226777335316E-003
 -7.574164330512409E-004 -1.141838721956283E-006  1.260746830136853E-003
 -7.309264505141930E-004 -1.141838721956283E-006  1.214201730981199E-003
 -7.054130360269795E-004 -1.141838721956283E-006  1.169506464599014E-003
 -6.808374563617292E-004 -1.141838721956283E-006  1.126580195559705E-003
 -6.571626664340837E-004 -1.141838721956283E-006  1.085346036715121E-003
 -6.343532271084561E-004 -1.141838721956283E-006  1.045730832056660E-003
 -6.123752275075679E-004 -1.141838721956283E-006  1.007664953025494E-003
 -5.911962115489676E-004 -1.141838721956283E-006  9.710821072763840E-004
 -5.707851084507978E-004 -1.141838721956283E-006  9.359191590702231E-004
 -5.511121669653298E-004 -1.141838721956283E-006  9.021159605952271E-004
 -5.321488931165094E-004 -1.141838721956283E-006  8.696151932697017E-004
 -5.138679912319693E-004 -1.141838721956283E-006  8.383622186371085E-004
 -4.962433080737688E-004 -1.141838721956283E-006  8.083049379585659E-004
 -4.792497798858077E-004 -1.141838721956283E-006  7.793936601168513E-004
 -4.628633821869648E-004 -1.141838721956283E-006  7.515809771800940E-004
 -4.470610821507833E-004 -1.141838721956283E-006  7.248216471782461E-004
 -4.318207934223818E-004 -1.141838721956283E-006  6.990724836173619E-004
 -4.171213332331031E-004 -1.141838721956283E-006  6.742922512890184E-004
 -4.029423816821708E-004 -1.141838721956283E-006  6.504415679977224E-004
 -3.892644430630695E-004 -1.141838721956283E-006  6.274828117960830E-004
 -3.760688091197791E-004 -1.141838721956283E-006  6.053800334441088E-004
 -3.633375241253112E-004 -1.141838721956283E-006  5.840988736927248E-004
 -3.510533516818312E-004 -1.141838721956283E-006  5.636064851536727E-004
 -3.391997431474905E-004 -1.141838721956283E-006  5.438714584461007E-004
 -3.277608076011837E-004 -1.141838721956283E-006  5.248637523627131E-004
 -3.167212832616888E-004 -1.141838721956283E-006  5.065546278211577E-004
 -3.060665102827250E-004 -1.141838721956283E-006  4.889165853608794E-004
 -2.957824048502595E-004 -1.141838721956283E-006  4.719233059780356E-004
 -2.858554345125807E-004 -1.141838721956283E-006  4.555495951135043E-004
 -2.762725946779563E-004 -1.141838721956283E-006  4.397713295778656E-004
 -2.670213862184051E-004 -1.141838721956283E-006  4.245654072828689E-004
 -2.580897941217681E-004 -1.141838721956283E-006  4.099096995674139E-004
 -2.494662671376064E-004 -1.141838721956283E-006  3.957830060191001E-004
 -2.411396983655025E-004 -1.141838721956283E-006  3.821650116040752E-004
 -2.330994067375259E-004 -1.141838721956283E-006  3.690362459958606E-004
 -2.253351193489913E-004 -1.141838721956283E-006  3.563780449907634E-004
 -2.178369545946569E-004 -1.141838721956283E-006  3.441725138407483E-004
 -2.105954060696072E-004 -1.141838721956283E-006  3.324024924761869E-004
 -2.036013271964537E-004 -1.141838721956283E-006  3.210515224235174E-004
 -1.968459165426816E-004 -1.141838721956283E-006  3.101038154077659E-004
 -1.903207037938202E-004 -1.141838721956283E-006  2.995442234762777E-004
 -1.840175363501353E-004 -1.141838721956283E-006  2.893582106199491E-004
 -1.779285665162488E-004 -1.141838721956283E-006  2.795318257548491E-004
 -1.720462392547313E-004 -1.141838721956283E-006  2.700516770487766E-004
 -1.663632804763099E-004 -1.141838721956283E-006  2.609049074592273E-004
 -1.608726858407898E-004 -1.141838721956283E-006  2.520791714792215E-004
 -1.555677100441471E-004 -1.141838721956283E-006  2.435626129690771E-004
 -1.504418565686202E-004 -1.141838721956283E-006  2.353438440667136E-004
 -1.454888678737269E-004 -1.141838721956283E-006  2.274119250817186E-004
 -1.407027160074632E-004 -1.141838721956283E-006  2.197563453441030E-004
 -1.360775936177873E-004 -1.141838721956283E-006  2.123670049568573E-004
 -1.316079053458139E-004 -1.141838721956283E-006  2.052341973805131E-004
 -1.272882595828435E-004 -1.141838721956283E-006  1.983485928554381E-004
 -1.231134605743745E-004 -1.141838721956283E-006  1.917012225612724E-004
 -1.190785008551781E-004 -1.141838721956283E-006  1.852834635262999E-004
 -1.151785540001652E-004 -1.141838721956283E-006  1.790870242138017E-004
 -1.114089676766712E-004 -1.141838721956283E-006  1.731039307743415E-004
 -1.077652569844563E-004 -1.141838721956283E-006  1.673265139122627E-004
 -1.042430980704230E-004 -1.141838721956283E-006  1.617473963526642E-004
 -1.008383220056441E-004 -1.141838721956283E-006  1.563594808666193E-004
 -9.754690891299865E-005 -1.141838721956283E-006  1.511559388319454E-004
 -9.436498233421745E-005 -1.141838721956283E-006  1.461301993043901E-004
 -9.128880382569543E-005 -1.141838721956283E-006  1.412759385728655E-004
 -8.831476777298069E-005 -1.141838721956283E-006  1.365870701733829E-004
 -8.543939641431932E-005 -1.141838721956283E-006  1.320577353430475E-004
 -8.265933506407404E-005 -1.141838721956283E-006  1.276822938920268E-004
 -7.997134752732190E-005 -1.141838721956283E-006  1.234553154696992E-004
 -7.737231169731571E-005 -1.141838721956283E-006  1.193715712136667E-004
 -7.485921532789792E-005 -1.141838721956283E-006  1.154260257550343E-004
 -7.242915197334460E-005 -1.141838721956283E-006  1.116138295701284E-004
 -7.007931708843798E-005 -1.141838721956283E-006  1.079303116587647E-004
 -6.780700428193936E-005 -1.141838721956283E-006  1.043709725338021E-004
 -6.560960171692898E-005 -1.141838721956283E-006  1.009314775098524E-004
 -6.348458865178247E-005 -1.141838721956283E-006  9.760765027500221E-005
 -6.142953211586080E-005 -1.141838721956283E-006  9.439546673280538E-005
 -5.944208371422610E-005 -1.141838721956283E-006  9.129104910550348E-005
 -5.751997655600883E-005 -1.141838721956283E-006  8.829066027809129E-005
 -5.566102230122363E-005 -1.141838721956283E-006  8.539069838759875E-005
 -5.386310832114399E-005 -1.141838721956283E-006  8.258769162413401E-005
 -5.212419496751149E-005 -1.141838721956283E-006  7.987829326138701E-005
 -5.044231294608006E-005 -1.141838721956283E-006  7.725927687821273E-005
 -4.881556079021564E-005 -1.141838721956283E-006  7.472753178885434E-005
 -4.724210243042001E-005 -1.141838721956283E-006  7.228005865062638E-005
 -4.572016485589552E-005 -1.141838721956283E-006  6.991396525682250E-005
 -4.424803586434491E-005 -1.141838721956283E-006  6.762646250008102E-005
 -4.282406189646809E-005 -1.141838721956283E-006  6.541486049578816E-005
 -4.144664595169218E-005 -1.141838721956283E-006  6.327656486911914E-005
 -4.011424558184544E-005 -1.141838721956283E-006  6.120907318569642E-005
 -3.882537095967123E-005 -1.141838721956283E-006  5.920997152867338E-005
 -3.757858301911051E-005 -1.141838721956283E-006  5.727693121633532E-005
 -3.637249166451616E-005 -1.141838721956283E-006  5.540770564423991E-005
 -3.520575404602847E-005 -1.141838721956283E-006  5.360012726165221E-005
 -3.407707289843870E-005 -1.141838721956283E-006  5.185210466343389E-005
 -3.298519494103939E-005 -1.141838721956283E-006  5.016161980024043E-005
 -3.192890933599872E-005 -1.141838721956283E-006  4.852672530036560E-005
 -3.090704620294232E-005 -1.141838721956283E-006  4.694554189650674E-005
 -2.991847518749523E-005 -1.141838721956283E-006  4.541625595752996E-005
 -2.896210408163292E-005 -1.141838721956283E-006  4.393711711617631E-005
 -2.803687749378122E-005 -1.141838721956283E-006  4.250643599334999E-005
 -2.714177556667378E-005 -1.141838721956283E-006  4.112258201186339E-005
 -2.627581274106573E-005 -1.141838721956283E-006  3.978398129835937E-005
 -2.543803656346745E-005 -1.141838721956283E-006  3.848911466861875E-005
 -2.462752653613107E-005 -1.141838721956283E-006  3.723651569457384E-005
 -2.384339300759031E-005 -1.141838721956283E-006  3.602476884844636E-005
 -2.308477610212595E-005 -1.141838721956283E-006  3.485250772178384E-005
 -2.235084468656617E-005 -1.141838721956283E-006  3.371841331822077E-005
 -2.164079537290831E-005 -1.141838721956283E-006  3.262121241398359E-005
 -2.095385155529817E-005 -1.141838721956283E-006  3.155967598733504E-005
 -2.028926247994370E-005 -1.141838721956283E-006  3.053261771210376E-005
 -1.964630234659614E-005 -1.141838721956283E-006  2.953889251479955E-005
 -1.902426944028292E-005 -1.141838721956283E-006  2.857739519112456E-005
 -1.842248529200407E-005 -1.141838721956283E-006  2.764705908337202E-005
 -1.784029386716571E-005 -1.141838721956283E-006  2.674685481157985E-005
 -1.727706078054945E-005 -1.141838721956283E-006  2.587578906315347E-005
 -1.673217253666302E-005 -1.141838721956283E-006  2.503290343186050E-005
 -1.620503579435005E-005 -1.141838721956283E-006  2.421727331232336E-005
 -1.569507665458032E-005 -1.141838721956283E-006  2.342800683978448E-005
 -1.520173997037468E-005 -1.141838721956283E-006  2.266424388230942E-005
 -1.472448867784384E-005 -1.141838721956283E-006  2.192515507592054E-005
 -1.426280314738314E-005 -1.141838721956283E-006  2.120994090629321E-005
 -1.381618055407167E-005 -1.141838721956283E-006  2.051783083281901E-005
 -1.338413426638179E-005 -1.141838721956283E-006  1.984808245379865E-005
 -1.296619325233574E-005 -1.141838721956283E-006  1.919998071116758E-005
 -1.256190150229110E-005 -1.141838721956283E-006  1.857283713216147E-005
 -1.217081746757956E-005 -1.141838721956283E-006  1.796598910646953E-005
 -1.179251351427211E-005 -1.141838721956283E-006  1.737879919582945E-005
 -1.142657539139374E-005 -1.141838721956283E-006  1.681065447441755E-005
 -1.107260171297099E-005 -1.141838721956283E-006  1.626096589606815E-005
 -1.073020345336088E-005 -1.141838721956283E-006  1.572916768617368E-005
 -1.039900345537105E-005 -1.141838721956283E-006  1.521471675470224E-005
 -1.007863595076743E-005 -1.141838721956283E-006  1.471709212583522E-005
 -9.768746092855193E-006 -1.141838721956283E-006  1.423579438031236E-005
 -9.468989500900758E-006 -1.141838721956283E-006  1.377034510678277E-005
 -9.179031816285917E-006 -1.141838721956283E-006  1.332028635433527E-005
 -8.898548270393800E-006 -1.141838721956283E-006  1.288518008386002E-005
 -8.627223264357493E-006 -1.141838721956283E-006  1.246460760836579E-005
 -8.364749960948086E-006 -1.141838721956283E-006  1.205816901847780E-005
 -8.110829889026442E-006 -1.141838721956283E-006  1.166548258312398E-005
 -7.865172561155759E-006 -1.141838721956283E-006  1.128618411923667E-005
 -7.627495105142536E-006 -1.141838721956283E-006  1.091992632071669E-005
 -7.397521910464821E-006 -1.141838721956283E-006  1.056637803857499E-005
 -7.174984290735597E-006 -1.141838721956283E-006  1.022522350261875E-005
 -6.959620163548753E-006 -1.141838721956283E-006  9.896161475724198E-006
 -6.751173749253498E-006 -1.141838721956283E-006  9.578904331085845E-006
 -6.549395290393671E-006 -1.141838721956283E-006  9.273177044253541E-006
 -6.354040793729677E-006 -1.141838721956283E-006  8.978716091210761E-006
 -6.164871796924681E-006 -1.141838721956283E-006  8.695268245920662E-006
 -5.981655162111202E-006 -1.141838721956283E-006  8.422589271362617E-006
 -5.804162898649353E-006 -1.141838721956283E-006  8.160442501123698E-006
 -5.632172017437644E-006 -1.141838721956283E-006  7.908597309870391E-006
 -5.465464419123084E-006 -1.141838721956283E-006  7.666827475669927E-006
 -5.303826818471647E-006 -1.141838721956283E-006  7.434909439232281E-006
 -5.147050706983008E-006 -1.141838721956283E-006  7.212620471512097E-006
 -4.994932355561153E-006 -1.141838721956283E-006  6.999736763703654E-006
 -4.847272858670207E-006 -1.141838721956283E-006  6.796031461305933E-006
 -4.703878220892617E-006 -1.141838721956283E-006  6.601272668409791E-006
 -4.564559486181931E-006 -1.141838721956283E-006  6.415221454482938E-006
 -4.429132909332283E-006 -1.141838721956283E-006  6.237629903286657E-006
 -4.297420168301407E-006 -1.141838721956283E-006  6.068239247037431E-006
 -4.169248615014847E-006 -1.141838721956283E-006  5.906778136956181E-006
 -4.044451561162817E-006 -1.141838721956283E-006  5.752961103373021E-006
 -3.922868594315241E-006 -1.141838721956283E-006  5.606487263005811E-006
 -3.804345918438556E-006 -1.141838721956283E-006  5.467039331835193E-006
 -3.688736711653950E-006 -1.141838721956283E-006  5.334283001367348E-006
 -3.575901492869480E-006 -1.141838721956283E-006  5.207866733291340E-006
 -3.465708487809769E-006 -1.141838721956283E-006  5.087422021104283E-006
 -3.358033984009687E-006 -1.141838721956283E-006  4.972564159574536E-006
 -3.252762663596602E-006 -1.141838721956283E-006  4.862893550485364E-006
 -3.149787902215795E-006 -1.141838721956283E-006  4.757997560124862E-006
 -3.049012022316723E-006 -1.141838721956283E-006  4.657452925839043E-006
 -2.950346489250282E-006 -1.141838721956283E-006  4.560828692625862E-006
 -2.853712039268075E-006 -1.141838721956283E-006  4.467689638913530E-006
 -2.759038729583019E-006 -1.141838721956283E-006  4.377600132554407E-006
 -2.666265902129615E-006 -1.141838721956283E-006  4.290128337841661E-006
 -2.575342054547052E-006 -1.141838721956283E-006  4.204850676623944E-006
 -2.486224614130888E-006 -1.141838721956283E-006  4.121356432800838E-006
 -2.398879613008462E-006 -1.141838721956283E-006  4.039252376452582E-006
 -2.313281265472122E-006 -1.141838721956283E-006  3.958167281067402E-006
 -2.229411451257756E-006 -1.141838721956283E-006  3.877756193807640E-006
 -2.147259111037154E-006 -1.141838721956283E-006  3.797704367070373E-006
 -2.066819564036255E-006 -1.141838721956283E-006  3.717730602674936E-006
 -1.988093756199006E-006 -1.141838721956283E-006  3.637590396768843E-006
 -1.911087463674352E-006 -1.141838721956283E-006  3.557076969069566E-006
 -1.835810424352955E-006 -1.141838721956283E-006  3.476026955901502E-006
 -1.762275571254783E-006 -1.141838721956283E-006  3.394305201275883E-006
 -1.690497795506214E-006 -1.141838721956283E-006  3.311863916077217E-006
 -1.620494452734613E-006 -1.141838721956283E-006  3.228520632071147E-006
 -1.552279427983559E-006 -1.141838721956283E-006  3.144782072758404E-006
 -1.485881379392021E-006 -1.141838721956283E-006  3.058761270195571E-006
 -1.421271952390376E-006 -1.141838721956283E-006  2.977671867076136E-006
 -1.358630255729914E-006 -1.141838721956283E-006  2.874917004924250E-006
 -1.297352709538118E-006 -1.141838721956283E-006  2.850219829882067E-006
 -1.239745587620220E-006 -1.141838721956283E-006  2.531990720896802E-006
 -1.177241895394129E-006 -1.141838721956283E-006  3.307704451540045E-006
 -1.141838721956283E-006 -1.141838721956283E-006  0.000000000000000E+000
