  7.622044609253224E-057
  1.278638569108976E-056
  2.686571851293501E-057
 -2.789265592298554E-056
 -4.699307102049389E-056
 -1.016595774365647E-056
  1.020445543408495E-055
  1.726663294882526E-055
  3.842369524347450E-056
 -3.732224468498003E-055
 -6.342579456081015E-055
 -1.450678290729600E-055
  1.364645467099896E-054
  2.329190807424911E-054
  5.471196454741740E-055
 -4.988179657258207E-054
 -8.551088365648066E-054
 -2.061336452787992E-054
  1.822763454765138E-053
  3.138419500566228E-053
  7.758634172363237E-054
 -6.658556730383507E-053
 -1.151515424972395E-052
 -2.917456267400514E-053
  2.431570238498531E-052
  4.223703003946094E-052
  1.096017665682650E-052
 -8.876577836686255E-052
 -1.548735596240163E-051
 -4.113722358446760E-052
  3.239300101327993E-051
  5.676971118378219E-051
  1.542643222187705E-051
 -1.181675494651480E-050
 -2.080206849231692E-050
 -5.779853498864746E-051
  4.309044148906735E-050
  7.619762639426419E-050
  2.163692917260905E-050
 -1.570699980709954E-049
 -2.790074448586308E-049
 -8.092961831282197E-050
  5.723064809691002E-049
  1.021230041644395E-048
  3.024524316432032E-049
 -2.084396726064983E-048
 -3.736443933868826E-048
 -1.129400816112382E-048
  7.588241326901778E-048
  1.366512870865485E-047
  4.213891479756494E-048
 -2.761233945707080E-047
 -4.995537290349942E-047
 -1.570958648920210E-047
  1.004288245861003E-046
  1.825392688581268E-046
  5.851852560186950E-047
 -3.650882964732611E-046
 -6.666961393039575E-046
 -2.178057867836662E-046
  1.326515897463208E-045
  2.433820139019651E-045
  8.100134249718867E-046
 -4.817170774117408E-045
 -8.880322112762339E-045
 -3.009956852459316E-045
  1.748340342252994E-044
  3.238462046754901E-044
  1.117560872033438E-044
 -6.341657944997970E-044
 -1.180342969587365E-043
 -4.145927394631205E-044
  2.298847944883632E-043
  4.299576028491747E-043
  1.536765442316470E-043
 -8.327891233706719E-043
 -1.565232709433313E-042
 -5.691460378929878E-043
  3.014830816839871E-042
  5.694492139821727E-042
  2.106027001771601E-042
 -1.090632785322180E-041
 -2.070331051521117E-041
 -7.786119026157612E-042
  3.942440856866658E-041
  7.521736156487929E-041
  2.875985615055070E-041
 -1.423982940795358E-040
 -2.730696482463994E-040
 -1.061332440936824E-040
  5.138989176194555E-040
  9.905763248684282E-040
  3.912951262165082E-040
 -1.852945017477464E-039
 -3.590394929877215E-039
 -1.441230800067704E-039
  6.674763709378248E-039
  1.300214821084209E-038
  5.303041790193838E-039
 -2.401995480139704E-038
 -4.704175417899253E-038
 -1.949232567217052E-038
  8.634620892710122E-038
  1.700286477291219E-037
  7.157019949102978E-038
 -3.100403158191671E-037
 -6.139077137597085E-037
 -2.624893088181835E-037
  1.111892029045324E-036
  2.214092944374857E-036
  9.615690374645827E-037
 -3.982342534382443E-036
 -7.975657928355231E-036
 -3.518154687983697E-036
  1.424307778968855E-035
  2.869310539992691E-035
  1.285548167401167E-035
 -5.086405949698580E-035
 -1.030830236188927E-034
 -4.691059423179562E-035
  1.813456001771880E-034
  3.697843958112994E-034
  1.709343248454973E-034
 -6.454044488825911E-034
 -1.324370207173522E-033
 -6.219076559305982E-034
  2.292545137671748E-033
  4.734896249090452E-033
  2.259012333262407E-033
 -8.126198295097730E-033
 -1.689603261149981E-032
 -8.191430197930332E-033
  2.873768050098181E-032
  6.016664890147813E-032
  2.964799481871433E-032
 -1.013697227406524E-031
 -2.137647737026242E-031
 -1.070937144770522E-031
  3.565642726800484E-031
  7.575732399794196E-031
  3.860073349784711E-031
 -1.250260860499143E-030
 -2.677341819005190E-030
 -1.388064032155134E-030
  4.368490095220758E-030
  9.432702074370395E-030
  4.978663640979811E-030
 -1.520311036578465E-029
 -3.311760071800062E-029
 -1.780726795695458E-029
  5.267023152468967E-029
  1.158184931274091E-028
  6.349455160674862E-029
 -1.815254660807252E-028
 -4.032356176253834E-028
 -2.256217378179507E-028
  6.218513925829585E-028
  1.396739092067893E-027
  7.986433816208320E-028
 -2.115212465893135E-027
 -4.809409504743526E-027
 -2.814740681082590E-027
  7.134260750572120E-027
  1.644523488115942E-026
  9.871360541490697E-027
 -2.381727144664943E-026
 -5.576782829583786E-026
 -3.442290640063451E-026
  7.850992289117815E-026
  1.872249312068307E-025
  1.192470084053254E-025
 -2.546582185947175E-025
 -6.208006499711709E-025
 -4.098863406230211E-025
  8.087265014719065E-025
  2.026322942820633E-024
  1.395809717985448E-024
 -2.494839479417275E-024
 -6.479242046634119E-024
 -4.699384558478211E-024
  7.377620509214355E-024
  2.014330694696344E-023
  1.559815110235289E-023
 -2.039332604118130E-023
 -6.012529488067699E-023
 -5.083364261397243E-023
  4.973957755013869E-023
  1.682897275110750E-022
  1.616601007429436E-022
 -8.825949962473304E-023
 -4.189574912178870E-022
 -4.967257212016455E-022
 -3.011987315689418E-023
  7.841781809022059E-022
  1.448938996886266E-021
  1.439609066060832E-021
 -2.173619554469278E-023
 -3.870470919256257E-021
 -1.027172155487072E-020
 -1.074509868497155E-020
  8.611973852591950E-021
  5.641585119314067E-020
  8.044837589999995E-020
 -1.001464002952569E-020
 -2.772723691299370E-019
 -4.505972881812310E-019
 -4.652195820226946E-020
  1.281000640566904E-018
  2.241970391316030E-018
  4.916285350653719E-019
 -5.689097514154398E-018
 -1.045510414299175E-017
 -3.039731334641716E-018
  2.458271348119474E-017
  4.679919674519146E-017
  1.590849137117508E-017
 -1.041024570747077E-016
 -2.036467999651952E-016
 -7.665310574263354E-017
  4.340914543248547E-016
  8.680349208042982E-016
  3.514897565142951E-016
 -1.788101573522199E-015
 -3.641992975823090E-015
 -1.559320033100675E-015
  7.292851271380043E-015
  1.509164401890357E-014
  6.756619330374538E-015
 -2.946632132181294E-014
 -6.135606302311265E-014
 -2.646591768656529E-014
  1.537902156290370E-013
  1.824654575659415E-012
  2.095517201990376E-011
  2.280903454687117E-010
  2.350501143020673E-009
  2.269533343496019E-008
  2.036102283390748E-007
  1.691650378148206E-006
  1.289297210985861E-005
  8.931297431931901E-005
  5.599531957415833E-004
  3.158530209620304E-003
  1.593590051951323E-002
  7.171991912361181E-002
  0.287359055192951     
   1.02343828329159     
   3.24009940391348     
   9.12761722829223     
   22.9139705787866     
   51.3674437965695     
   103.073332197390     
   185.559120892686     
   300.293528857434     
   437.308727849947     
   572.676924394085     
   671.721277722965     
   698.290060594115     
   626.984272794925     
   453.085589599732     
   195.772398154564     
  -106.679948010377     
  -407.441553571340     
  -663.058127068897     
  -842.710935332681     
  -932.521506105136     
  -934.882392710205     
  -864.341119771862     
  -742.066782514950     
  -590.664897023982     
  -430.360465352798     
  -276.855160405680     
  -140.665697368252     
  -27.4943431387816     
   60.8340400650393     
   125.247290465338     
   168.370547164217     
   193.665810218040     
   204.806237443866     
   205.271776291579     
   198.123297753227     
   185.907747695110     
   170.649781625903     
   153.893664463805     
   136.770141130629     
   120.070853742175     
   104.319390503629     
   89.8339189954153     
   76.7794900241209     
   65.2098531687697     
   55.1002327269638     
   46.3728224725658     
   38.9164567025173     
   32.6017564279950     
   27.2926450513757     
   22.8547854533964     
   19.1614044431605     
   16.0969164923236     
   13.5587584586735     
   11.4578872642942     
   9.71834170442091     
   8.27620732281793     
   7.07828551826444     
   6.08066439086315     
   5.24731213065001     
   4.54878552168092     
   3.96109076747734     
   3.46469975234627     
   3.04372194545515     
   2.68522004645708     
   2.37864727169294     
   2.11538843736991     
   1.88838990407643     
   1.69185887992267     
   1.52102212759758     
   1.37247660221803     
   1.25046839934325     
   1.20318007112056     
   1.14574971504050     
  0.891950187811201     
  0.803229528710800     
  0.790254781233326     
  0.728264359676972     
  0.654274526869816     
  0.604995538932667     
  0.565063004652635     
  0.523398503817202     
  0.484716836389415     
  0.451290345277674     
  0.421004522695501     
  0.392877843447865     
  0.367168417845227     
  0.343764412137283     
  0.322277414434993     
  0.302488901923684     
  0.284273258611572     
  0.267483431535804     
  0.251969489433427     
  0.237614086538231     
  0.224312917372029     
  0.211972146238744     
  0.200504749777741     
  0.189836015900350     
  0.179897147506057     
  0.170627457629994     
  0.161971127647197     
  0.153878722780106     
  0.146304936936326     
  0.139209108978789     
  0.132554162105309     
  0.126306463311155     
  0.120435493046122     
  0.114913260382162     
  0.109714481296254     
  0.104815743688508     
  0.100195970271570     
  9.583548950302687E-002
  9.171662124926219E-002
  8.782277179383981E-002
  8.413901889662086E-002
  8.065131625211344E-002
  7.734699383354170E-002
  7.421412196242314E-002
  7.124188386182449E-002
  6.842011311345873E-002
  6.573952964892757E-002
  6.319143952585621E-002
  6.076784603856331E-002
  5.846128794189907E-002
  5.626484743810875E-002
  5.417209783983565E-002
  5.217703394992142E-002
  5.027409954849175E-002
  4.845806574624591E-002
  4.672411059606051E-002
  4.506766902818504E-002
  4.348454007300766E-002
  4.197072901771625E-002
  4.052256142809472E-002
  3.913653475678412E-002
  3.780942243080291E-002
  3.653814770901750E-002
  3.531986681179219E-002
  3.415187178417768E-002
  3.303164788832497E-002
  3.195680681470590E-002
  3.092511818455548E-002
  2.993447098030145E-002
  2.898288180754127E-002
  2.806848042947852E-002
  2.718949898347008E-002
  2.634427652644691E-002
  2.553123410572363E-002
  2.474889290372581E-002
  2.399584021737976E-002
  2.327075589826380E-002
  2.257237410201771E-002
  2.189951308407457E-002
  2.125103717814743E-002
  2.062588555811272E-002
  2.002303821318472E-002
  1.944154028013468E-002
  1.888047454703973E-002
  1.833897942485451E-002
  1.781622906318616E-002
  1.731144433880566E-002
  1.682388059602047E-002
  1.635283192441781E-002
  1.589762583391678E-002
  1.545762166644943E-002
  1.503221108447604E-002
  1.462081180058566E-002
  1.422287252196108E-002
  1.383786335475047E-002
  1.346528374833244E-002
  1.310465098732890E-002
  1.275550967597771E-002
  1.241741970687710E-002
  1.208996589259945E-002
  1.177274669309614E-002
  1.146538278596658E-002
  1.116750755238294E-002
  1.087877377480905E-002
  1.059884643638832E-002
  1.032740716741417E-002
  1.006414953298642E-002
  9.808781178177293E-003
  9.561021507071096E-003
  9.320601705021981E-003
  9.087264527270274E-003
  8.860762528960380E-003
  8.640859562801084E-003
  8.427327642273276E-003
  8.219949678104682E-003
  8.018515451884520E-003
  7.822825088228349E-003
  7.632684636237425E-003
  7.447909769172733E-003
  7.268321463719452E-003
  7.093749448349397E-003
  6.924028404972230E-003
  6.759000801033874E-003
  6.598513891882957E-003
  6.442421730071372E-003
  6.290583095432567E-003
  6.142862610439775E-003
  5.999129609426098E-003
  5.859258388454660E-003
  5.723127941225714E-003
  5.590621443058406E-003
  5.461626722406942E-003
  5.336035127406147E-003
  5.213742562710331E-003
  5.094647918584687E-003
  4.978654479118007E-003
  4.865668111803144E-003
  4.755598840868145E-003
  4.648359002740047E-003
  4.543864778536867E-003
  4.442034507929781E-003
  4.342790005920566E-003
  4.246055179000175E-003
  4.151757013233098E-003
  4.059824571330807E-003
  3.970189599728048E-003
  3.882785931938666E-003
  3.797549709351793E-003
  3.714419175483907E-003
  3.633334540364149E-003
  3.554238120440202E-003
  3.477073902111856E-003
  3.401787960483130E-003
  3.328327795635637E-003
  3.256642948823548E-003
  3.186684196969684E-003
  3.118404275604145E-003
  3.051757024167130E-003
  2.986698120844249E-003
  2.923184271127692E-003
  2.861173866475842E-003
  2.800626293013677E-003
  2.741502450632205E-003
  2.683764229485609E-003
  2.627374854992963E-003
  2.572298553434244E-003
  2.518500712043853E-003
  2.465947734096045E-003
  2.414607021638892E-003
  2.364447004492942E-003
  2.315436967166204E-003
  2.267547224126241E-003
  2.220748822802356E-003
  2.175013828740376E-003
  2.130314943998616E-003
  2.086625859697681E-003
  2.043920834110617E-003
  2.002175066382635E-003
  1.961364280861997E-003
  1.921465075911743E-003
  1.882454556724668E-003
  1.844310622718917E-003
  1.807011677990588E-003
  1.770536834921171E-003
  1.734865717713396E-003
  1.699978572531056E-003
  1.665856168198570E-003
  1.632479813248770E-003
  1.599831349001878E-003
  1.567893081821560E-003
  1.536647856822612E-003
  1.506078919716562E-003
  1.476170054089434E-003
  1.446905391809158E-003
  1.418269592995968E-003
  1.390247627230067E-003
  1.362824972537107E-003
  1.335987391804511E-003
  1.309721126010250E-003
  1.284012689540171E-003
  1.258849036103194E-003
  1.234217391107124E-003
  1.210105375738791E-003
  1.186500887122254E-003
  1.163392173113633E-003
  1.140767764533837E-003
  1.118616498980122E-003
  1.096927504298219E-003
  1.075690174361079E-003
  1.054894198796867E-003
  1.034529497351258E-003
  1.014586287636337E-003
  9.950549875539700E-004
  9.759263103759094E-004
  9.571911468559268E-004
  9.388406750822681E-004
  9.208662354698900E-004
  9.032594416709774E-004
  8.860120620495817E-004
  8.691161187310377E-004
  8.525637869751545E-004
  8.363474728473121E-004
  8.204597378691364E-004
  8.048933498514946E-004
  7.896412364451868E-004
  7.746965070967586E-004
  7.600524360084716E-004
  7.457024559812225E-004
  7.316401687912808E-004
  7.178593139588055E-004
  7.043538025037152E-004
  6.911176654860354E-004
  6.781451054968175E-004
  6.654304312397959E-004
  6.529681198972879E-004
  6.407527450853777E-004
  6.287790423211248E-004
  6.170418382927164E-004
  6.055361115842639E-004
  5.942569304998232E-004
  5.831995027694365E-004
  5.723591270120020E-004
  5.617312274866809E-004
  5.513113220098891E-004
  5.410950399095417E-004
  5.310781073024648E-004
  5.212563481570595E-004
  5.116256862540146E-004
  5.021821307000124E-004
  4.929217925872031E-004
  4.838408574724890E-004
  4.749356137183661E-004
  4.662024153848052E-004
  4.576377183848246E-004
  4.492380379792712E-004
  4.409999882653584E-004
  4.329202389665791E-004
  4.249955534448100E-004
  4.172227493992583E-004
  4.095987312552202E-004
  4.021204582755467E-004
  3.947849684872820E-004
  3.875893563508457E-004
  3.805307867205982E-004
  3.736064829771318E-004
  3.668137306220051E-004
  3.601498757818057E-004
  3.536123189714518E-004
  3.471985230193045E-004
  3.409059983007715E-004
  3.347323184438804E-004
  3.286750989633089E-004
  3.227320185440546E-004
  3.169007935075765E-004
  3.111792020198824E-004
  3.055650572147719E-004
  3.000562313840660E-004
  2.946506306803936E-004
  2.893462165206855E-004
  2.841409843150842E-004
  2.790329800593391E-004
  2.740202846701747E-004
  2.691010245739631E-004
  2.642733624631639E-004
  2.595355014210306E-004
  2.548856822294430E-004
  2.503221811777311E-004
  2.458433135014144E-004
  2.414474255388837E-004
  2.371329034140427E-004
  2.328981606267611E-004
  2.287416506965746E-004
  2.246618516257594E-004
  2.206572809253652E-004
  2.167264786604862E-004
  2.128680230306287E-004
  2.090805138670815E-004
  2.053625869368402E-004
  2.017128995752315E-004
  1.981301422593539E-004
  1.946130275564177E-004
  1.911602980511030E-004
  1.877707192714005E-004
  1.844430835335133E-004
  1.811762070664161E-004
  1.779689297492314E-004
  1.748201162729332E-004
  1.717286520924565E-004
  1.686934481520583E-004
  1.657134336649469E-004
  1.627875636558834E-004
  1.599148094243116E-004
  1.570941679455327E-004
  1.543246510690225E-004
  1.516052956429574E-004
  1.489351526386839E-004
  1.463132967857565E-004
  1.437388167801244E-004
  1.412108233965247E-004
  1.387284416503579E-004
  1.362908166864780E-004
  1.338971084257167E-004
  1.315464948539982E-004
  1.292381693828521E-004
  1.269713414415153E-004
  1.247452365239637E-004
  1.225590942247822E-004
  1.204121707233661E-004
  1.183037346065613E-004
  1.162330713596851E-004
  1.141994774871979E-004
  1.122022664219654E-004
  1.102407615963373E-004
  1.083143030575826E-004
  1.064222402519104E-004
  1.045639385517438E-004
  1.027387725366717E-004
  1.009461316987467E-004
  9.918541486377083E-005
  9.745603454448467E-005
  9.575741291688752E-005
  9.408898450936053E-005
  9.245019394606147E-005
  9.084049685315834E-005
  8.925935940099408E-005
  8.770625747320453E-005
  8.618067788763836E-005
  8.468211601539712E-005
  8.321007843069072E-005
  8.176407928595996E-005
  8.034364403035396E-005
  7.894830494783862E-005
  7.757760549510319E-005
  7.623109549033097E-005
  7.490833554991565E-005
  7.360889245824460E-005
  7.233234318969748E-005
  7.107827092712328E-005
  6.984626826845973E-005
  6.863593421773455E-005
  6.744687632519685E-005
  6.627870883269774E-005
  6.513105362980819E-005
  6.400353961037028E-005
  6.289580244234403E-005
  6.180748508502167E-005
  6.073823647014041E-005
  5.968771303921087E-005
  5.865557651763542E-005
  5.764149624982882E-005
  5.664514632117060E-005
  5.566620840719012E-005
  5.470436855627752E-005
  5.375932021250848E-005
  5.283076101491937E-005
  5.191839563734499E-005
  5.102193294136147E-005
  5.014108833351183E-005
  4.927558152257899E-005
  4.842513819465277E-005
  4.758948852514707E-005
  4.676836806501916E-005
  4.596151707213150E-005
  4.516868058401093E-005
  4.438960855568014E-005
  4.362405516479582E-005
  4.287177967847341E-005
  4.213254509755715E-005
  4.140611961842120E-005
  4.069227477492963E-005
  3.999078731324176E-005
  3.930143703403102E-005
  3.862400885879471E-005
  3.795829060940579E-005
  3.730407502003515E-005
  3.666115769461518E-005
  3.602933884232987E-005
  3.540842160591385E-005
  3.479821336253392E-005
  3.419852454634486E-005
  3.360916942197615E-005
  3.302996546444347E-005
  3.246073357114369E-005
  3.190129800612002E-005
  3.135148606687928E-005
  3.081112855431537E-005
  3.028005895477635E-005
  2.975811435485496E-005
  2.924513423723401E-005
  2.874096172488514E-005
  2.824544212183411E-005
  2.775842434087472E-005
  2.727975934807474E-005
  2.680930160547527E-005
  2.634690759016014E-005
  2.589243708725096E-005
  2.544575193243534E-005
  2.500671702901795E-005
  2.457519941594190E-005
  2.415106892882912E-005
  2.373419765226488E-005
  2.332446018706487E-005
  2.292173350461452E-005
  2.252589681931780E-005
  2.213683183016162E-005
  2.175442222992663E-005
  2.137855428605870E-005
  2.100911604729165E-005
  2.064599819132624E-005
  2.028909301425973E-005
  1.993829544689378E-005
  1.959350193529013E-005
  1.925461150866850E-005
  1.892152467414583E-005
  1.859414441196557E-005
  1.827237520142122E-005
  1.795612384010082E-005
  1.764529868775414E-005
  1.733981023891177E-005
  1.703957063920792E-005
  1.674449397203338E-005
  1.645449607174188E-005
  1.616949451305339E-005
  1.588940871933002E-005
  1.561415966896207E-005
  1.534367027211033E-005
  1.507786483133922E-005
  1.481666963854666E-005
  1.456001224799221E-005
  1.430782222545048E-005
  1.406003031026140E-005
  1.381656923082316E-005
  1.357737284789200E-005
  1.334237694059517E-005
  1.311151842417789E-005
  1.288473602008147E-005
  1.266196962260726E-005
  1.244316079161628E-005
  1.222825231560401E-005
  1.201718849097223E-005
  1.180991490487888E-005
  1.160637848911401E-005
  1.140652752255434E-005
  1.121031146933853E-005
  1.101768118068649E-005
  1.082858854642874E-005
  1.064298685735717E-005
  1.046083031578970E-005
  1.028207450536014E-005
  1.010667581900834E-005
  9.934591971725316E-006
  9.765781412932801E-006
  9.600203813859771E-006
  9.437819529007141E-006
  9.278589999610393E-006
  9.122477311405334E-006
  8.969444479114054E-006
  8.819455122217816E-006
  8.672473620443419E-006
  8.528464905792446E-006
  8.387394500705321E-006
