   5.774731E-091
   5.770889E-091
   5.759338E-091
   5.740004E-091
   5.712767E-091
   5.677457E-091
   5.633864E-091
   5.581733E-091
   5.520773E-091
   5.450658E-091
   5.371037E-091
   5.281534E-091
   5.181762E-091
   5.071326E-091
   4.949840E-091
   4.816931E-091
   4.672259E-091
   4.515531E-091
   4.346519E-091
   4.165079E-091
   3.971178E-091
   3.764916E-091
   3.546561E-091
   3.316580E-091
   3.075677E-091
   2.824839E-091
   2.565380E-091
   2.298998E-091
   2.027836E-091
   1.754544E-091
   1.482360E-091
   1.215187E-091
   9.576914E-092
   7.153966E-092
   4.948014E-092
   3.035010E-092
   1.503233E-092
   4.547894E-093
   7.253132E-095
   2.954671E-093
   1.473514E-092
   3.716872E-092
   7.224765E-092
   1.222273E-091
   1.896541E-091
   2.773959E-091
   3.886751E-091
   5.271043E-091
   6.959073E-091
   8.967157E-091
   1.131292E-090
   1.400850E-090
   1.705924E-090
   2.046264E-090
   2.420730E-090
   2.827199E-090
   3.262485E-090
   3.722265E-090
   4.201029E-090
   4.692049E-090
   5.187375E-090
   5.677867E-090
   6.153253E-090
   6.602237E-090
   7.012656E-090
   7.371683E-090
   7.666097E-090
   7.882619E-090
   8.008327E-090
   8.031142E-090
   7.940426E-090
   7.727662E-090
   7.387254E-090
   6.917448E-090
   6.321378E-090
   5.608257E-090
   4.794723E-090
   3.906351E-090
   2.979333E-090
   2.062368E-090
   1.218738E-090
   5.286187E-091
   9.161787E-092
   2.956621E-092
   4.827007E-091
   1.554101E-090
   3.300316E-090
   5.736145E-090
   8.830132E-090
   1.250240E-089
   1.662448E-089
   2.102138E-089
   2.547611E-089
   2.973689E-089
   3.352743E-089
   3.656048E-089
   3.855496E-089
   3.925709E-089
   3.846565E-089
   3.606189E-089
   3.204441E-089
   2.656926E-089
   1.999583E-089
   1.293869E-089
   6.325827E-090
   1.464119E-090
   1.119490E-091
   4.559712E-090
   1.771739E-089
   4.208501E-089
   7.813873E-089
   1.254435E-088
   1.823313E-088
   2.458998E-088
   3.121106E-088
   3.759798E-088
   4.318678E-088
   4.738737E-088
   4.963435E-088
   4.944989E-088
   4.651951E-088
   4.078169E-088
   3.253203E-088
   2.254297E-088
   1.220006E-088
   3.655548E-089
   4.744801E-093
   5.456209E-089
   2.558329E-088
   6.490876E-088
   1.230307E-087
   1.974220E-087
   2.829492E-087
   3.721041E-087
   4.555219E-087
   5.227696E-087
   5.634112E-087
   5.683669E-087
   5.315815E-087
   4.520185E-087
   3.359981E-087
   1.998968E-087
   7.322803E-088
   2.121975E-089
   5.322541E-088
   3.180411E-087
   8.920657E-087
   1.763286E-086
   2.870103E-086
   4.104961E-086
   5.319346E-086
   6.338126E-086
   6.980227E-086
   7.085775E-086
   6.549879E-086
   5.363419E-086
   3.661128E-086
   1.777297E-086
   3.094525E-087
   1.903556E-087
   2.768699E-086
   9.831100E-086
   2.180437E-085
   3.748197E-085
   5.497084E-085
   7.167709E-085
   8.461078E-085
   9.082703E-085
   8.800111E-085
   7.514092E-085
   5.344130E-085
   2.728574E-085
   5.400958E-086
   2.170608E-086
   3.911413E-085
   1.457819E-084
   3.291796E-084
   5.637108E-084
   8.132165E-084
   1.031398E-083
   1.168590E-083
   1.181241E-083
   1.044010E-083
   7.645367E-084
   4.009467E-084
   8.218621E-085
   3.127499E-085
   5.915799E-084
   2.244717E-083
   5.091154E-083
   8.655857E-083
   1.230814E-082
   1.527809E-082
   1.678416E-082
   1.620792E-082
   1.331424E-082
   8.517319E-083
   3.193617E-083
   4.279602E-085
   3.498183E-083
   2.013048E-082
   4.501418E-082
   5.159322E-082
   2.848771E-082
   3.939322E-084
   5.615400E-082
   3.832400E-081
   1.308572E-080
   3.345765E-080
   7.248936E-080
   1.407324E-079
   2.524231E-079
   5.112268E-079
   1.900257E-078
   7.174715E-078
   2.252641E-077
   5.947282E-077
   1.370452E-076
   2.843349E-076
   5.434040E-076
   9.725677E-076
   1.650055E-075
   2.678060E-075
   5.257917E-075
   1.795499E-074
   6.245770E-074
   1.856538E-073
   4.725810E-073
   1.061384E-072
   2.160608E-072
   4.068861E-072
   7.196886E-072
   1.209209E-071
   2.027922E-071
   5.282961E-071
   1.665726E-070
   4.843304E-070
   1.235534E-069
   2.799837E-069
   5.757591E-069
   1.094732E-068
   1.953027E-068
   3.306212E-068
   5.616218E-068
   1.372774E-067
   3.909311E-067
   1.050121E-066
   2.534896E-066
   5.524909E-066
   1.104283E-065
   2.054881E-065
   3.604609E-065
   6.020280E-065
   1.143397E-064
   2.875796E-064
   7.502527E-064
   1.823026E-063
   4.042240E-063
   8.233582E-063
   1.559582E-062
   2.779475E-062
   4.706733E-062
   8.334808E-062
   1.905848E-061
   4.685943E-061
   1.101822E-060
   2.398769E-060
   4.834395E-060
   9.098236E-060
   1.614830E-059
   2.727112E-059
   4.893725E-059
   1.082542E-058
   2.518616E-058
   5.627740E-058
   1.175770E-057
   2.294118E-057
   4.208440E-057
   7.317740E-057
   1.223861E-056
   2.353567E-056
   5.157258E-056
   1.137641E-055
   2.394058E-055
   4.738564E-055
   8.832325E-055
   1.559660E-054
   2.627276E-054
   4.647098E-054
   9.551787E-054
   2.038991E-053
   4.229561E-053
   8.329591E-053
   1.551760E-052
   2.744464E-052
   4.634151E-052
   7.990429E-052
   1.576432E-051
   3.250168E-051
   6.569108E-051
   1.269528E-050
   2.332563E-050
   4.082768E-050
   6.839528E-050
   1.183281E-049
   2.292734E-049
   4.584341E-049
   8.980052E-049
   1.688003E-048
   3.029681E-048
   5.200403E-048
   8.604146E-048
   1.526548E-047
   2.932897E-047
   5.693972E-047
   1.077069E-046
   1.957839E-046
   3.410482E-046
   5.704024E-046
   9.522901E-046
   1.740010E-045
   3.300016E-045
   6.197652E-045
   1.127914E-044
   1.974812E-044
   3.324990E-044
   5.446369E-044
   9.534145E-044
   1.759226E-043
   3.254057E-043
   5.877303E-043
   1.025733E-042
   1.725672E-042
   2.810820E-042
   4.787685E-042
   8.623125E-042
   1.566124E-041
   2.791346E-041
   4.825022E-041
   8.060585E-041
   1.305298E-040
   2.194201E-040
   3.879926E-040
   6.916822E-040
   1.212427E-039
   2.066135E-039
   3.410582E-039
   5.482176E-039
   9.183383E-039
   1.601505E-038
   2.802999E-038
   4.821333E-038
   8.072847E-038
   1.311793E-037
   2.099236E-037
   3.521448E-037
   6.066118E-037
   1.041781E-036
   1.755154E-036
   2.880322E-036
   4.595553E-036
   7.394639E-036
   1.241415E-035
   2.109384E-035
   3.548956E-035
   5.845915E-035
   9.384052E-035
   1.478363E-034
   2.410393E-034
   4.028791E-034
   6.729166E-034
   1.106647E-033
   1.779260E-033
   2.791693E-033
   4.435563E-033
   7.277118E-033
   1.202198E-032
   1.965769E-032
   3.152928E-032
   4.941434E-032
   7.714312E-032
   1.243393E-031
   2.028404E-031
   3.288727E-031
   5.245627E-031
   8.191797E-031
   1.265018E-030
   2.008374E-030
   3.235098E-030
   5.192686E-030
   8.217742E-030
   1.275485E-029
   1.953898E-029
   3.065040E-029
   4.878612E-029
   7.746208E-029
   1.214325E-028
   1.869499E-028
   2.843564E-028
   4.419402E-028
   6.957185E-028
   1.092298E-027
   1.694191E-027
   2.583071E-027
   3.904017E-027
   6.022862E-027
   9.383450E-027
   1.456317E-026
   2.232897E-026
   3.367633E-026
   5.065507E-026
   7.764604E-026
   1.197420E-025
   1.836355E-025
   2.781159E-025
   4.147889E-025
   6.222241E-025
   9.475441E-025
   1.445853E-024
   2.189756E-024
   3.273404E-024
   4.838142E-024
   7.243666E-024
   1.094823E-023
   1.651626E-023
   2.468498E-023
   3.640087E-023
   5.357851E-023
   7.995253E-023
   1.197501E-022
   1.784117E-022
   2.629423E-022
   3.832794E-022
   5.638178E-022
   8.364320E-022
   1.239215E-021
   1.821308E-021
   2.645437E-021
   3.839771E-021
   5.634474E-021
   8.286317E-021
   1.212214E-020
   1.755732E-020
   2.523767E-020
   3.661675E-020
   5.339404E-020
   7.763785E-020
   1.119770E-019
   1.599278E-019
   2.295267E-019
   3.316813E-019
   4.788963E-019
   6.869979E-019
   9.760631E-019
   1.387195E-018
   1.986419E-018
   2.846304E-018
   4.057702E-018
   5.734307E-018
   8.080847E-018
   1.147008E-017
   1.630660E-017
   2.308832E-017
   3.243534E-017
   4.536444E-017
   6.385199E-017
   9.005713E-017
   1.265877E-016
   1.766779E-016
   2.453599E-016
   3.426074E-016
   4.793957E-016
   6.687840E-016
   9.268897E-016
   1.278351E-015
   1.771488E-015
   2.459295E-015
   3.404310E-015
   4.683315E-015
   6.415139E-015
   8.824792E-015
   1.215528E-014
   1.669303E-014
   2.278797E-014
   3.100447E-014
   4.234427E-014
   5.786746E-014
   7.882871E-014
   1.067581E-013
   1.442927E-013
   1.956553E-013
   2.652613E-013
   3.583669E-013
   4.814507E-013
   6.465127E-013
   8.702672E-013
   1.170340E-012
   1.567791E-012
   2.089714E-012
   2.788003E-012
   3.724785E-012
   4.967631E-012
   6.597198E-012
   8.728129E-012
   1.156683E-011
   1.533286E-011
   2.027487E-011
   2.669034E-011
   3.507009E-011
   4.614973E-011
   6.068193E-011
   7.954277E-011
   1.038290E-010
   1.355307E-010
   1.770131E-010
   2.307916E-010
   2.998186E-010
   3.883533E-010
   5.034264E-010
   6.522471E-010
   8.429333E-010
   1.085242E-009
   1.395848E-009
   1.795842E-009
   2.306922E-009
   2.954165E-009
   3.771972E-009
   4.816752E-009
   6.146399E-009
   7.824803E-009
   9.927936E-009
   1.258152E-008
   1.594031E-008
   2.016221E-008
   2.542773E-008
   3.198775E-008
   4.022646E-008
   5.052859E-008
   6.331821E-008
   7.910737E-008
   9.872878E-008
   1.231116E-007
   1.532177E-007
   1.901445E-007
   2.355110E-007
   2.914626E-007
   3.601161E-007
   4.438221E-007
   5.456115E-007
   6.700202E-007
   8.215934E-007
   1.005196E-006
   1.226555E-006
   1.494372E-006
   1.818094E-006
   2.207371E-006
   2.673067E-006
   3.230726E-006
   3.899010E-006
   4.696327E-006
   5.642880E-006
   6.765047E-006
   8.097143E-006
   9.672680E-006
   1.152765E-005
   1.370554E-005
   1.626471E-005
   1.926304E-005
   2.276132E-005
   2.682908E-005
   3.155797E-005
   3.704167E-005
   4.337667E-005
   5.066939E-005
   5.905261E-005
   6.866589E-005
   7.965168E-005
   9.216306E-005
   1.063755E-004
   1.224758E-004
   1.406561E-004
   1.611185E-004
   1.840679E-004
   2.097185E-004
   2.382996E-004
   2.700480E-004
   3.051559E-004
   3.438089E-004
   3.862325E-004
   4.326541E-004
   4.831668E-004
   5.378228E-004
   5.967645E-004
   6.601270E-004
   7.277607E-004
   7.994332E-004
   8.750888E-004
   9.546508E-004
   1.037533E-003
   1.123056E-003
   1.210841E-003
   1.300470E-003
   1.390730E-003
   1.480390E-003
   1.568686E-003
   1.654782E-003
   1.736756E-003
   1.812954E-003
   1.882346E-003
   1.943765E-003
   1.994813E-003
   2.033727E-003
   2.059488E-003
   2.070926E-003
   2.065833E-003
   2.043067E-003
   2.002268E-003
   1.942986E-003
   1.864331E-003
   1.766688E-003
   1.651198E-003
   1.519183E-003
   1.372280E-003
   1.213198E-003
   1.045358E-003
   8.728448E-004
   7.003541E-004
   5.331595E-004
   3.771956E-004
   2.392830E-004
   1.263316E-004
   4.538019E-005
   3.872783E-006
   9.214145E-006
   6.820225E-005
   1.875162E-004
   3.730125E-004
   6.285037E-004
   9.574925E-004
   1.362998E-003
   1.843960E-003
   2.396685E-003
   3.018457E-003
   3.704720E-003
   4.442736E-003
   5.220497E-003
   6.027936E-003
   6.849904E-003
   7.663434E-003
   8.451407E-003
   9.198416E-003
   9.881014E-003
   1.047569E-002
   1.096668E-002
   1.133910E-002
   1.157335E-002
   1.165707E-002
   1.158428E-002
   1.135151E-002
   1.095827E-002
   1.041024E-002
   9.718556E-003
   8.902415E-003
   7.983330E-003
   6.984678E-003
   5.937830E-003
   4.881161E-003
   3.847022E-003
   2.868383E-003
   1.986243E-003
   1.234953E-003
   6.408481E-004
   2.299446E-004
   2.350946E-005
   3.088573E-005
   2.561136E-004
   6.932728E-004
   1.324683E-003
   2.129250E-003
   3.077453E-003
   4.122769E-003
   5.221450E-003
   6.331249E-003
   7.396300E-003
   8.362325E-003
   9.187449E-003
   9.831941E-003
   1.025685E-002
   1.043834E-002
   1.036502E-002
   1.003876E-002
   9.470905E-003
   8.682248E-003
   7.713703E-003
   6.618414E-003
   5.444353E-003
   4.249020E-003
   3.106578E-003
   2.074162E-003
   1.201432E-003
   5.431420E-004
   1.364012E-004
   1.879707E-008
   1.435116E-004
   5.553604E-004
   1.209120E-003
   2.069420E-003
   3.075499E-003
   4.160656E-003
   5.263167E-003
   6.308337E-003
   7.219819E-003
   7.940920E-003
   8.424733E-003
   8.632667E-003
   8.546610E-003
   8.169589E-003
   7.531026E-003
   6.669308E-003
   5.634414E-003
   4.507266E-003
   3.368828E-003
   2.288624E-003
   1.348872E-003
   6.248865E-004
   1.630234E-004
   4.444084E-008
   1.512956E-004
   6.042758E-004
   1.332151E-003
   2.275433E-003
   3.359413E-003
   4.511353E-003
   5.637471E-003
   6.641588E-003
   7.451141E-003
   8.002354E-003
   8.243801E-003
   8.152876E-003
   7.737171E-003
   7.033577E-003
   6.089700E-003
   4.977445E-003
   3.801988E-003
   2.652129E-003
   1.614599E-003
   7.886461E-004
   2.388465E-004
   5.917491E-006
   1.120527E-004
   5.409489E-004
   1.256110E-003
   2.190606E-003
   3.248303E-003
   4.339515E-003
   5.363885E-003
   6.213613E-003
   6.812588E-003
   7.107223E-003
   7.064642E-003
   6.683397E-003
   5.999947E-003
   5.087663E-003
   4.023749E-003
   2.907121E-003
   1.861364E-003
   9.796038E-004
   3.450789E-004
   2.987176E-005
   6.016276E-005
   4.362309E-004
   1.117034E-003
   2.030056E-003
   3.092827E-003
   4.185822E-003
   5.191495E-003
   6.015875E-003
   6.566242E-003
   6.778794E-003
   6.632100E-003
   6.145883E-003
   5.366810E-003
   4.368258E-003
   3.270168E-003
   2.187640E-003
   1.225164E-003
   4.988144E-004
   8.352615E-005
   1.921380E-005
   3.136747E-004
   9.258270E-004
   1.792025E-003
   2.805392E-003
   3.841089E-003
   4.790739E-003
   5.536205E-003
   5.983524E-003
   6.084986E-003
   5.830104E-003
   5.243299E-003
   4.388181E-003
   3.379153E-003
   2.330768E-003
   1.359662E-003
   5.966487E-004
   1.270312E-004
   5.411322E-006
   2.479966E-004
   8.197757E-004
   1.656357E-003
   2.640823E-003
   3.649898E-003
   4.565703E-003
   5.258188E-003
   5.639855E-003
   5.667385E-003
   5.334086E-003
   4.675523E-003
   3.780555E-003
   2.771753E-003
   1.765981E-003
   9.008127E-004
   2.930471E-004
   1.285690E-005
   1.007670E-004
   5.384093E-004
   1.271018E-003
   2.193785E-003
   3.173173E-003
   4.087963E-003
   4.802756E-003
   5.214820E-003
   5.274290E-003
   4.971610E-003
   4.341906E-003
   3.473925E-003
   2.498012E-003
   1.537648E-003
   7.311772E-004
   1.967620E-004
   2.112314E-007
   1.713733E-004
   6.776752E-004
   1.450002E-003
   2.368153E-003
   3.290065E-003
   4.091711E-003
   4.643597E-003
   4.861160E-003
   4.718037E-003
   4.234492E-003
   3.474992E-003
   2.558741E-003
   1.628624E-003
   8.126892E-004
   2.433432E-004
   4.713325E-006
   1.308592E-004
   6.013092E-004
   1.339513E-003
   2.239461E-003
   3.147204E-003
   3.925929E-003
   4.459175E-003
   4.652565E-003
   4.478139E-003
   3.968621E-003
   3.200015E-003
   2.288001E-003
   1.388942E-003
   6.361865E-004
   1.471392E-004
   1.678691E-006
   2.152283E-004
   7.508547E-004
   1.508794E-003
   2.370845E-003
   3.183793E-003
   3.806516E-003
   4.143765E-003
   4.131262E-003
   3.768337E-003
   3.122143E-003
   2.302633E-003
   1.440314E-003
   6.930723E-004
   1.843903E-004
   2.226569E-008
   1.738728E-004
   6.752034E-004
   1.420441E-003
   2.270571E-003
   3.089699E-003
   3.728703E-003
   4.071623E-003
   4.066780E-003
   3.711538E-003
   3.063010E-003
   2.241693E-003
   1.391524E-003
   6.529887E-004
   1.635306E-004
   2.392362E-007
   1.885511E-004
   6.841456E-004
   1.395729E-003
   2.185564E-003
   2.898084E-003
   3.410071E-003
   3.616481E-003
   3.477953E-003
   3.026095E-003
   2.343700E-003
   1.554664E-003
   8.181645E-004
   2.680916E-004
   1.082288E-005
   9.746176E-005
   5.133801E-004
   1.179123E-003
   1.964895E-003
   2.731044E-003
   3.319350E-003
   3.622794E-003
   3.586046E-003
   3.210040E-003
   2.568474E-003
   1.790295E-003
   1.015946E-003
   3.975402E-004
   5.124742E-005
   3.568402E-005
   3.468649E-004
   9.148904E-004
   1.622384E-003
   2.312571E-003
   2.852515E-003
   3.124437E-003
   3.070242E-003
   2.706729E-003
   2.106710E-003
   1.390896E-003
   7.162060E-004
   2.181558E-004
   3.762293E-006
   1.197977E-004
   5.463654E-004
   1.193611E-003
   1.929366E-003
   2.607212E-003
   3.076755E-003
   3.249214E-003
   3.086675E-003
   2.619079E-003
   1.948588E-003
   1.214130E-003
   5.618350E-004
   1.312272E-004
   1.775301E-006
   1.943802E-004
   6.551542E-004
   1.281692E-003
   1.923013E-003
   2.437934E-003
   2.712213E-003
   2.678060E-003
   2.348384E-003
   1.797647E-003
   1.145484E-003
   5.457061E-004
   1.323544E-004
   1.212132E-006
   1.853087E-004
   6.488106E-004
   1.287771E-003
   1.961566E-003
   2.525637E-003
   2.845966E-003
   2.858639E-003
   2.558923E-003
   2.010639E-003
   1.341154E-003
   6.965166E-004
   2.161761E-004
   5.556224E-006
   1.010941E-004
   4.706040E-004
   1.017538E-003
   1.609532E-003
   2.094174E-003
   2.361298E-003
   2.341690E-003
   2.039608E-003
   1.532676E-003
   9.411994E-004
   4.102923E-004
   7.375007E-005
   1.393617E-005
   2.507283E-004
   7.316006E-004
   1.346137E-003
   1.944596E-003
   2.393169E-003
   2.577911E-003
   2.458595E-003
   2.065439E-003
   1.488078E-003
   8.667704E-004
   3.469487E-004
   4.549524E-005
   2.850353E-005
   2.884248E-004
   7.487279E-004
   1.284855E-003
   1.758185E-003
   2.039137E-003
   2.060859E-003
   1.814519E-003
   1.363950E-003
   8.305061E-004
   3.507034E-004
   5.392034E-005
   2.086830E-005
   2.660717E-004
   7.292211E-004
   1.300619E-003
   1.833248E-003
   2.194810E-003
   2.296465E-003
   2.108459E-003
   1.682594E-003
   1.125365E-003
   5.742020E-004
   1.686753E-004
   1.612607E-006
   1.067814E-004
   4.437348E-004
   9.139984E-004
   1.379697E-003
   1.716041E-003
   1.824277E-003
   1.677609E-003
   1.317423E-003
   8.414980E-004
   3.860490E-004
   7.800953E-005
   7.297307E-006
   1.987467E-004
   6.081343E-004
   1.125686E-003
   1.619699E-003
   1.955734E-003
   2.045231E-003
   1.866807E-003
   1.465135E-003
   9.499250E-004
   4.565291E-004
   1.113034E-004
   6.157876E-007
   1.421632E-004
   4.831641E-004
   9.184335E-004
   1.316025E-003
   1.556930E-003
   1.573267E-003
   1.357114E-003
   9.750350E-004
   5.397293E-004
   1.798577E-004
   6.475602E-006
   7.483850E-005
   3.717663E-004
   8.190881E-004
   1.293416E-003
   1.661420E-003
   1.823449E-003
   1.730468E-003
   1.412336E-003
   9.570621E-004
   4.906004E-004
   1.422847E-004
   9.485462E-007
   9.638753E-005
   3.878716E-004
   7.772201E-004
   1.139647E-003
   1.362926E-003
   1.374926E-003
   1.175340E-003
   8.245660E-004
   4.332445E-004
   1.257457E-004
   3.643240E-007
   1.025997E-004
   4.092176E-004
   8.325349E-004
   1.251789E-003
   1.543814E-003
   1.622359E-003
   1.466812E-003
   1.120910E-003
   6.882331E-004
   2.932511E-004
   4.706142E-005
   1.375907E-005
   1.905978E-004
   5.089673E-004
   8.614935E-004
   1.127853E-003
   1.222561E-003
   1.114022E-003
   8.378428E-004
   4.865929E-004
   1.753605E-004
   1.052596E-005
   5.108591E-005
   2.919109E-004
   6.630842E-004
   1.054497E-003
   1.344412E-003
   1.447178E-003
   1.328705E-003
   1.027974E-003
   6.366268E-004
   2.727975E-004
   4.453689E-005
   1.244776E-005
   1.738659E-004
   4.646078E-004
   7.780034E-004
   1.005580E-003
   1.067895E-003
   9.438596E-004
   6.774765E-004
   3.600097E-004
   1.038071E-004
   1.545761E-007
   9.144228E-005
   3.549031E-004
   7.105865E-004
   1.045453E-003
   1.254549E-003
   1.269057E-003
   1.086973E-003
   7.653928E-004
   4.077019E-004
   1.253889E-004
   2.104294E-006
   6.680871E-005
   2.849369E-004
   5.696348E-004
   8.166822E-004
   9.341467E-004
   8.816664E-004
   6.774978E-004
   3.962920E-004
   1.412259E-004
   7.017956E-006
   4.819717E-005
   2.585925E-004
   5.718164E-004
   8.871825E-004
   1.098777E-003
   1.137762E-003
   9.908615E-004
   7.075431E-004
   3.823509E-004
   1.201064E-004
   2.641358E-006
   5.829647E-005
   2.543994E-004
   5.106326E-004
   7.264409E-004
   8.204005E-004
   7.569768E-004
   5.604713E-004
   3.061343E-004
   9.095222E-005
   3.104232E-007
   7.461593E-005
   2.948040E-004
   5.893235E-004
   8.572439E-004
   1.007133E-003
   9.869183E-004
   8.041733E-004
   5.227719E-004
   2.384719E-004
   4.645615E-005
   4.949381E-006
   1.166056E-004
   3.284779E-004
   5.515972E-004
   6.971742E-004
   7.071353E-004
   5.783932E-004
   3.620363E-004
   1.441412E-004
   1.353287E-005
   2.674144E-005
   1.867550E-004
   4.416614E-004
   7.015244E-004
   8.750551E-004
   8.991079E-004
   7.664563E-004
   5.245034E-004
   2.596761E-004
   6.391754E-005
   4.464039E-007
   8.114876E-005
   2.633152E-004
   4.664102E-004
   6.059526E-004
   6.237410E-004
   5.136847E-004
   3.206917E-004
   1.253817E-004
   1.023012E-005
   2.788763E-005
   1.794457E-004
   4.134245E-004
   6.452045E-004
   7.894525E-004
   7.927482E-004
   6.544940E-004
   4.260583E-004
   1.917379E-004
   3.461481E-005
   5.863487E-006
   1.048275E-004
   2.806647E-004
   4.546682E-004
   5.507581E-004
   5.286833E-004
   3.976870E-004
   2.145335E-004
   5.862309E-005
   8.979922E-008
   7.043521E-005
   2.491949E-004
   4.712416E-004
   6.529394E-004
   7.246657E-004
   6.594403E-004
   4.824587E-004
   2.618000E-004
   7.977621E-005
   9.954785E-007
   4.617524E-005
   1.852346E-004
   3.513392E-004
   4.684271E-004
   4.849435E-004
   3.934251E-004
   2.351860E-004
   8.109253E-005
   2.348797E-006
   3.944852E-005
   1.847067E-004
   3.847833E-004
   5.620190E-004
   6.468463E-004
   6.057349E-004
   4.555508E-004
   2.556865E-004
   8.353268E-005
   2.389663E-006
   3.558145E-005
   1.579105E-004
   3.078088E-004
   4.142451E-004
   4.283136E-004
   3.436875E-004
   1.997365E-004
   6.348843E-005
   5.453121E-007
   4.565380E-005
   1.870091E-004
   3.708373E-004
   5.232416E-004
   5.826412E-004
   5.246489E-004
   3.736087E-004
   1.907734E-004
   4.881723E-005
   1.438108E-007
   5.544482E-005
   1.801893E-004
   3.107750E-004
   3.841400E-004
   3.652093E-004
   2.635040E-004
   1.276184E-004
   2.380503E-005
   5.223052E-006
   8.772774E-005
   2.419863E-004
   4.054957E-004
   5.104576E-004
   5.125798E-004
   4.115369E-004
   2.498379E-004
   9.470394E-005
   7.670346E-006
   1.815922E-005
   1.112093E-004
   2.354623E-004
   3.279160E-004
   3.427073E-004
   2.730114E-004
   1.531991E-004
   4.324255E-005
   3.784500E-008
   5.077276E-005
   1.795639E-004
   3.337924E-004
   4.480124E-004
   4.727963E-004
   3.978456E-004
   2.556793E-004
   1.073156E-004
   1.391637E-005
   9.570545E-006
   8.641259E-005
   1.995280E-004
   2.892877E-004
   3.096608E-004
   2.506141E-004
   1.422674E-004
   4.058633E-005
   2.571928E-008
   4.710482E-005
   1.669531E-004
   3.094183E-004
   4.122714E-004
   4.298708E-004
   3.545864E-004
   2.201170E-004
   8.554072E-005
   7.633896E-006
   1.456066E-005
   9.353470E-005
   1.982068E-004
   2.719677E-004
   2.761282E-004
   2.085938E-004
   1.050667E-004
   2.085806E-005
   3.557744E-006
   6.887054E-005
   1.920866E-004
   3.194386E-004
   3.932406E-004
   3.800147E-004
   2.858501E-004
   1.539397E-004
   4.313293E-005
   1.897195E-008
   3.677596E-005
   1.264226E-004
   2.173980E-004
   2.598391E-004
   2.310449E-004
   1.466626E-004
   5.261775E-005
   1.591905E-006
   2.590565E-005
   1.204949E-004
   2.445919E-004
   3.412076E-004
   3.653157E-004
   3.055547E-004
   1.902860E-004
   7.288587E-005
   5.775762E-006
   1.448599E-005
   8.596508E-005
   1.763915E-004
   2.342516E-004
   2.275394E-004
   1.600182E-004
   6.937313E-005
   7.279719E-006
   1.220195E-005
   8.873444E-005
   2.043196E-004
   3.050284E-004
   3.428151E-004
   2.993955E-004
   1.959764E-004
   8.182537E-005
   9.704341E-006
   8.977991E-006
   7.158183E-005
   1.573709E-004
   2.159371E-004
   2.138937E-004
   1.524607E-004
   6.682158E-005
   7.173035E-006
   1.150306E-005
   8.470162E-005
   1.950309E-004
   2.897784E-004
   3.226989E-004
   2.774336E-004
   1.765711E-004
   6.924995E-005
   5.988186E-006
   1.242843E-005
   7.687756E-005
   1.576768E-004
   2.064835E-004
   1.947541E-004
   1.295089E-004
   4.903016E-005
   2.072558E-006
   2.053741E-005
   1.014276E-004
   2.075245E-004
   2.864043E-004
   2.984174E-004
   2.374716E-004
   1.344103E-004
   4.054148E-005
   2.195763E-007
   2.770550E-005
   1.004056E-004
   1.721915E-004
   1.997922E-004
   1.666919E-004
   9.275615E-005
   2.269563E-005
   9.823995E-007
   4.634310E-005
   1.404362E-004
   2.369214E-004
   2.865102E-004
   2.633392E-004
   1.796248E-004
   7.842232E-005
   1.055970E-005
   6.781133E-006
   6.168228E-005
   1.377373E-004
   1.873508E-004
   1.801183E-004
   1.205719E-004
   4.515551E-005
   1.608414E-006
   2.094577E-005
   9.906035E-005
   1.979864E-004
   2.664430E-004
   2.681788E-004
   2.023880E-004
   1.037878E-004
   2.365821E-005
   9.178376E-007
   4.108377E-005
   1.141098E-004
   1.726065E-004
   1.798518E-004
   1.314209E-004
   5.754061E-005
   5.583014E-006
   1.172521E-005
   7.925068E-005
   1.755577E-004
   2.499507E-004
   2.623101E-004
   2.059802E-004
   1.113602E-004
   2.892448E-005
   1.528457E-007
   3.451274E-005
   1.048897E-004
   1.644655E-004
   1.750006E-004
   1.298512E-004
   5.776055E-005
   5.901641E-006
   1.106995E-005
   7.711220E-005
   1.714832E-004
   2.434223E-004
   2.532048E-004
   1.954479E-004
   1.019806E-004
   2.373464E-005
   7.976994E-007
   3.967906E-005
   1.103744E-004
   1.653436E-004
   1.686592E-004
   1.182522E-004
   4.687378E-005
   2.363326E-006
   1.782492E-005
   9.074095E-005
   1.832756E-004
   2.442231E-004
   2.390039E-004
   1.706590E-004
   7.767452E-005
   1.143888E-005
   5.612291E-006
   5.668855E-005
   1.271239E-004
   1.693497E-004
   1.553272E-004
   9.436186E-005
   2.708849E-005
   1.189127E-007
   3.650783E-005
   1.204811E-004
   2.059504E-004
   2.441580E-004
   2.129238E-004
   1.302980E-004
   4.367289E-005
   8.936712E-007
   2.167088E-005
   8.627124E-005
   1.488322E-004
   1.668133E-004
   1.281556E-004
   5.882505E-005
   6.563698E-006
   1.005687E-005
   7.379448E-005
   1.639983E-004
   2.288354E-004
   2.300394E-004
   1.669386E-004
   7.660691E-005
   1.122147E-005
   5.737346E-006
   5.678225E-005
   1.257908E-004
   1.645526E-004
   1.464085E-004
   8.375415E-005
   2.001665E-005
   1.340589E-006
   4.625215E-005
   1.325762E-004
   2.104297E-004
   2.332762E-004
   1.873291E-004
   1.001423E-004
   2.356470E-005
   8.226965E-007
   3.976885E-005
   1.087906E-004
   1.583557E-004
   1.537210E-004
   9.814181E-005
   3.057761E-005
   8.609196E-011
   3.263628E-005
   1.137277E-004
   1.959263E-004
   2.293038E-004
   1.933224E-004
   1.100327E-004
   3.010985E-005
   6.166664E-008
   3.284903E-005
   1.003659E-004
   1.530737E-004
   1.533596E-004
   1.010578E-004
   3.340873E-005
   9.234589E-008
   2.942040E-005
   1.084031E-004
   1.901267E-004
   2.239928E-004
   1.887371E-004
   1.063655E-004
   2.799497E-005
   2.061961E-007
   3.500534E-005
   1.027673E-004
   1.532012E-004
   1.497963E-004
   9.501116E-005
   2.851752E-005
   4.299149E-008
   3.495784E-005
   1.159391E-004
   1.934846E-004
   2.184417E-004
   1.748317E-004
   9.043132E-005
   1.850698E-005
   2.172119E-006
   4.609602E-005
   1.143409E-004
   1.559561E-004
   1.404617E-004
   7.914509E-005
   1.726174E-005
   2.320124E-006
   5.059898E-005
   1.347265E-004
   2.014685E-004
   2.074384E-004
   1.487561E-004
   6.357333E-005
   6.235719E-006
   1.046955E-005
   6.699303E-005
   1.310679E-004
   1.545318E-004
   1.200205E-004
   5.312536E-005
   4.422146E-006
   1.334133E-005
   7.964078E-005
   1.623623E-004
   2.075350E-004
   1.852021E-004
   1.101580E-004
   3.183217E-005
   3.342789E-009
   3.080171E-005
   9.636568E-005
   1.456534E-004
   1.412840E-004
   8.655852E-005
   2.306088E-005
   6.109523E-007
   4.101644E-005
   1.213544E-004
   1.891888E-004
   1.989422E-004
   1.440383E-004
   6.144437E-005
   5.742610E-006
   1.089038E-005
   6.690369E-005
   1.281774E-004
   1.471936E-004
   1.094238E-004
   4.384656E-005
   1.806197E-006
   1.908995E-005
   8.898560E-005
   1.659673E-004
   1.976918E-004
   1.623474E-004
   8.420130E-005
   1.637054E-005
   2.778775E-006
   4.719925E-005
   1.116102E-004
   1.450116E-004
   1.214416E-004
   5.920989E-005
   7.342015E-006
   8.839016E-006
   6.816170E-005
   1.468052E-004
   1.906739E-004
   1.691605E-004
   9.734127E-005
   2.501654E-005
   4.104894E-007
   3.554803E-005
   9.849287E-005
   1.382001E-004
   1.232124E-004
   6.539074E-005
   1.094733E-005
   5.267921E-006
   5.812268E-005
   1.352045E-004
   1.827904E-004
   1.671318E-004
   9.937417E-005
   2.734467E-005
   1.244942E-007
   3.217084E-005
   9.355815E-005
   1.336911E-004
   1.202835E-004
   6.410950E-005
   1.071901E-005
   5.225636E-006
   5.718004E-005
   1.321762E-004
   1.770077E-004
   1.593406E-004
   9.196030E-005
   2.319242E-005
   5.442085E-007
   3.544134E-005
   9.563099E-005
   1.310000E-004
   1.127523E-004
   5.576130E-005
   6.939075E-006
   8.401960E-006
   6.411861E-005
   1.357907E-004
   1.714844E-004
   1.450480E-004
   7.594968E-005
   1.438580E-005
   2.935410E-006
   4.457159E-005
   1.015760E-004
   1.259828E-004
   9.765981E-005
   4.009598E-005
   1.713250E-006
   1.721058E-005
   7.945856E-005
   1.440771E-004
   1.633024E-004
   1.228681E-004
   5.291431E-005
   4.584275E-006
   1.053463E-005
   6.031130E-005
   1.098420E-004
   1.171982E-004
   7.629372E-005
   2.161189E-005
   3.287478E-007
   3.404491E-005
   1.006188E-004
   1.508543E-004
   1.468394E-004
   9.169042E-005
   2.699706E-005
   8.965222E-009
   2.680229E-005
   8.057218E-005
   1.142866E-004
   9.921081E-005
   4.823533E-005
   5.246575E-006
   9.057364E-006
   6.123010E-005
   1.238444E-004
   1.492577E-004
   1.179861E-004
   5.412758E-005
   6.034555E-006
   7.761136E-006
   5.248875E-005
   9.929127E-005
   1.073981E-004
   6.991932E-005
   1.934272E-005
   4.450646E-007
   3.288759E-005
   9.422418E-005
   1.374812E-004
   1.289519E-004
   7.540817E-005
   1.846038E-005
   7.174394E-007
   3.163484E-005
   8.089629E-005
   1.045461E-004
   8.196478E-005
   3.297881E-005
   1.048605E-006
   1.650952E-005
   7.057628E-005
   1.218277E-004
   1.298864E-004
   8.847524E-005
   3.037829E-005
   3.349202E-007
   1.847440E-005
   6.462213E-005
   9.637766E-005
   8.545138E-005
   4.164001E-005
   4.292753E-006
   8.516025E-006
   5.479884E-005
   1.077536E-004
   1.252036E-004
   9.320773E-005
   3.751689E-005
   1.954743E-006
   1.198250E-005
   5.419034E-005
   8.886679E-005
   8.460086E-005
   4.533062E-005
   6.737006E-006
   5.168601E-006
   4.583257E-005
   9.752867E-005
   1.185961E-004
   9.196445E-005
   3.940198E-005
   2.932257E-006
   9.362884E-006
   4.831208E-005
   8.235252E-005
   8.015055E-005
   4.383074E-005
   6.870866E-006
   4.499742E-006
   4.243951E-005
   9.118126E-005
   1.108896E-004
   8.538705E-005
   3.581986E-005
   2.320312E-006
   9.659571E-006
   4.673478E-005
   7.746159E-005
   7.315882E-005
   3.792534E-005
   4.759338E-006
   5.980117E-006
   4.411436E-005
   8.891832E-005
   1.032777E-004
   7.528831E-005
   2.839252E-005
   8.261954E-007
   1.253387E-005
   4.863657E-005
   7.376244E-005
   6.416835E-005
   2.899530E-005
   1.793562E-006
   1.001256E-005
   4.982224E-005
   8.879230E-005
   9.413904E-005
   6.144834E-005
   1.834620E-005
   1.256274E-008
   1.846235E-005
   5.290675E-005
   6.951007E-005
   5.243652E-005
   1.812277E-005
   1.163615E-008
   1.768678E-005
   5.846369E-005
   8.816516E-005
   8.140497E-005
   4.410602E-005
   7.998837E-006
   2.221463E-006
   2.776427E-005
   5.769911E-005
   6.262688E-005
   3.787739E-005
   7.588478E-006
   2.107429E-006
   2.956237E-005
   6.775353E-005
   8.386625E-005
   6.398214E-005
   2.546949E-005
   1.064438E-006
   9.353647E-006
   3.870256E-005
   5.906140E-005
   5.039259E-005
   2.130919E-005
   7.364954E-007
   1.051178E-005
   4.449684E-005
   7.364988E-005
   7.241132E-005
   4.198647E-005
   9.026672E-006
   1.096782E-006
   2.176965E-005
   4.833795E-005
   5.393381E-005
   3.307621E-005
   6.662176E-006
   1.866557E-006
   2.599703E-005
   5.900625E-005
   7.176735E-005
   5.297068E-005
   1.944830E-005
   3.564703E-007
   1.020934E-005
   3.611545E-005
   5.096822E-005
   3.975756E-005
   1.389516E-005
   4.495893E-009
   1.400790E-005
   4.533709E-005
   6.638483E-005
   5.825860E-005
   2.839115E-005
   3.350960E-006
   3.848802E-006
   2.578419E-005
   4.519541E-005
   4.201531E-005
   1.958933E-005
   1.191398E-006
   7.065618E-006
   3.428948E-005
   5.897964E-005
   5.877367E-005
   3.396291E-005
   7.011809E-006
   1.089243E-006
   1.839219E-005
   3.903523E-005
   4.120406E-005
   2.271851E-005
   2.988055E-006
   3.595638E-006
   2.662007E-005
   5.198636E-005
   5.650757E-005
   3.608853E-005
   9.511019E-006
   2.305511E-007
   1.403486E-005
   3.430486E-005
   3.920882E-005
   2.362809E-005
   4.128244E-006
   2.166990E-006
   2.228881E-005
   4.700329E-005
   5.350800E-005
   3.579424E-005
   1.037098E-005
   5.390160E-008
   1.192396E-005
   3.119324E-005
   3.676911E-005
   2.273358E-005
   4.208766E-006
   1.828937E-006
   2.050573E-005
   4.388572E-005
   5.015367E-005
   3.344390E-005
   9.511483E-006
   7.989436E-008
   1.160429E-005
   2.964728E-005
   3.423469E-005
   2.044061E-005
   3.320210E-006
   2.275846E-006
   2.083222E-005
   4.244742E-005
   4.671087E-005
   2.960723E-005
   7.406198E-006
   3.337842E-007
   1.262258E-005
   2.906829E-005
   3.130156E-005
   1.691749E-005
   1.845805E-006
   3.640837E-006
   2.291930E-005
   4.209804E-005
   4.284916E-005
   2.449700E-005
   4.599324E-006
   1.187745E-006
   1.488305E-005
   2.910007E-005
   2.785300E-005
   1.256770E-005
   4.676385E-007
   6.279594E-006
   2.635356E-005
   4.181744E-005
   3.763973E-005
   1.793375E-005
   1.691292E-006
   3.400385E-006
   1.863494E-005
   2.943702E-005
   2.363967E-005
   7.776756E-006
   4.289527E-008
   1.074782E-005
   3.088687E-005
   4.098106E-005
   3.106739E-005
   1.096167E-005
   6.552620E-008
   7.416625E-006
   2.286517E-005
   2.847407E-005
   1.790577E-005
   3.188202E-006
   1.695426E-006
   1.721441E-005
   3.530967E-005
   3.807295E-005
   2.275718E-005
   4.605324E-006
   8.999591E-007
   1.313825E-005
   2.615219E-005
   2.490032E-005
   1.083239E-005
   2.598297E-007
   6.504841E-006
   2.505625E-005
   3.778931E-005
   3.188550E-005
   1.332485E-005
   5.444213E-007
   5.040937E-006
   1.964917E-005
   2.693257E-005
   1.846299E-005
   4.062442E-006
   9.763187E-007
   1.471961E-005
   3.245911E-005
   3.630889E-005
   2.233087E-005
   4.742747E-006
   7.575434E-007
   1.241783E-005
   2.502739E-005
   2.373233E-005
   1.004128E-005
   1.568980E-007
   6.908546E-006
   2.511178E-005
   3.656702E-005
   2.947023E-005
   1.114295E-005
   1.555904E-007
   6.396557E-006
   2.083083E-005
   2.605766E-005
   1.591281E-005
   2.398606E-006
   2.217855E-006
   1.779227E-005
   3.389226E-005
   3.386104E-005
   1.771488E-005
   2.166220E-006
   2.474431E-006
   1.610081E-005
   2.615230E-005
   2.065812E-005
   6.131342E-006
   2.217164E-007
   1.161589E-005
   2.969864E-005
   3.573678E-005
   2.335292E-005
   5.561550E-006
   4.852790E-007
   1.161263E-005
   2.453483E-005
   2.365316E-005
   1.001232E-005
   1.374690E-007
   7.117038E-006
   2.525828E-005
   3.579417E-005
   2.750346E-005
   9.199236E-006
   4.926828E-010
   8.227626E-006
   2.259528E-005
   2.553989E-005
   1.350350E-005
   1.076678E-006
   4.196072E-006
   2.147321E-005
   3.505566E-005
   3.035114E-005
   1.240745E-005
   3.257828E-007
   5.930282E-006
   2.084199E-005
   2.660130E-005
   1.620127E-005
   2.295359E-006
   2.547723E-006
   1.886062E-005
   3.445497E-005
   3.247702E-005
   1.504967E-005
   9.508661E-007
   4.451493E-006
   1.946814E-005
   2.715136E-005
   1.808174E-005
   3.362396E-006
   1.663117E-006
   1.713019E-005
   3.385523E-005
   3.361803E-005
   1.664961E-005
   1.446166E-006
   3.729526E-006
   1.878044E-005
   2.751786E-005
   1.916117E-005
   4.001888E-006
   1.288081E-006
   1.630008E-005
   3.348870E-005
   3.395433E-005
   1.715435E-005
   1.595510E-006
   3.595700E-006
   1.876473E-005
   2.773964E-005
   1.936512E-005
   4.024557E-006
   1.333151E-006
   1.658579E-005
   3.379400E-005
   3.383042E-005
   1.662029E-005
   1.318762E-006
   4.127124E-006
   1.972973E-005
   2.815029E-005
   1.885047E-005
   3.446868E-006
   1.826556E-006
   1.804877E-005
   3.477649E-005
   3.319482E-005
   1.506106E-005
   7.396850E-007
   5.403657E-006
   2.153340E-005
   2.844881E-005
   1.743773E-005
   2.369994E-006
   2.958838E-006
   2.063032E-005
   3.605974E-005
   3.167816E-005
   1.246864E-005
   1.560698E-007
   7.596717E-006
   2.392517E-005
   2.818730E-005
   1.497704E-005
   1.088614E-006
   5.036989E-006
   2.413567E-005
   3.700500E-005
   2.881533E-005
   9.003240E-006
   5.775106E-008
   1.079660E-005
   2.631598E-005
   2.664879E-005
   1.135969E-005
   1.195684E-007
   8.471658E-006
   2.828985E-005
   3.694421E-005
   2.434567E-005
   5.128345E-006
   1.089861E-006
   1.513331E-005
   2.834862E-005
   2.367805E-005
   7.106355E-006
   2.948118E-007
   1.359859E-005
   3.265686E-005
   3.531488E-005
   1.842527E-005
   1.730662E-006
   3.957774E-006
   2.034909E-005
   2.914900E-005
   1.893766E-005
   2.957433E-006
   2.594734E-006
   2.039048E-005
   3.614117E-005
   3.125996E-005
   1.151535E-005
   2.606913E-008
   9.058842E-006
   2.543890E-005
   2.754261E-005
   1.261584E-005
   2.817881E-007
   7.765819E-006
   2.776844E-005
   3.683841E-005
   2.412411E-005
   4.796940E-006
   1.357542E-006
   1.604972E-005
   2.872489E-005
   2.266478E-005
   5.831808E-006
   7.610869E-007
   1.576976E-005
   3.381465E-005
   3.328440E-005
   1.482110E-005
   5.169839E-007
   6.465993E-006
   2.313206E-005
   2.807135E-005
   1.474851E-005
   8.863590E-007
   5.727183E-006
   2.506157E-005
   3.587733E-005
   2.501717E-005
   5.689470E-006
   9.007376E-007
   1.474358E-005
   2.786613E-005
   2.269798E-005
   6.130138E-006
   6.174366E-007
   1.504715E-005
   3.272091E-005
   3.207593E-005
   1.390435E-005
   3.546013E-007
   6.944462E-006
   2.329873E-005
   2.712366E-005
   1.328479E-005
   4.749068E-007
   6.839219E-006
   2.601436E-005
   3.466647E-005
   2.208138E-005
   3.825146E-006
   1.874357E-006
   1.677548E-005
   2.763190E-005
   1.971419E-005
   3.756032E-006
   1.842549E-006
   1.824464E-005
   3.323401E-005
   2.815362E-005
   9.364921E-006
   2.824197E-008
   1.038772E-005
   2.511173E-005
   2.394625E-005
   8.496301E-006
   4.489069E-008
   1.130077E-005
   2.918195E-005
   3.136807E-005
   1.512703E-005
   7.874814E-007
   5.386317E-006
   2.095316E-005
   2.569546E-005
   1.311106E-005
   5.779969E-007
   6.123019E-006
   2.410792E-005
   3.207787E-005
   1.993183E-005
   3.066328E-006
   2.211837E-006
   1.657126E-005
   2.559769E-005
   1.677270E-005
   2.354218E-006
   2.839549E-006
   1.922000E-005
   3.108320E-005
   2.327620E-005
   5.810031E-006
   6.060416E-007
   1.274207E-005
   2.438155E-005
   1.920551E-005
   4.460207E-006
   1.067577E-006
   1.513769E-005
   2.922066E-005
   2.520378E-005
   8.299035E-006
   4.742600E-008
   9.770328E-006
   2.271035E-005
   2.053496E-005
   6.325203E-006
   2.813114E-007
   1.203503E-005
   2.711522E-005
   2.600657E-005
   1.018169E-005
   3.900315E-008
   7.617659E-006
   2.094611E-005
   2.094560E-005
   7.648546E-006
   2.959106E-008
   9.802547E-006
   2.500442E-005
   2.582972E-005
   1.123359E-005
   2.165642E-007
   6.181406E-006
   1.927926E-005
   2.055288E-005
   8.216125E-006
   6.443139E-010
   8.473451E-006
   2.333244E-005
   2.508632E-005
   1.144715E-005
   3.329454E-007
   5.478598E-006
   1.814674E-005
   1.983429E-005
   8.142446E-006
   5.720678E-009
   7.929633E-006
   2.224265E-005
   2.402546E-005
   1.093226E-005
   2.993259E-007
   5.359350E-006
   1.748686E-005
   1.883137E-005
   7.471080E-006
   1.751483E-010
   8.060228E-006
   2.166916E-005
   2.269625E-005
   9.794276E-006
   1.509149E-007
   5.741939E-006
   1.720162E-005
   1.756661E-005
   6.335608E-006
   4.807650E-008
   8.711561E-006
   2.132878E-005
   2.093671E-005
   8.104772E-006
   1.252523E-008
   6.549973E-006
   1.701693E-005
   1.583393E-005
   4.778170E-006
   2.982524E-007
   9.880973E-006
   2.105989E-005
   1.867728E-005
   6.021228E-006
   7.535083E-008
   7.771699E-006
   1.680112E-005
   1.367097E-005
   3.059913E-006
   9.415490E-007
   1.145391E-005
   2.061421E-005
   1.589086E-005
   3.798726E-006
   5.749128E-007
   9.358531E-006
   1.634118E-005
   1.104309E-005
   1.427073E-006
   2.219933E-006
   1.338626E-005
   1.979470E-005
   1.261244E-005
   1.771567E-006
   1.740149E-006
   1.113686E-005
   1.535024E-005
   8.036640E-006
   2.805876E-007
   4.271940E-006
   1.528927E-005
   1.816450E-005
   8.922454E-006
   3.670141E-007
   3.674912E-006
   1.269461E-005
   1.347825E-005
   4.862459E-006
   5.539509E-008
   7.062690E-006
   1.664633E-005
   1.544597E-005
   5.179300E-006
   4.174355E-008
   6.241927E-006
   1.349942E-005
   1.061696E-005
   2.039869E-006
   1.129720E-006
   1.020754E-005
   1.679964E-005
   1.163479E-005
   2.019467E-006
   1.102098E-006
   8.923474E-006
   1.295702E-005
   6.981902E-006
   2.668853E-007
   3.600716E-006
   1.299521E-005
   1.525022E-005
   7.187840E-006
   1.978074E-007
   3.516133E-006
   1.101603E-005
   1.084675E-005
   3.296979E-006
   2.445649E-007
   7.153633E-006
   1.458632E-005
   1.194862E-005
   3.042548E-006
   3.588247E-007
   6.727592E-006
   1.162291E-005
   7.344566E-006
   6.323133E-007
   2.337728E-006
   1.080545E-005
   1.402242E-005
   7.369461E-006
   4.039303E-007
   2.608208E-006
   9.548258E-006
   1.006195E-005
   3.357631E-006
   1.283416E-007
   6.110261E-006
   1.307629E-005
   1.096303E-005
   2.860673E-006
   3.050260E-007
   6.086906E-006
   1.051763E-005
   6.532276E-006
   4.949612E-007
   2.315296E-006
   1.005909E-005
   1.257831E-005
   6.211464E-006
   2.154953E-007
   2.783400E-006
   8.968949E-006
   8.717541E-006
   2.452805E-006
   3.193935E-007
   6.376598E-006
   1.207056E-005
   9.054497E-006
   1.781807E-006
   6.791679E-007
   6.436976E-006
   9.413899E-006
   4.808891E-006
   8.652452E-008
   3.255386E-006
   1.020381E-005
   1.073723E-005
   4.080045E-006
   7.523931E-010
   3.900093E-006
   8.864910E-006
   6.772802E-006
   1.035140E-006
   1.175093E-006
   7.754053E-006
   1.118043E-005
   6.351536E-006
   4.587054E-007
   1.896379E-006
   7.528575E-006
   7.988958E-006
   2.535171E-006
   1.716029E-007
   5.337458E-006
   1.064862E-005
   8.157896E-006
   1.615963E-006
   6.266430E-007
   5.869585E-006
   8.435502E-006
   4.109312E-006
   3.305028E-008
   3.289821E-006
   9.466401E-006
   9.302109E-006
   3.056357E-006
   6.176247E-008
   4.216325E-006
   8.214832E-006
   5.423654E-006
   4.682083E-007
   1.776928E-006
   7.974763E-006
   9.772400E-006
   4.442246E-006
   5.102951E-008
   2.813733E-006
   7.573978E-006
   6.348027E-006
   1.180879E-006
   8.137931E-007
   6.522537E-006
   9.783519E-006
   5.605868E-006
   3.806654E-007
   1.782887E-006
   6.811109E-006
   6.934171E-006
   1.950572E-006
   2.920808E-007
   5.299032E-006
   9.557191E-006
   6.514859E-006
   8.646295E-007
   1.082121E-006
   6.072756E-006
   7.270528E-006
   2.663071E-006
   5.979107E-008
   4.321278E-006
   9.216168E-006
   7.182703E-006
   1.378814E-006
   6.308539E-007
   5.413053E-006
   7.414364E-006
   3.249421E-006
   1.596756E-010
   3.576892E-006
   8.835916E-006
   7.623357E-006
   1.834426E-006
   3.612405E-007
   4.869283E-006
   7.422859E-006
   3.675025E-006
   2.460335E-008
   3.043535E-006
   8.472000E-006
   7.863107E-006
   2.176065E-006
   2.129164E-007
   4.452805E-006
   7.339595E-006
   3.930567E-006
   7.173609E-008
   2.689199E-006
   8.156152E-006
   7.931442E-006
   2.371548E-006
   1.438652E-007
   4.196522E-006
   7.239824E-006
   4.027047E-006
   9.976727E-008
   2.536748E-006
   7.994520E-006
   7.901921E-006
   2.405089E-006
   1.321309E-007
   4.142364E-006
   7.185645E-006
   3.985309E-006
   9.197285E-008
   2.570611E-006
   7.990778E-006
   7.789021E-006
   2.285006E-006
   1.672242E-007
   4.266248E-006
   7.161777E-006
   3.809911E-006
   5.485839E-008
   2.772602E-006
   8.106882E-006
   7.572358E-006
   2.024866E-006
   2.600959E-007
   4.538983E-006
   7.124095E-006
   3.495143E-006
   1.241243E-008
   3.130088E-006
   8.277717E-006
   7.205380E-006
   1.644217E-006
   4.364192E-007
   4.917195E-006
   6.996836E-006
   3.026556E-006
   4.285653E-009
   3.633986E-006
   8.418731E-006
   6.629384E-006
   1.173795E-006
   7.346094E-007
   5.362797E-006
   6.721156E-006
   2.417438E-006
   8.873731E-008
   4.299976E-006
   8.508489E-006
   5.861723E-006
   6.808380E-007
   1.211671E-006
   5.886807E-006
   6.302979E-006
   1.723440E-006
   3.447905E-007
   5.146910E-006
   8.503106E-006
   4.904330E-006
   2.544822E-007
   1.914467E-006
   6.409012E-006
   5.666971E-006
   1.007360E-006
   8.616305E-007
   6.115659E-006
   8.273215E-006
   3.766337E-006
   1.508485E-008
   2.851553E-006
   6.797970E-006
   4.765879E-006
   3.890415E-007
   1.706153E-006
   7.073558E-006
   7.682794E-006
   2.519880E-006
   9.690933E-008
   3.961340E-006
   6.881256E-006
   3.604672E-006
   3.032701E-008
   2.886977E-006
   7.820419E-006
   6.638030E-006
   1.318925E-006
   6.093103E-007
   5.089288E-006
   6.491595E-006
   2.289864E-006
   1.110890E-007
   4.304571E-006
   8.106727E-006
   5.145696E-006
   3.937016E-007
   1.583811E-006
   6.005951E-006
   5.551827E-006
   1.047753E-006
   7.763342E-007
   5.790353E-006
   7.785479E-006
   3.392137E-006
   1.329978E-009
   2.962158E-006
   6.503900E-006
   4.145350E-006
   1.913570E-007
   2.078593E-006
   7.058306E-006
   6.743519E-006
   1.671475E-006
   3.572384E-007
   4.501454E-006
   6.303832E-006
   2.463099E-006
   5.100650E-008
   3.869187E-006
   7.692099E-006
   5.007196E-006
   3.994489E-007
   1.510394E-006
   5.767055E-006
   5.249807E-006
   9.133624E-007
   8.558696E-007
   5.732321E-006
   7.314592E-006
   2.888376E-006
   1.147799E-008
   3.216153E-006
   6.246414E-006
   3.482905E-006
   4.839846E-008
   2.547744E-006
   7.038358E-006
   5.813292E-006
   9.939082E-007
   7.435620E-007
   4.895043E-006
   5.580294E-006
   1.532652E-006
   3.356684E-007
   4.640136E-006
   7.165793E-006
   3.538912E-006
   3.236651E-008
   2.396234E-006
   5.813612E-006
   3.865475E-006
   1.987790E-007
   1.852183E-006
   6.343301E-006
   5.899602E-006
   1.301927E-006
   4.550742E-007
   4.303565E-006
   5.440799E-006
   1.734938E-006
   1.941008E-007
   4.096016E-006
   6.801978E-006
   3.574234E-006
   6.168717E-008
   2.129359E-006
   5.475369E-006
   3.744661E-006
   2.110174E-007
   1.721813E-006
   6.005075E-006
   5.569843E-006
   1.189863E-006
   4.737424E-007
   4.167583E-006
   5.100290E-006
   1.507246E-006
   2.549101E-007
   4.100015E-006
   6.408097E-006
   3.097369E-006
   1.461741E-008
   2.303556E-006
   5.244679E-006
   3.205670E-006
   8.239929E-008
   2.018555E-006
   5.892247E-006
   4.846312E-006
   7.515557E-007
   7.462681E-007
   4.285943E-006
   4.465527E-006
   9.498116E-007
   5.400968E-007
   4.421787E-006
   5.766558E-006
   2.176441E-006
   3.122381E-008
   2.787231E-006
   4.864855E-006
   2.255141E-006
   3.709622E-009
   2.695161E-006
   5.724594E-006
   3.660602E-006
   2.163685E-007
   1.369204E-006
   4.461626E-006
   3.445779E-006
   2.959842E-007
   1.239723E-006
   4.930921E-006
   4.757479E-006
   1.040499E-006
   3.986686E-007
   3.526825E-006
   4.185870E-006
   1.097741E-006
   3.266034E-007
   3.728266E-006
   5.257149E-006
   2.142686E-006
   1.033174E-008
   2.399918E-006
   4.371739E-006
   2.057978E-006
   3.340818E-009
   2.461584E-006
   5.168856E-006
   3.201134E-006
   1.480662E-007
   1.364352E-006
   4.075293E-006
   2.903136E-006
   1.603925E-007
   1.374893E-006
   4.625732E-006
   3.996680E-006
   6.491200E-007
   5.915448E-007
   3.448985E-006
   3.465511E-006
   6.162949E-007
   5.990650E-007
   3.815758E-006
   4.425734E-006
   1.314140E-006
   1.480218E-007
   2.689267E-006
   3.706232E-006
   1.180328E-006
   1.651288E-007
   2.964203E-006
   4.533710E-006
   1.976199E-006
   1.756950E-009
   1.973550E-006
   3.700218E-006
   1.721117E-006
   7.163609E-009
   2.199200E-006
   4.414732E-006
   2.546465E-006
   6.428618E-008
   1.370551E-006
   3.527456E-006
   2.173400E-006
   3.591478E-008
   1.565338E-006
   4.149134E-006
   2.985034E-006
   2.510511E-007
   9.005704E-007
   3.254729E-006
   2.508274E-006
   1.730443E-007
   1.073703E-006
   3.805221E-006
   3.282586E-006
   4.921377E-007
   5.594012E-007
   2.937251E-006
   2.722703E-006
   3.557822E-007
   7.138956E-007
   3.435273E-006
   3.448675E-006
   7.350461E-007
   3.280701E-007
   2.614553E-006
   2.827667E-006
   5.384959E-007
   4.638173E-007
   3.072993E-006
   3.500470E-006
   9.431211E-007
   1.829149E-007
   2.318301E-006
   2.846574E-006
   6.895839E-007
   3.048810E-007
   2.769669E-006
   3.486130E-006
   1.096049E-006
   1.028948E-007
   2.090765E-006
   2.823390E-006
   7.941961E-007
   2.139281E-007
   2.548720E-006
   3.441293E-006
   1.189977E-006
   6.286066E-008
   1.932810E-006
   2.778778E-006
   8.505978E-007
   1.669504E-007
   2.403403E-006
   3.381071E-006
   1.227427E-006
   4.589642E-008
   1.837125E-006
   2.722949E-006
   8.614461E-007
   1.494531E-007
   2.323099E-006
   3.310399E-006
   1.212887E-006
   4.306115E-008
   1.792185E-006
   2.654766E-006
   8.293424E-007
   1.544950E-007
   2.294076E-006
   3.222427E-006
   1.148126E-006
   5.195938E-008
   1.786691E-006
   2.566236E-006
   7.562885E-007
   1.810591E-007
   2.302888E-006
   3.105010E-006
   1.034833E-006
   7.492899E-008
   1.811336E-006
   2.449778E-006
   6.465012E-007
   2.339975E-007
   2.349228E-006
   2.959833E-006
   8.780100E-007
   1.222520E-007
   1.884762E-006
   2.321754E-006
   5.097376E-007
   3.267510E-007
   2.447973E-006
   2.795506E-006
   6.899079E-007
   2.070722E-007
   2.001870E-006
   2.173673E-006
   3.587387E-007
   4.691803E-007
   2.579295E-006
   2.595340E-006
   4.865138E-007
   3.416093E-007
   2.141088E-006
   1.988314E-006
   2.096856E-007
   6.694824E-007
   2.715534E-006
   2.341786E-006
   2.882798E-007
   5.349187E-007
   2.272708E-006
   1.748952E-006
   8.362572E-008
   9.320820E-007
   2.824026E-006
   2.023664E-006
   1.217462E-007
   7.883333E-007
   2.360774E-006
   1.448381E-006
   8.610703E-009
   1.251158E-006
   2.865420E-006
   1.640540E-006
   1.829324E-008
   1.090709E-006
   2.366978E-006
   1.096397E-006
   1.631439E-008
   1.604863E-006
   2.800911E-006
   1.210039E-006
   1.029090E-008
   1.425187E-006
   2.272198E-006
   7.236504E-007
   1.382689E-007
   1.982750E-006
   2.626770E-006
   7.733097E-007
   1.286876E-007
   1.769397E-006
   2.062007E-006
   3.736067E-007
   4.022083E-007
   2.342135E-006
   2.320170E-006
   3.810741E-007
   3.919926E-007
   2.063412E-006
   1.719737E-006
   1.079792E-007
   8.130556E-007
   2.609084E-006
   1.873239E-006
   9.945626E-008
   7.904787E-007
   2.234238E-006
   1.264127E-006
   7.922838E-011
   1.335764E-006
   2.698931E-006
   1.318863E-006
   3.366465E-010
   1.272219E-006
   2.209489E-006
   7.567523E-007
   1.123036E-007
   1.886512E-006
   2.542854E-006
   7.405485E-007
   1.349368E-007
   1.736738E-006
   1.944553E-006
   3.027480E-007
   4.663108E-007
   2.337018E-006
   2.119549E-006
   2.620355E-007
   5.002195E-007
   2.053211E-006
   1.459637E-006
   3.104897E-008
   1.020317E-006
   2.562524E-006
   1.495527E-006
   1.362170E-008
   1.033131E-006
   2.126551E-006
   8.634055E-007
   5.482183E-008
   1.670076E-006
   2.473677E-006
   8.057537E-007
   9.178593E-008
   1.598246E-006
   1.887321E-006
   3.162281E-007
   4.249830E-007
   2.230539E-006
   2.030419E-006
   2.404578E-007
   5.071636E-007
   1.996671E-006
   1.354432E-006
   1.554066E-008
   1.076968E-006
   2.489354E-006
   1.320396E-006
   7.591640E-010
   1.135971E-006
   2.039800E-006
   6.841908E-007
   1.222611E-007
   1.805970E-006
   2.295267E-006
   5.678434E-007
   2.011058E-007
   1.728958E-006
   1.656131E-006
   1.473726E-007
   6.547149E-007
   2.311037E-006
   1.664229E-006
   7.252423E-008
   7.735888E-007
   1.993783E-006
   9.693208E-007
   1.517343E-008
   1.418053E-006
   2.326899E-006
   8.303504E-007
   6.273351E-008
   1.446981E-006
   1.759902E-006
   2.946406E-007
   4.040210E-007
   2.070883E-006
   1.805298E-006
   1.707693E-007
   5.511572E-007
   1.868672E-006
   1.108116E-006
   4.935230E-011
   1.173308E-006
   2.258058E-006
   9.546723E-007
   2.161648E-008
   1.276870E-006
   1.757396E-006
   3.679315E-007
   3.050771E-007
   1.923047E-006
   1.814160E-006
   2.118762E-007
   4.715870E-007
   1.785790E-006
   1.123858E-006
   1.785245E-009
   1.087022E-006
   2.178939E-006
   9.450977E-007
   1.790848E-008
   1.226741E-006
   1.699153E-006
   3.518710E-007
   3.022398E-007
   1.863038E-006
   1.718887E-006
   1.814095E-007
   4.893368E-007
   1.730330E-006
   1.026026E-006
   1.357794E-011
   1.111660E-006
   2.067735E-006
   8.110394E-007
   3.834802E-008
   1.247081E-006
   1.555803E-006
   2.531320E-007
   3.779357E-007
   1.839635E-006
   1.502355E-006
   9.812315E-008
   5.869646E-007
   1.656102E-006
   8.112436E-007
   1.688895E-008
   1.230570E-006
   1.898066E-006
   5.717077E-007
   1.114224E-007
   1.334329E-006
   1.331407E-006
   1.109470E-007
   5.622755E-007
   1.852928E-006
   1.183837E-006
   1.381444E-008
   7.931291E-007
   1.568209E-006
   5.237384E-007
   1.114024E-007
   1.439690E-006
   1.653411E-006
   2.862161E-007
   2.909727E-007
   1.451061E-006
   1.016430E-006
   7.472868E-009
   8.639788E-007
   1.810418E-006
   7.723978E-007
   2.222161E-008
   1.068341E-006
   1.368519E-006
   2.178555E-007
   3.496593E-007
   1.632989E-006
   1.261548E-006
   5.575069E-008
   5.957267E-007
   1.459062E-006
   6.000011E-007
   5.143009E-008
   1.221018E-006
   1.577557E-006
   3.350679E-007
   2.082871E-007
   1.287556E-006
   9.797874E-007
   1.568506E-008
   7.376975E-007
   1.642755E-006
   7.272515E-007
   1.631170E-008
   9.574854E-007
   1.232684E-006
   1.885550E-007
   3.332273E-007
   1.488773E-006
   1.099620E-006
   3.411259E-008
   5.896574E-007
   1.311479E-006
   4.706920E-007
   8.206005E-008
   1.191931E-006
   1.363446E-006
   2.146068E-007
   2.771837E-007
   1.227685E-006
   7.661394E-007
   3.783404E-011
   8.395603E-007
   1.479418E-006
   4.861691E-007
   7.508796E-008
   1.027431E-006
   1.004264E-006
   6.243123E-008
   5.059497E-007
   1.448549E-006
   7.765526E-007
   6.787421E-010
   7.681317E-007
   1.144611E-006
   2.227059E-007
   2.422411E-007
   1.298359E-006
   1.026222E-006
   4.203209E-008
   5.041390E-007
   1.174078E-006
   4.264305E-007
   7.446888E-008
   1.071335E-006
   1.194740E-006
   1.670456E-007
   2.793095E-007
   1.105347E-006
   6.236668E-007
   4.462109E-009
   8.197890E-007
   1.272567E-006
   3.341897E-007
   1.218134E-007
   9.788587E-007
   7.850516E-007
   1.334535E-008
   5.898720E-007
   1.278934E-006
   5.102585E-007
   3.257625E-008
   8.273781E-007
   9.017626E-007
   7.494374E-008
   3.963929E-007
   1.230618E-006
   6.738034E-007
   6.732198E-010
   6.706016E-007
   9.720204E-007
   1.664921E-007
   2.452093E-007
   1.144543E-006
   8.117798E-007
   1.271466E-008
   5.218196E-007
   9.982016E-007
   2.686197E-007
   1.362698E-007
   1.035861E-006
   9.158503E-007
   5.422013E-008
   3.922476E-007
   9.898928E-007
   3.672752E-007
   6.502547E-008
   9.202274E-007
   9.873255E-007
   1.121581E-007
   2.852344E-007
   9.565486E-007
   4.540647E-007
   2.366098E-008
   8.063350E-007
   1.028922E-006
   1.762851E-007
   2.005269E-007
   9.066610E-007
   5.252754E-007
   4.288074E-009
   7.004083E-007
   1.046443E-006
   2.386419E-007
   1.379828E-007
   8.523468E-007
   5.794591E-007
   4.396065E-011
   6.124927E-007
   1.048613E-006
   2.921848E-007
   9.545181E-008
   8.020168E-007
   6.175528E-007
   3.909317E-009
   5.435609E-007
   1.041290E-006
   3.339979E-007
   6.783878E-008
   7.591946E-007
   6.417269E-007
   1.064711E-008
   4.927679E-007
   1.029656E-006
   3.633636E-007
   5.092786E-008
   7.262726E-007
   6.555456E-007
   1.711011E-008
   4.573220E-007
   1.016275E-006
   3.810247E-007
   4.112738E-008
   7.017129E-007
   6.598302E-007
   2.155564E-008
   4.340103E-007
   1.000246E-006
   3.867890E-007
   3.630884E-008
   6.828304E-007
   6.532528E-007
   2.293163E-008
   4.206777E-007
   9.792691E-007
   3.795395E-007
   3.563037E-008
   6.682416E-007
   6.351408E-007
   2.091236E-008
   4.169394E-007
   9.543786E-007
   3.597840E-007
   3.958795E-008
   6.630552E-007
   6.095472E-007
   1.564128E-008
   4.283442E-007
   9.337537E-007
   3.300244E-007
   4.943121E-008
   6.691440E-007
   5.776020E-007
   8.746041E-009
   4.529530E-007
   9.128683E-007
   2.906374E-007
   6.630116E-008
   6.821223E-007
   5.364560E-007
   2.445995E-009
   4.899235E-007
   8.878398E-007
   2.425809E-007
   9.239109E-008
   6.994640E-007
   4.852869E-007
   5.236439E-011
   5.390475E-007
   8.568694E-007
   1.890958E-007
   1.298375E-007
   7.188972E-007
   4.261241E-007
   5.499735E-009
   5.966859E-007
   8.170484E-007
   1.351564E-007
   1.781975E-007
   7.324712E-007
   3.591221E-007
   2.204350E-008
   6.545651E-007
   7.608646E-007
   8.439536E-008
   2.352243E-007
   7.293357E-007
   2.832916E-007
   5.245727E-008
   7.039382E-007
   6.813903E-007
   4.024657E-008
   3.013930E-007
   7.070032E-007
   2.017366E-007
   1.022952E-007
   7.511229E-007
   5.863269E-007
   9.359610E-009
   3.813313E-007
   6.715138E-007
   1.238995E-007
   1.753583E-007
   7.916677E-007
   4.799519E-007
   3.005621E-010
   4.678011E-007
   6.158130E-007
   5.815422E-008
   2.702246E-007
   8.114340E-007
   3.635923E-007
   1.930546E-008
   5.495948E-007
   5.337836E-007
   1.341850E-008
   3.822748E-007
   7.981131E-007
   2.432489E-007
   7.065697E-008
   6.152444E-007
   4.269910E-007
   5.163998E-010
   5.028620E-007
   7.450084E-007
   1.323067E-007
   1.543720E-007
   6.518707E-007
   3.047105E-007
   2.880896E-008
   6.160628E-007
   6.494987E-007
   4.725738E-008
   2.623976E-007
   6.454591E-007
   1.815002E-007
   1.012010E-007
   6.996124E-007
   5.147855E-007
   3.366411E-009
   3.786344E-007
   5.869629E-007
   7.602391E-008
   2.141080E-007
   7.373694E-007
   3.557008E-007
   1.278066E-008
   4.912439E-007
   4.847214E-007
   1.067276E-008
   3.621928E-007
   7.277850E-007
   2.012690E-007
   8.238081E-008
   5.823155E-007
   3.564259E-007
   6.098605E-009
   5.185319E-007
   6.616054E-007
   8.029317E-008
   1.969455E-007
   6.146545E-007
   2.163919E-007
   6.478623E-008
   6.329582E-007
   5.247420E-007
   1.037825E-008
   3.222287E-007
   5.551439E-007
   8.507068E-008
   1.774161E-007
   6.647944E-007
   3.306177E-007
   9.773298E-009
   4.289041E-007
   4.119566E-007
   5.646770E-009
   3.339730E-007
   6.116456E-007
   1.385668E-007
   9.766817E-008
   5.013114E-007
   2.387666E-007
   2.727422E-008
   5.106727E-007
   4.977515E-007
   2.030152E-008
   2.633388E-007
   5.202107E-007
   9.427444E-008
   1.546141E-007
   6.495429E-007
   3.477849E-007
   6.900830E-009
   4.417683E-007
   4.608947E-007
   1.244202E-008
   3.319993E-007
   6.781647E-007
   1.835657E-007
   8.223415E-008
   5.461959E-007
   3.151564E-007
   9.535954E-009
   4.861765E-007
   5.602879E-007
   4.601861E-008
   2.136304E-007
   5.270969E-007
   1.335127E-007
   9.962029E-008
   5.655901E-007
   3.435896E-007
   1.482689E-009
   3.595371E-007
   3.992595E-007
   1.276841E-008
   2.706884E-007
   5.450241E-007
   1.299352E-007
   8.702141E-008
   4.604340E-007
   2.202405E-007
   2.456876E-008
   4.548273E-007
   4.215833E-007
   1.035812E-008
   2.600050E-007
   4.534709E-007
   6.326135E-008
   1.620876E-007
   5.494516E-007
   2.313939E-007
   2.553626E-008
   4.154629E-007
   3.228690E-007
   1.188671E-011
   3.480314E-007
   4.900218E-007
   5.939516E-008
   1.549723E-007
   4.578610E-007
   1.365980E-007
   7.093447E-008
   4.820872E-007
   3.077405E-007
   1.045062E-009
   3.244823E-007
   3.641119E-007
   1.138734E-008
   2.486656E-007
   4.896357E-007
   1.068585E-007
   9.170115E-008
   4.288736E-007
   1.856342E-007
   3.186271E-008
   4.295506E-007
   3.539721E-007
   2.414993E-009
   2.678859E-007
   3.886288E-007
   3.204131E-008
   1.907449E-007
   4.895655E-007
   1.497177E-007
   5.459842E-008
   3.999911E-007
   2.209781E-007
   1.283451E-008
   3.826069E-007
   3.777981E-007
   1.142090E-008
   2.196551E-007
   3.833028E-007
   4.709263E-008
   1.531502E-007
   4.676087E-007
   1.686922E-007
   3.669023E-008
   3.655153E-007
   2.246320E-007
   7.481895E-009
   3.524369E-007
   3.740758E-007
   1.604305E-008
   1.953228E-007
   3.651133E-007
   4.921472E-008
   1.397525E-007
   4.473582E-007
   1.684380E-007
   3.104265E-008
   3.402712E-007
   2.116981E-007
   7.210005E-009
   3.350882E-007
   3.536971E-007
   1.461265E-008
   1.847983E-007
   3.357534E-007
   3.974807E-008
   1.431888E-007
   4.239321E-007
   1.464750E-007
   3.653499E-008
   3.242141E-007
   1.786195E-007
   1.437595E-008
   3.407777E-007
   3.181805E-007
   6.272119E-009
   1.987095E-007
   3.038276E-007
   2.110416E-008
   1.730170E-007
   4.104951E-007
   1.106326E-007
   5.628034E-008
   3.231015E-007
   1.372440E-007
   3.321783E-008
   3.647658E-007
   2.751207E-007
   2.182332E-010
   2.267417E-007
   2.666647E-007
   5.079161E-009
   2.176166E-007
   3.885103E-007
   6.871000E-008
   8.835198E-008
   3.146745E-007
   8.832271E-008
   6.749039E-008
   3.812483E-007
   2.122496E-007
   4.909572E-009
   2.543180E-007
   2.100728E-007
   6.407577E-010
   2.673258E-007
   3.382004E-007
   2.665763E-008
   1.334608E-007
   2.862007E-007
   3.853092E-008
   1.212581E-007
   3.768167E-007
   1.332574E-007
   3.077270E-008
   2.761656E-007
   1.397658E-007
   2.043480E-008
   3.166677E-007
   2.608861E-007
   1.179884E-009
   1.935554E-007
   2.382768E-007
   4.647959E-009
   1.960200E-007
   3.439293E-007
   5.501732E-008
   8.803807E-008
   2.814804E-007
   6.643173E-008
   7.593358E-008
   3.473522E-007
   1.612345E-007
   1.404184E-008
   2.525152E-007
   1.642122E-007
   7.168458E-009
   2.753650E-007
   2.683158E-007
   5.022495E-009
   1.703549E-007
   2.465307E-007
   1.119618E-008
   1.642048E-007
   3.296896E-007
   6.185382E-008
   7.622629E-008
   2.758856E-007
   7.520914E-008
   6.153595E-008
   3.221469E-007
   1.561372E-007
   1.247197E-008
   2.425667E-007
   1.621245E-007
   5.536564E-009
   2.541036E-007
   2.461608E-007
   3.485438E-009
   1.669379E-007
   2.316181E-007
   8.866683E-009
   1.588396E-007
   2.994053E-007
   4.704199E-008
   8.392246E-008
   2.595666E-007
   5.871829E-008
   7.088839E-008
   3.026969E-007
   1.223895E-007
   2.259717E-008
   2.413442E-007
   1.300159E-007
   1.462616E-008
   2.605894E-007
   2.027306E-007
   1.361873E-011
   1.877194E-007
   1.964437E-007
   6.249576E-010
   1.897178E-007
   2.641920E-007
   1.919150E-008
   1.182292E-007
   2.379709E-007
   2.589984E-008
   1.117226E-007
   2.915571E-007
   7.102927E-008
   5.402280E-008
   2.448973E-007
   7.744063E-008
   4.666028E-008
   2.806152E-007
   1.388488E-007
   1.180668E-008
   2.181974E-007
   1.372964E-007
   8.165366E-009
   2.370410E-007
   2.034877E-007
   3.116005E-010
   1.676333E-007
   1.877021E-007
   1.098203E-009
   1.741069E-007
   2.487963E-007
   1.873736E-008
   1.087598E-007
   2.169911E-007
   2.113279E-008
   1.095804E-007
   2.682366E-007
   5.829540E-008
   5.688883E-008
   2.229958E-007
   5.829993E-008
   5.588723E-008
   2.628727E-007
   1.080326E-007
   2.014986E-008
   2.084588E-007
   1.023043E-007
   1.925657E-008
   2.373690E-007
   1.581391E-007
   2.005067E-009
   1.786545E-007
   1.443454E-007
   1.799700E-009
   1.982087E-007
   2.008734E-007
   2.417103E-009
   1.400502E-007
   1.778965E-007
   2.418299E-009
   1.523409E-007
   2.309395E-007
   1.869015E-008
   9.908280E-008
   1.988323E-007
   1.770619E-008
   1.063386E-007
   2.456303E-007
   4.632251E-008
   6.141781E-008
   2.055441E-007
   4.280029E-008
   6.555671E-008
   2.446354E-007
   7.987254E-008
   3.125078E-008
   1.985488E-007
   7.221497E-008
   3.367929E-008
   2.296248E-007
   1.137071E-007
   1.110038E-008
   1.807563E-007
   1.007500E-007
   1.283301E-008
   2.060810E-007
   1.436336E-007
   1.481796E-009
   1.580154E-007
   1.254510E-007
   2.362728E-009
   1.790894E-007
   1.680065E-007
   5.073645E-010
   1.335910E-007
   1.451377E-007
   9.977682E-011
   1.514433E-007
   1.863868E-007
   5.997133E-009
   1.096478E-007
   1.597006E-007
   3.929814E-009
   1.248040E-007
   1.989528E-007
   1.601165E-008
   8.722203E-008
   1.689820E-007
   1.193916E-008
   1.004036E-007
   2.061929E-007
   2.887681E-008
   6.714383E-008
   1.734794E-007
   2.253649E-008
   7.859576E-008
   2.082224E-007
   4.301394E-008
   4.988529E-008
   1.735613E-007
   3.426381E-008
   5.979931E-008
   2.055966E-007
   5.706120E-008
   3.558596E-008
   1.695242E-007
   4.567176E-008
   4.437937E-008
   1.994165E-007
   7.008433E-008
   2.415248E-008
   1.620826E-007
   5.573813E-008
   3.223059E-008
   1.905729E-007
   8.060262E-008
   1.620793E-008
   1.544855E-007
   6.410877E-008
   2.355584E-008
   1.819689E-007
   8.887398E-008
   1.087514E-008
   1.473106E-007
   7.056517E-008
   1.758007E-008
   1.743018E-007
   9.509373E-008
   7.401685E-009
   1.410453E-007
   7.534831E-008
   1.350624E-008
   1.676086E-007
   9.929760E-008
   5.254338E-009
   1.361239E-007
   7.886973E-008
   1.071878E-008
   1.617676E-007
   1.017352E-007
   3.939952E-009
   1.319822E-007
   8.083146E-008
   8.975393E-009
   1.569846E-007
   1.026526E-007
   3.180564E-009
   1.284619E-007
   8.135043E-008
   7.949809E-009
   1.526881E-007
   1.018305E-007
   2.831618E-009
   1.252661E-007
   8.027983E-008
   7.512411E-009
   1.486044E-007
   9.919588E-008
   2.801647E-009
   1.219795E-007
   7.741575E-008
   7.632013E-009
   1.447181E-007
   9.475503E-008
   3.154454E-009
   1.193257E-007
   7.293991E-008
   8.626402E-009
   1.427154E-007
   8.915196E-008
   4.056206E-009
   1.179007E-007
   6.705996E-008
   1.069764E-008
   1.426309E-007
   8.263365E-008
   5.616703E-009
   1.173798E-007
   6.008648E-008
   1.395991E-008
   1.437979E-007
   7.519495E-008
   8.002273E-009
   1.173479E-007
   5.225352E-008
   1.856396E-008
   1.454804E-007
   6.681396E-008
   1.139481E-008
   1.173084E-007
   4.378023E-008
   2.463576E-008
   1.468942E-007
   5.754221E-008
   1.593472E-008
   1.166414E-007
   3.490695E-008
   3.221350E-008
   1.471467E-007
   4.749158E-008
   2.171300E-008
   1.147340E-007
   2.597324E-008
   4.122036E-008
   1.454361E-007
   3.700995E-008
   2.866367E-008
   1.109679E-007
   1.748065E-008
   5.127061E-008
   1.407745E-007
   2.652117E-008
   3.668190E-008
   1.050726E-007
   9.980710E-009
   6.233862E-008
   1.332988E-007
   1.652963E-008
   4.645322E-008
   9.787978E-008
   4.110129E-009
   7.466248E-008
   1.232262E-007
   8.030710E-009
   5.781617E-008
   8.899180E-008
   6.291032E-010
   8.747031E-008
   1.102156E-007
   2.165177E-009
   6.999594E-008
   7.795109E-008
   2.876353E-010
   9.979885E-008
   9.437051E-008
   2.273883E-014
   8.185763E-008
   6.475678E-008
   3.764984E-009
   1.103641E-007
   7.623063E-008
   2.335688E-009
   9.189870E-008
   4.989543E-008
   1.145120E-008
   1.175965E-007
   5.678248E-008
   9.481773E-009
   9.838365E-008
   3.435683E-008
   2.327441E-008
   1.200196E-007
   3.757910E-008
   2.104549E-008
   9.970930E-008
   1.973621E-008
   3.847142E-008
   1.164181E-007
   2.056422E-008
   3.574613E-008
   9.469523E-008
   7.989907E-009
   5.554035E-008
   1.063919E-007
   7.749664E-009
   5.180809E-008
   8.351064E-008
   1.056916E-009
   7.341629E-008
   9.114295E-008
   8.198322E-010
   6.756536E-008
   6.732045E-008
   8.281815E-010
   8.987754E-008
   7.153873E-008
   1.100854E-009
   8.035930E-008
   4.779150E-008
   8.496288E-009
   1.019772E-007
   4.949775E-008
   9.009252E-009
   8.738773E-008
   2.778286E-008
   2.389256E-008
   1.067719E-007
   2.800127E-008
   2.355868E-008
   8.646986E-008
   1.100958E-008
   4.504326E-008
   1.021941E-007
   1.070832E-008
   4.212641E-008
   7.676606E-008
   1.270069E-009
   6.817370E-008
   8.796002E-008
   1.131375E-009
   6.060452E-008
   5.944934E-008
   1.417216E-009
   8.812087E-008
   6.600848E-008
   1.477596E-009
   7.420451E-008
   3.793936E-008
   1.217516E-008
   9.959244E-008
   4.068031E-008
   1.164199E-008
   7.876773E-008
   1.741669E-008
   3.147818E-008
   9.916267E-008
   1.783152E-008
   2.909718E-008
   7.289230E-008
   3.416286E-009
   5.533334E-008
   8.667303E-008
   3.137951E-009
   4.924331E-008
   5.728061E-008
   4.756519E-010
   7.760980E-008
   6.419844E-008
   6.708020E-010
   6.576330E-008
   3.563824E-008
   1.062622E-008
   9.137709E-008
   3.722957E-008
   1.118354E-008
   7.252446E-008
   1.450019E-008
   3.187440E-008
   9.139311E-008
   1.359391E-008
   3.101973E-008
   6.614731E-008
   1.505689E-009
   5.789605E-008
   7.645324E-008
   9.084740E-010
   5.263474E-008
   4.804156E-008
   2.405834E-009
   7.949287E-008
   5.076430E-008
   3.407775E-009
   6.695195E-008
   2.471159E-008
   1.805391E-008
   8.795883E-008
   2.323633E-008
   1.943808E-008
   6.719488E-008
   5.868894E-009
   4.294124E-008
   7.898007E-008
   4.214704E-009
   4.125971E-008
   5.250824E-008
   2.044950E-010
   6.700131E-008
   5.562103E-008
   8.105701E-010
   5.885831E-008
   2.931126E-008
   1.124366E-008
   8.003127E-008
   2.711155E-008
   1.379022E-008
   6.332252E-008
   8.153929E-009
   3.511804E-008
   7.510328E-008
   5.507555E-009
   3.623315E-008
   5.137913E-008
   2.341498E-011
   6.094907E-008
   5.333472E-008
   6.175516E-010
   5.580815E-008
   2.847187E-008
   1.040060E-008
   7.538362E-008
   2.472042E-008
   1.417674E-008
   6.087728E-008
   7.075421E-009
   3.497234E-008
   6.986257E-008
   3.839785E-009
   3.764588E-008
   4.764092E-008
   2.428270E-010
   6.045113E-008
   4.643715E-008
   1.684051E-009
   5.604904E-008
   2.351872E-008
   1.321089E-008
   7.159135E-008
   1.801481E-008
   1.822942E-008
   5.692335E-008
   3.775701E-009
   3.873614E-008
   6.084725E-008
   1.105942E-009
   4.130927E-008
   3.910233E-008
   1.801518E-009
   6.085146E-008
   3.448322E-008
   5.034201E-009
   5.473378E-008
   1.447303E-008
   1.987545E-008
   6.502040E-008
   8.778308E-009
   2.563035E-008
   4.825927E-008
   3.380013E-010
   4.647979E-008
   4.737737E-008
   1.927426E-010
   4.683893E-008
   2.583268E-008
   8.008901E-009
   6.261487E-008
   1.945597E-008
   1.356727E-008
   5.145856E-008
   4.436744E-009
   3.300748E-008
   5.557165E-008
   1.192953E-009
   3.708169E-008
   3.501970E-008
   1.955375E-009
   5.650556E-008
   2.997265E-008
   5.677255E-009
   5.023033E-008
   1.077845E-008
   2.183249E-008
   5.922956E-008
   5.534917E-009
   2.740267E-008
   4.091970E-008
   3.041170E-011
   4.829366E-008
   3.829878E-008
   1.463104E-009
   4.572834E-008
   1.704441E-008
   1.328103E-008
   5.840642E-008
   1.096551E-008
   1.893382E-008
   4.297129E-008
   6.384775E-010
   3.947457E-008
   4.303171E-008
   6.636018E-011
   3.979976E-008
   2.153372E-008
   7.833448E-009
   5.513258E-008
   1.536575E-008
   1.332401E-008
   4.281283E-008
   2.060874E-009
   3.309327E-008
   4.506141E-008
   1.233625E-010
   3.550563E-008
   2.419348E-008
   5.059690E-009
   5.228834E-008
   1.814598E-008
   1.026736E-008
   4.222579E-008
   3.277081E-009
   2.918763E-008
   4.571022E-008
   4.865399E-010
   3.283137E-008
   2.551410E-008
   3.725623E-009
   5.014594E-008
   1.946566E-008
   8.740003E-009
   4.142895E-008
   3.940151E-009
   2.697649E-008
   4.525989E-008
   7.078165E-010
   3.117971E-008
   2.554909E-008
   3.205568E-009
   4.821918E-008
   1.932678E-008
   8.138390E-009
   3.997308E-008
   3.906602E-009
   2.575021E-008
   4.328597E-008
   6.474080E-010
   2.987171E-008
   2.398518E-008
   3.283647E-009
   4.594608E-008
   1.754152E-008
   8.360539E-009
   3.767273E-008
   3.081861E-009
   2.578651E-008
   3.995160E-008
   2.800941E-010
   2.979940E-008
   2.110495E-008
   4.331906E-009
   4.460033E-008
   1.427866E-008
   1.009218E-008
   3.559127E-008
   1.700784E-009
   2.788410E-008
   3.595415E-008
   3.542666E-014
   3.125406E-008
   1.740364E-008
   6.577834E-009
   4.388278E-008
   1.023828E-008
   1.319965E-008
   3.319358E-008
   4.482917E-010
   3.113760E-008
   3.089271E-008
   4.931031E-010
   3.308880E-008
   1.290771E-008
   1.019698E-008
   4.256786E-008
   5.980262E-009
   1.740588E-008
   2.966254E-008
   1.470566E-011
   3.451093E-008
   2.454264E-008
   2.324647E-009
   3.387848E-008
   7.941780E-009
   1.502426E-008
   3.922851E-008
   2.288073E-009
   2.188516E-008
   2.420007E-008
   1.088705E-009
   3.667714E-008
   1.707026E-008
   5.736353E-009
   3.236143E-008
   3.294837E-009
   2.074445E-008
   3.327955E-008
   1.475452E-010
   2.616840E-008
   1.700669E-008
   4.614359E-009
   3.776120E-008
   9.413805E-009
   1.125615E-008
   2.892080E-008
   3.319630E-010
   2.744782E-008
   2.547120E-008
   8.225278E-010
   2.934252E-008
   9.196692E-009
   1.125032E-008
   3.617548E-008
   3.017538E-009
   1.840843E-008
   2.274399E-008
   7.584110E-010
   3.348474E-008
   1.619348E-008
   5.129483E-009
   2.961711E-008
   2.746829E-009
   2.010294E-008
   3.048397E-008
   4.239387E-011
   2.491971E-008
   1.410813E-008
   5.750509E-009
   3.574594E-008
   6.972873E-009
   1.250414E-008
   2.528514E-008
   1.228339E-012
   2.857495E-008
   2.082388E-008
   1.972504E-009
   2.775776E-008
   5.438270E-009
   1.440785E-008
   3.174028E-008
   9.266654E-010
   2.015809E-008
   1.652158E-008
   2.866902E-009
   3.276634E-008
   9.644775E-009
   8.597030E-009
   2.483090E-008
   3.015673E-010
   2.412040E-008
   2.206106E-008
   8.291919E-010
   2.508609E-008
   6.589546E-009
   1.151502E-008
   3.059690E-008
   1.502898E-009
   1.769276E-008
   1.657794E-008
   2.104014E-009
   3.068431E-008
   9.949725E-009
   7.552921E-009
   2.376665E-008
   3.696052E-010
   2.273274E-008
   2.120860E-008
   7.829063E-010
   2.403442E-008
   6.151270E-009
   1.136448E-008
   2.915693E-008
   1.210074E-009
   1.755167E-008
   1.531322E-008
   2.474450E-009
   2.975003E-008
   8.530057E-009
   8.232785E-009
   2.231181E-008
   1.249689E-010
   2.300011E-008
   1.872839E-008
   1.340586E-009
   2.332207E-008
   4.553810E-009
   1.260751E-008
   2.647451E-008
   4.719350E-010
   1.807746E-008
   1.244477E-008
   3.722927E-009
   2.810156E-008
   5.733376E-009
   9.858408E-009
   1.925048E-008
   3.569084E-011
   2.349691E-008
   1.416209E-008
   2.846900E-009
   2.180206E-008
   2.130631E-009
   1.518950E-008
   2.187992E-008
   7.313325E-012
   1.936750E-008
   8.147217E-009
   6.723347E-009
   2.583473E-008
   2.219933E-009
   1.335058E-008
   1.501138E-008
   1.192487E-009
   2.476357E-008
   8.318119E-009
   6.437507E-009
   1.977593E-008
   1.987189E-010
   1.938578E-008
   1.579430E-008
   1.398453E-009
   2.067120E-008
   3.509938E-009
   1.185491E-008
   2.184514E-008
   7.273027E-011
   1.753362E-008
   9.366188E-009
   4.870209E-009
   2.433706E-008
   2.797977E-009
   1.175239E-008
   1.523800E-008
   6.895614E-010
   2.259251E-008
   8.378257E-009
   5.596832E-009
   1.886739E-008
   3.005571E-010
   1.743358E-008
   1.466077E-008
   1.260599E-009
   1.908387E-008
   3.211041E-009
   1.090544E-008
   1.953203E-008
   2.378484E-011
   1.629054E-008
   7.892264E-009
   5.055012E-009
   2.177662E-008
   1.868134E-009
   1.165265E-008
   1.265333E-008
   1.221015E-009
   2.107714E-008
   5.959503E-009
   6.617525E-009
   1.611381E-008
   1.911759E-012
   1.790431E-008
   1.104592E-008
   2.520441E-009
   1.748669E-008
   1.273580E-009
   1.321429E-008
   1.583782E-008
   2.781449E-010
   1.658824E-008
   4.376488E-009
   8.142414E-009
   1.924269E-008
   2.921505E-010
   1.378228E-008
   8.320847E-009
   3.786680E-009
   2.059308E-008
   2.412580E-009
   9.850127E-009
   1.205466E-008
   9.463242E-010
   1.972019E-008
   6.029284E-009
   5.745471E-009
   1.468370E-008
   3.458198E-014
   1.691873E-008
   1.022734E-008
   2.379759E-009
   1.564387E-008
   8.636232E-010
   1.289625E-008
   1.402554E-008
   4.158574E-010
   1.492609E-008
   3.023755E-009
   8.681824E-009
   1.676288E-008
   5.154678E-011
   1.298910E-008
   5.817734E-009
   4.984777E-009
   1.819609E-008
   1.092632E-009
   1.031008E-008
   8.677617E-009
   2.190557E-009
   1.825215E-008
   3.193098E-009
   7.345457E-009
   1.108793E-008
   5.296914E-010
   1.709872E-008
   5.889955E-009
   4.610026E-009
   1.282982E-008
   5.857158E-016
   1.513930E-008
   8.880330E-009
   2.343756E-009
   1.379606E-008
   5.013781E-010
   1.244654E-008
   1.173839E-008
   7.530801E-010
   1.367107E-008
   1.816776E-009
   9.427800E-009
   1.393181E-008
   4.963582E-011
   1.274000E-008
   3.594516E-009
   6.647123E-009
   1.555604E-008
   1.644162E-010
   1.129072E-008
   5.702978E-009
   4.096603E-009
   1.638232E-008
   1.057664E-009
   9.161365E-009
   7.667194E-009
   2.050664E-009
   1.603755E-008
   2.432902E-009
   6.959813E-009
   9.119862E-009
   8.154524E-010
   1.527253E-008
   4.030516E-009
   5.111045E-009
   1.036434E-008
   1.591746E-010
   1.425267E-008
   5.869644E-009
   3.409822E-009
   1.119544E-008
   8.219438E-012
   1.273481E-008
   7.602434E-009
   2.030709E-009
   1.146448E-008
   2.642890E-010
   1.115677E-008
   9.131601E-009
   1.071133E-009
   1.152649E-008
   8.115182E-010
   9.632818E-009
   1.059972E-008
   4.125422E-010
   1.131236E-008
   1.599097E-009
   8.025544E-009
   1.179460E-008
   6.630390E-011
   1.076049E-008
   2.496210E-009
   6.506380E-009
   1.268613E-008
   1.093432E-011
   1.002000E-008
   3.446732E-009
   5.105130E-009
   1.328231E-008
   2.017619E-010
   9.079102E-009
   4.356864E-009
   3.847263E-009
   1.349529E-008
   5.755586E-010
   8.047345E-009
   5.152783E-009
   2.811765E-009
   1.347335E-008
   1.065155E-009
   7.079616E-009
   5.860487E-009
   1.989995E-009
   1.327415E-008
   1.607083E-009
   6.166845E-009
   6.395241E-009
   1.381566E-009
   1.291502E-008
   2.105775E-009
   5.424501E-009
   6.807148E-009
   9.632662E-010
   1.261127E-008
   2.581981E-009
   4.835903E-009
   7.210458E-009
   6.441730E-010
   1.230554E-008
   3.055433E-009
   4.286998E-009
   7.513452E-009
   4.110634E-010
   1.191772E-008
   3.449611E-009
   3.829694E-009
   7.716605E-009
   2.584129E-010
   1.156629E-008
   3.782603E-009
   3.467624E-009
   7.900084E-009
   1.514819E-010
   1.122029E-008
   4.078665E-009
   3.136616E-009
   8.004033E-009
   8.020973E-011
   1.081979E-008
   4.294302E-009
   2.841783E-009
   7.996188E-009
   3.913206E-011
   1.039689E-008
   4.424660E-009
   2.583951E-009
   7.887589E-009
   1.779071E-011
   9.980619E-009
   4.466935E-009
   2.393268E-009
   7.713555E-009
   1.071221E-011
   9.678123E-009
   4.417836E-009
   2.298775E-009
   7.524552E-009
   1.105656E-011
   9.497665E-009
   4.307301E-009
   2.278152E-009
   7.330201E-009
   1.715588E-011
   9.397665E-009
   4.135091E-009
   2.320491E-009
   7.117123E-009
   3.276075E-011
   9.374622E-009
   3.910962E-009
   2.421200E-009
   6.889090E-009
   6.367053E-011
   9.421959E-009
   3.654081E-009
   2.566049E-009
   6.642248E-009
   1.148429E-010
   9.493774E-009
   3.363914E-009
   2.738945E-009
   6.347252E-009
   1.937231E-010
   9.554532E-009
   3.030637E-009
   2.940922E-009
   5.999756E-009
   3.078356E-010
   9.587017E-009
   2.664620E-009
   3.160734E-009
   5.599899E-009
   4.581636E-010
   9.537821E-009
   2.268506E-009
   3.377617E-009
   5.122505E-009
   6.539461E-010
   9.404350E-009
   1.843553E-009
   3.631881E-009
   4.605354E-009
   9.199091E-010
   9.244135E-009
   1.398208E-009
   3.960376E-009
   4.067457E-009
   1.267145E-009
   9.030507E-009
   9.627633E-010
   4.342365E-009
   3.500190E-009
   1.709775E-009
   8.757988E-009
   5.737472E-010
   4.760434E-009
   2.920877E-009
   2.240342E-009
   8.391436E-009
   2.644589E-010
   5.176392E-009
   2.332238E-009
   2.853196E-009
   7.910616E-009
   6.459726E-011
   5.554013E-009
   1.750114E-009
   3.533690E-009
   7.307549E-009
   3.264691E-013
   5.850223E-009
   1.200830E-009
   4.250331E-009
   6.575060E-009
   8.864062E-011
   6.020053E-009
   7.157442E-010
   4.960150E-009
   5.721812E-009
   3.344235E-010
   6.018789E-009
   3.302840E-010
   5.610288E-009
   4.773517E-009
   7.251993E-010
   5.807812E-009
   8.082382E-011
   6.145350E-009
   3.772817E-009
   1.239592E-009
   5.389886E-009
   9.168402E-013
   6.597639E-009
   2.784317E-009
   1.869880E-009
   4.793980E-009
   1.364071E-010
   6.938866E-009
   1.862393E-009
   2.575522E-009
   4.038718E-009
   5.236733E-010
   7.099750E-009
   1.064825E-009
   3.294514E-009
   3.163442E-009
   1.174242E-009
   7.022831E-009
   4.531892E-010
   3.956393E-009
   2.242480E-009
   2.063660E-009
   6.674868E-009
   8.897817E-011
   4.460497E-009
   1.359431E-009
   3.126238E-009
   6.024824E-009
   7.933648E-012
   4.742996E-009
   6.244213E-010
   4.269969E-009
   5.130420E-009
   2.213033E-010
   4.723767E-009
   1.443648E-010
   5.335738E-009
   4.024886E-009
   7.019090E-010
   4.380745E-009
   3.213769E-012
   6.207493E-009
   2.854746E-009
   1.369430E-009
   3.741353E-009
   2.463408E-010
   6.694702E-009
   1.731425E-009
   2.112593E-009
   2.870695E-009
   8.684478E-010
   6.759591E-009
   7.964279E-010
   2.865960E-009
   1.941706E-009
   1.796899E-009
   6.334630E-009
   1.835970E-010
   3.487669E-009
   1.047299E-009
   2.938256E-009
   5.463839E-009
   3.644752E-012
   3.875190E-009
   3.626606E-010
   4.104209E-009
   4.250716E-009
   2.955430E-010
   3.882354E-009
   1.825130E-011
   5.097869E-009
   2.859219E-009
   1.007334E-009
   3.501717E-009
   1.253335E-010
   5.726666E-009
   1.549059E-009
   1.970226E-009
   2.760427E-009
   7.069660E-010
   5.819464E-009
   5.430890E-010
   2.958642E-009
   1.812973E-009
   1.683534E-009
   5.337039E-009
   3.985117E-011
   3.700933E-009
   8.806081E-010
   2.856908E-009
   4.330445E-009
   1.137157E-010
   3.978966E-009
   2.090134E-010
   3.965603E-009
   3.013799E-009
   6.953813E-010
   3.686115E-009
   4.446295E-012
   4.734900E-009
   1.677227E-009
   1.577779E-009
   2.879788E-009
   3.759827E-010
   5.031010E-009
   6.194179E-010
   2.485106E-009
   1.779848E-009
   1.314239E-009
   4.742900E-009
   5.813695E-011
   3.116651E-009
   7.226968E-010
   2.629613E-009
   3.890675E-009
   9.276151E-011
   3.236543E-009
   7.602441E-011
   3.977271E-009
   2.659952E-009
   6.526374E-010
   2.774301E-009
   1.198801E-010
   4.955417E-009
   1.378211E-009
   1.493222E-009
   1.865489E-009
   9.297501E-010
   5.233325E-009
   4.033732E-010
   2.264810E-009
   8.424398E-010
   2.315730E-009
   4.690305E-009
   3.879283E-012
   2.631732E-009
   1.272163E-010
   3.851349E-009
   3.474819E-009
   2.394593E-010
   2.418871E-009
   7.079411E-011
   5.009872E-009
   1.985470E-009
   9.210729E-010
   1.698737E-009
   7.860518E-010
   5.355249E-009
   7.144970E-010
   1.680945E-009
   7.928268E-010
   2.072328E-009
   4.752591E-009
   5.067158E-011
   2.161584E-009
   1.270440E-010
   3.501623E-009
   3.405380E-009
   1.509372E-010
   2.111914E-009
   6.198765E-011
   4.532258E-009
   1.789662E-009
   8.534301E-010
   1.525266E-009
   7.413624E-010
   4.723879E-009
   5.016298E-010
   1.722071E-009
   6.896496E-010
   1.977815E-009
   3.954583E-009
   7.672966E-013
   2.248649E-009
   7.999720E-011
   3.280984E-009
   2.515883E-009
   3.840243E-010
   2.113604E-009
   1.158881E-010
   4.057389E-009
   1.016646E-009
   1.318059E-009
   1.380309E-009
   9.095114E-010
   3.905496E-009
   1.064749E-010
   2.192827E-009
   4.839703E-010
   2.151693E-009
   2.863230E-009
   1.340704E-010
   2.447176E-009
   6.767788E-012
   3.234327E-009
   1.427984E-009
   9.342045E-010
   1.907302E-009
   3.264585E-010
   3.564246E-009
   3.052251E-010
   1.915944E-009
   9.215260E-010
   1.344210E-009
   2.940592E-009
   2.018244E-011
   2.427839E-009
   1.356747E-010
   2.515999E-009
   1.687130E-009
   6.121194E-010
   2.121242E-009
   9.185916E-011
   3.163616E-009
   4.910627E-010
   1.595966E-009
   1.186360E-009
   8.918919E-010
   2.878718E-009
   1.689042E-013
   2.257885E-009
   2.653271E-010
   2.077068E-009
   1.802956E-009
   4.238056E-010
   2.114299E-009
   2.866584E-011
   2.890843E-009
   5.951182E-010
   1.371732E-009
   1.247869E-009
   7.114844E-010
   2.780105E-009
   6.764554E-012
   2.088544E-009
   2.961275E-010
   1.907511E-009
   1.795238E-009
   3.560432E-010
   1.993030E-009
   2.607143E-011
   2.795649E-009
   5.947879E-010
   1.278504E-009
   1.136207E-009
   7.464546E-010
   2.719995E-009
   4.828960E-012
   1.967054E-009
