   3.994523E-281
   3.994207E-281
   3.993249E-281
   3.991615E-281
   3.989250E-281
   3.986077E-281
   3.981997E-281
   3.976889E-281
   3.970610E-281
   3.962998E-281
   3.953868E-281
   3.943013E-281
   3.930208E-281
   3.915208E-281
   3.897750E-281
   3.877550E-281
   3.854311E-281
   3.827717E-281
   3.797441E-281
   3.763143E-281
   3.724473E-281
   3.681073E-281
   3.632583E-281
   3.578641E-281
   3.518889E-281
   3.452977E-281
   3.380567E-281
   3.301344E-281
   3.215016E-281
   3.121327E-281
   3.020064E-281
   2.911066E-281
   2.794237E-281
   2.669556E-281
   2.537095E-281
   2.397027E-281
   2.249652E-281
   2.095410E-281
   1.934901E-281
   1.768913E-281
   1.598444E-281
   1.424730E-281
   1.249276E-281
   1.073892E-281
   9.007235E-282
   7.322974E-282
   5.715632E-282
   4.219405E-282
   2.873713E-282
   1.723757E-282
   8.211298E-283
   2.244756E-283
   2.133058E-286
   2.233570E-283
   9.783180E-283
   2.359803E-282
   4.473789E-282
   7.438570E-282
   1.136640E-281
   1.632817E-281
   2.239126E-281
   2.960499E-281
   3.799693E-281
   4.756993E-281
   5.829941E-281
   7.013083E-281
   8.297755E-281
   9.671909E-281
   1.111999E-280
   1.262289E-280
   1.415793E-280
   1.569899E-280
   1.721664E-280
   1.867849E-280
   2.004957E-280
   2.129286E-280
   2.236999E-280
   2.324207E-280
   2.387074E-280
   2.421936E-280
   2.425441E-280
   2.394722E-280
   2.327579E-280
   2.222701E-280
   2.079912E-280
   1.900444E-280
   1.687252E-280
   1.445360E-280
   1.182245E-280
   9.082618E-281
   6.371174E-281
   3.863842E-281
   1.780682E-281
   3.922797E-282
   2.650529E-283
   1.075834E-281
   3.932979E-281
   8.830018E-281
   1.589787E-280
   2.515058E-280
   3.647530E-280
   4.962706E-280
   6.422851E-280
   7.977472E-280
   9.564361E-280
   1.111128E-279
   1.253831E-279
   1.376095E-279
   1.469405E-279
   1.525650E-279
   1.537694E-279
   1.500042E-279
   1.409614E-279
   1.266627E-279
   1.075604E-279
   8.465022E-280
   5.959902E-280
   3.488550E-280
   1.395713E-280
   1.402858E-281
   3.142920E-281
   2.663663E-280
   8.079730E-280
   1.704358E-279
   2.963078E-279
   4.565753E-279
   6.461538E-279
   8.567488E-279
   1.077093E-278
   1.293386E-278
   1.489960E-278
   1.650165E-278
   1.757506E-278
   1.797047E-278
   1.757081E-278
   1.631104E-278
   1.420091E-278
   1.135110E-278
   8.002702E-279
   4.560421E-279
   1.629615E-279
   5.732776E-281
   9.775715E-280
   5.861056E-279
   1.632897E-278
   3.266993E-278
   5.447692E-278
   8.072951E-278
   1.097558E-277
   1.393115E-277
   1.667157E-277
   1.890440E-277
   2.033829E-277
   2.071472E-277
   1.984635E-277
   1.766242E-277
   1.426154E-277
   9.972078E-278
   5.420747E-278
   1.609549E-278
   1.605026E-281
   2.616220E-278
   1.213361E-277
   3.115650E-277
   5.919984E-277
   9.466754E-277
   1.347985E-276
   1.757486E-276
   2.128804E-276
   2.411858E-276
   2.558426E-276
   2.529105E-276
   2.301731E-276
   1.881304E-276
   1.311501E-276
   6.878330E-277
   1.725199E-277
   1.115235E-278
   5.512169E-277
   2.262519E-276
   5.520581E-276
   1.009005E-275
   1.556731E-275
   2.135291E-275
   2.669366E-275
   3.076069E-275
   3.275523E-275
   3.204238E-275
   2.831394E-275
   2.178113E-275
   1.339854E-275
   5.120265E-276
   1.895790E-277
   3.463354E-276
   2.177251E-275
   6.335481E-275
   1.268527E-274
   2.047772E-274
   2.870142E-274
   3.609487E-274
   4.129806E-274
   4.305860E-274
   4.049199E-274
   3.339715E-274
   2.262869E-274
   1.052782E-274
   1.414133E-275
   2.140160E-275
   2.271076E-274
   7.670782E-274
   1.668533E-273
   2.793213E-273
   3.969172E-273
   4.986643E-273
   5.626477E-273
   5.699147E-273
   5.093737E-273
   3.837054E-273
   2.163111E-273
   5.932602E-274
   2.733101E-275
   1.846076E-273
   8.025254E-273
   2.014545E-272
   3.614041E-272
   5.315440E-272
   6.779385E-272
   7.654881E-272
   7.648106E-272
   6.609098E-272
   4.636358E-272
   2.199689E-272
   2.817137E-273
   5.385812E-273
   5.480386E-272
   1.857446E-271
   3.982917E-271
   6.451208E-271
   8.736254E-271
   1.027176E-270
   1.055915E-270
   9.308237E-271
   6.608854E-271
   3.133612E-271
   3.723978E-272
   8.993253E-272
   8.672938E-271
   2.915337E-270
   6.155406E-270
   9.757012E-270
   1.284037E-269
   1.451941E-269
   1.410125E-269
   1.134078E-269
   6.747560E-270
   1.945320E-270
   8.505757E-272
   6.312787E-270
   2.829230E-269
   7.135726E-269
   1.237166E-268
   1.711951E-268
   1.995630E-268
   1.973340E-268
   1.598586E-268
   9.429251E-269
   2.543436E-269
   2.446188E-270
   1.064694E-268
   4.590637E-268
   1.123740E-267
   1.890525E-267
   2.528791E-267
   2.821033E-267
   2.615040E-267
   1.895396E-267
   8.692626E-268
   6.640971E-269
   4.536506E-268
   3.563897E-267
   1.137983E-266
   2.239718E-266
   3.275212E-266
   3.888136E-266
   3.801147E-266
   2.924574E-266
   1.488737E-266
   1.992567E-267
   4.154137E-267
   4.351854E-266
   1.510207E-265
   3.113493E-265
   4.621145E-265
   5.474246E-265
   5.255651E-265
   3.866273E-265
   1.740033E-265
   9.545261E-267
   1.223957E-265
   8.815217E-265
   2.725117E-264
   5.114169E-264
   7.068204E-264
   7.769327E-264
   6.733069E-264
   4.114231E-264
   1.071731E-264
   1.913144E-265
   5.966263E-264
   2.528007E-263
   5.875140E-263
   9.113214E-263
   1.086272E-262
   1.016361E-262
   6.913168E-263
   2.413690E-263
   1.105532E-265
   5.823834E-263
   2.955819E-262
   7.650945E-262
   1.248765E-261
   1.525020E-261
   1.440666E-261
   9.750338E-262
   3.252950E-262
   5.941518E-264
   9.623320E-262
   4.695270E-261
   1.173460E-260
   1.851594E-260
   2.172266E-260
   1.930456E-260
   1.155323E-260
   2.478059E-261
   1.400307E-261
   2.476416E-260
   9.688566E-260
   2.043743E-259
   2.877906E-259
   3.025117E-259
   2.302143E-259
   9.803907E-260
   1.385011E-261
   1.300348E-259
   7.975639E-259
   2.232779E-258
   3.681635E-258
   4.336674E-258
   3.738445E-258
   2.021525E-258
   2.476332E-259
   7.898267E-259
   7.767294E-258
   2.622038E-257
   4.836576E-257
   6.081191E-257
   5.538154E-257
   3.236534E-257
   5.501359E-258
   7.742897E-258
   9.779472E-257
   3.538750E-256
   6.768391E-256
   8.596022E-256
   7.776349E-256
   4.388871E-256
   6.010600E-257
   1.552194E-256
   1.635317E-255
   5.594312E-255
   1.014428E-254
   1.224717E-254
   1.029034E-254
   4.908637E-255
   1.846560E-256
   5.027733E-255
   3.472256E-254
   9.952526E-254
   1.582640E-253
   1.705310E-253
   1.216801E-253
   3.761217E-254
   3.980591E-255
   1.880211E-253
   8.508333E-253
   1.840536E-252
   2.426534E-252
   2.165788E-252
   1.108869E-252
   6.633549E-254
   9.191454E-253
   6.966943E-252
   2.050179E-251
   3.231688E-251
   3.348975E-251
   2.164882E-251
   4.450796E-252
   4.050624E-252
   6.215131E-251
   2.322025E-250
   4.249429E-250
   4.866553E-250
   3.547954E-250
   1.054586E-250
   1.847530E-251
   6.513127E-250
   2.837037E-249
   5.724004E-249
   6.913307E-249
   5.285088E-249
   1.739084E-249
   1.533903E-250
   8.479557E-249
   3.897440E-248
   8.064992E-248
   9.766020E-248
   7.342895E-248
   2.229431E-248
   3.879026E-249
   1.395057E-247
   6.069699E-247
   1.190411E-246
   1.369210E-246
   9.436276E-247
   2.080968E-247
   1.707009E-247
   2.801742E-246
   1.043356E-245
   1.806820E-245
   1.864827E-245
   1.069163E-245
   9.167520E-247
   7.632129E-246
   6.448038E-245
   1.877007E-244
   2.719656E-244
   2.355764E-244
   9.359963E-245
   1.189140E-246
   3.061463E-244
   1.567952E-243
   3.316991E-243
   3.847360E-243
   2.514511E-243
   3.895502E-244
   9.811183E-244
   1.105015E-242
   3.569495E-242
   5.396751E-242
   4.699640E-242
   1.779719E-242
   6.806343E-244
   7.277263E-242
   3.520481E-241
   6.958420E-241
   7.460484E-241
   4.134256E-241
   1.949939E-242
   4.587782E-241
   3.359513E-240
   8.618502E-240
   1.090722E-239
   7.502296E-240
   1.250168E-240
   2.821652E-240
   3.329582E-239
   1.063272E-238
   1.534713E-238
   1.205291E-238
   3.113567E-239
   1.821789E-239
   3.615385E-238
   1.349014E-237
   2.135862E-237
   1.807510E-237
   5.587841E-238
   1.484520E-238
   4.444643E-237
   1.804014E-236
   2.988341E-236
   2.591398E-236
   8.255605E-237
   1.959654E-237
   6.297525E-236
   2.574259E-235
   4.230038E-235
   3.575140E-235
   1.025304E-235
   4.352539E-236
   1.027030E-234
   3.908770E-234
   6.035148E-234
   4.706761E-234
   1.008670E-234
   1.292575E-234
   1.889379E-233
   6.207897E-233
   8.558589E-233
   5.758512E-233
   6.153568E-234
   4.150330E-233
   3.786555E-232
   1.002743E-231
   1.176687E-231
   6.177390E-232
   3.294850E-234
   1.310941E-231
   7.847794E-231
   1.591196E-230
   1.506972E-230
   5.051032E-231
   1.187726E-231
   3.962442E-230
   1.576200E-229
   2.382700E-229
   1.676140E-229
   1.880369E-230
   1.219392E-229
   1.129333E-228
   2.901809E-228
   3.192392E-228
   1.382194E-228
   4.505146E-230
   6.017395E-228
   2.830937E-227
   4.683249E-227
   3.487576E-227
   4.599662E-228
   2.244019E-227
   2.228340E-226
   5.788505E-226
   6.233383E-226
   2.439237E-226
   2.683514E-227
   1.483567E-225
   6.246456E-225
   9.327056E-225
   5.935866E-225
   2.372153E-226
   8.574316E-225
   6.020998E-224
   1.250493E-223
   1.092035E-223
   2.312485E-224
   3.928964E-224
   5.375106E-223
   1.559685E-222
   1.744064E-222
   6.711721E-223
   1.034744E-223
   4.669880E-222
   1.860237E-221
   2.570705E-221
   1.376511E-221
   1.428162E-225
   4.099159E-221
   2.176794E-220
   3.621003E-220
   2.398803E-220
   8.993446E-222
   3.732974E-220
   2.564748E-219
   4.988752E-219
   3.816443E-219
   3.708847E-220
   3.639168E-219
   3.116596E-218
   6.835374E-218
   5.740798E-218
   8.202432E-219
   3.948957E-218
   3.979917E-217
   9.422593E-217
   8.315304E-217
   1.372129E-217
   4.951571E-217
   5.402923E-216
   1.315633E-215
   1.169476E-215
   1.883560E-216
   7.315512E-216
   7.826078E-215
   1.863649E-214
   1.598031E-214
   2.102489E-215
   1.261520E-214
   1.204536E-213
   2.668770E-213
   2.106908E-213
   1.702732E-214
   2.456989E-213
   1.947130E-212
   3.830217E-212
   2.636694E-212
   6.000683E-214
   5.191417E-212
   3.245928E-211
   5.434686E-211
   3.034908E-211
   1.602796E-213
   1.148938E-210
   5.453261E-210
   7.478002E-210
   3.016419E-210
   6.897186E-211
   2.588435E-209
   9.002469E-209
   9.706473E-209
   2.219756E-209
   4.260149E-209
   5.751485E-208
   1.422680E-207
   1.137557E-207
   6.555300E-209
   1.701941E-207
   1.209938E-206
   2.090892E-206
   1.106265E-206
   3.681546E-208
   5.551971E-206
   2.317408E-205
   2.747294E-205
   7.146394E-206
   1.040741E-205
   1.567046E-204
   3.923054E-204
   3.006986E-204
   8.629599E-206
   6.010371E-204
   3.728812E-203
   5.682316E-203
   2.302905E-203
   7.093329E-204
   2.291202E-202
   7.236740E-202
   6.598830E-202
   5.657358E-203
   8.563183E-202
   6.579452E-201
   1.120486E-200
   5.118846E-201
   9.250316E-202
   4.180289E-200
   1.399483E-199
   1.298588E-199
   1.052762E-200
   1.790154E-199
   1.337177E-198
   2.182088E-198
   8.823649E-199
   3.337402E-199
   9.730088E-198
   2.868018E-197
   2.306109E-197
   4.762730E-199
   5.338054E-197
   3.065692E-196
   4.093573E-196
   1.034308E-196
   2.018529E-196
   2.739484E-195
   6.006065E-195
   3.455943E-195
   1.475217E-196
   1.930945E-194
   7.146695E-194
   6.441089E-194
   2.104689E-195
   1.406961E-193
   8.773080E-193
   1.302054E-192
   4.709065E-193
   2.608365E-193
   5.706961E-192
   1.081612E-191
   1.990406E-192
   1.391830E-191
   1.518830E-190
   4.695217E-190
   6.936707E-190
   6.063276E-190
   2.554733E-190
   2.291229E-190
   5.472427E-189
   4.656402E-188
   2.008791E-187
   6.313532E-187
   1.871726E-186
   5.030405E-186
   1.185825E-185
   2.699628E-185
   9.486347E-185
   3.654852E-184
   1.150083E-183
   3.048207E-183
   9.460937E-183
   3.170994E-182
   9.186212E-182
   2.292017E-181
   6.818981E-181
   2.398519E-180
   7.371532E-180
   1.909590E-179
   5.444874E-179
   1.856918E-178
   5.669240E-178
   1.464960E-177
   4.035371E-177
   1.367785E-176
   4.232000E-176
   1.107268E-175
   2.983972E-175
   9.929679E-175
   3.066647E-174
   8.039420E-174
   2.131748E-173
   6.998800E-173
   2.158644E-172
   5.668783E-172
   1.489550E-171
   4.824073E-171
   1.477778E-170
   3.868508E-170
   1.011754E-169
   3.241430E-169
   9.840370E-169
   2.561157E-168
   6.697596E-168
   2.126008E-167
   6.375498E-167
   1.644519E-166
   4.317853E-166
   1.359968E-165
   4.018521E-165
   1.025028E-164
   2.714216E-164
   8.484463E-164
   2.463557E-163
   6.204841E-163
   1.664453E-162
   5.159514E-162
   1.468316E-161
   3.651967E-161
   9.965422E-161
   3.056733E-160
   8.503376E-160
   2.093343E-159
   5.827250E-159
   1.762929E-158
   4.781819E-158
   1.171449E-157
   3.327877E-157
   9.888912E-157
   2.609369E-156
   6.417602E-156
   1.855005E-155
   5.389343E-155
   1.381341E-154
   3.450220E-154
   1.008126E-153
   2.850383E-153
   7.102423E-153
   1.822743E-152
   5.333759E-152
   1.461388E-151
   3.560891E-151
   9.458805E-151
   2.742198E-150
   7.254571E-150
   1.751831E-149
   4.811202E-149
   1.367237E-148
   3.484428E-148
   8.507059E-148
   2.390760E-147
   6.598093E-147
   1.622363E-146
   4.086911E-146
   1.156157E-145
   3.076409E-145
   7.379522E-145
   1.937663E-144
   5.420779E-144
   1.383965E-143
   3.316405E-143
   9.014839E-143
   2.456024E-142
   6.014447E-142
   1.482047E-141
   4.087993E-141
   1.072429E-140
   2.549627E-140
   6.568664E-140
   1.795798E-139
   4.505340E-139
   1.071257E-138
   2.862570E-138
   7.604800E-138
   1.826719E-137
   4.495386E-137
   1.214579E-136
   3.093978E-136
   7.263805E-136
   1.872621E-135
   4.976758E-135
   1.208525E-134
   2.885515E-134
   7.645766E-134
   1.958194E-133
   4.584352E-133
   1.146384E-132
   3.023352E-132
   7.378270E-132
   1.730795E-131
   4.494046E-131
   1.148197E-130
   2.683160E-130
   6.565353E-130
   1.711392E-129
   4.168656E-129
   9.675393E-129
   2.469822E-128
   6.259083E-128
   1.455757E-127
   3.514312E-127
   9.042663E-127
   2.184916E-126
   5.035260E-126
   1.269384E-125
   3.177409E-125
   7.328774E-125
   1.757552E-124
   4.462442E-124
   1.063870E-123
   2.441005E-123
   6.100817E-123
   1.502831E-122
   3.429071E-122
   8.215342E-122
   2.056280E-121
   4.815363E-121
   1.104300E-120
   2.741188E-120
   6.619344E-120
   1.494609E-119
   3.591659E-119
   8.839573E-119
   2.027265E-118
   4.673056E-118
   1.150629E-117
   2.712012E-117
   6.088811E-117
   1.469045E-116
   3.539217E-116
   7.954124E-116
   1.853400E-115
   4.505140E-115
   1.032633E-114
   2.327544E-114
   5.616330E-114
   1.316769E-113
   2.922196E-113
   6.892668E-113
   1.641290E-112
   3.661765E-112
   8.373386E-112
   2.002517E-111
   4.545639E-111
   1.011703E-110
   2.399396E-110
   5.546868E-110
   1.218622E-109
   2.833817E-109
   6.633679E-109
   1.461269E-108
   3.311275E-108
   7.783067E-108
   1.735996E-107
   3.839946E-107
   8.978917E-107
   2.032404E-106
   4.427144E-106
   1.021056E-105
   2.338178E-105
   5.073219E-105
   1.147281E-104
   2.643235E-104
   5.765441E-104
   1.276388E-103
   2.939979E-103
   6.476798E-103
   1.408050E-102
   3.222407E-102
   7.172611E-102
   1.541076E-101
   3.485755E-101
   7.820506E-101
   1.672723E-100
   3.726249E-100
   8.395943E-100
   1.798408E-099
   3.940668E-099
   8.881903E-099
   1.912135E-098
   4.125784E-098
   9.266886E-098
   2.007604E-097
   4.277896E-097
   9.543689E-097
   2.079500E-096
   4.392650E-096
   9.708970E-096
   2.124417E-095
   4.465519E-095
   9.762931E-095
   2.140906E-094
   4.491966E-094
   9.707786E-094
   2.129080E-093
   4.468445E-093
   9.547880E-093
   2.090299E-092
   4.393338E-092
   9.289517E-092
   2.026838E-091
   4.267522E-091
   8.940882E-091
   1.941642E-090
   4.094473E-090
   8.512015E-090
   1.838117E-089
   3.879943E-089
   8.014738E-089
   1.719952E-088
   3.631371E-088
   7.462443E-088
   1.590957E-087
   3.357185E-087
   6.869696E-087
   1.454916E-086
   3.066152E-086
   6.251679E-086
   1.315454E-085
   2.766825E-085
   5.623517E-085
   1.175927E-084
   2.467119E-084
   4.999588E-084
   1.039326E-083
   2.174011E-083
   4.392888E-083
   9.082055E-083
   1.893347E-082
   3.814528E-082
   7.846382E-082
   1.629748E-081
   3.273403E-081
   6.701914E-081
   1.386593E-080
   2.776039E-080
   5.659327E-080
   1.166086E-079
   2.326678E-079
   4.724821E-079
   9.693865E-079
   1.927361E-078
   3.900037E-078
   7.966210E-078
   1.578040E-077
   3.182826E-077
   6.471269E-077
   1.277070E-076
   2.568126E-076
   5.196368E-076
   1.021575E-075
   2.048693E-075
   4.124478E-075
   8.077998E-075
   1.615814E-074
   3.235785E-074
   6.314488E-074
   1.259949E-073
   2.509071E-073
   4.879761E-073
   9.712964E-073
   1.922872E-072
   3.728308E-072
   7.402378E-072
   1.456387E-071
   2.816469E-071
   5.576840E-071
   1.090148E-070
   2.103790E-070
   4.153087E-070
   8.064574E-070
   1.553900E-069
   3.056886E-069
   5.896409E-069
   1.134949E-068
   2.223633E-068
   4.261337E-068
   8.197066E-068
   1.598327E-067
   3.044504E-067
   5.853944E-067
   1.135081E-066
   2.150663E-066
   4.133395E-066
   7.963329E-066
   1.502407E-065
   2.885181E-065
   5.518771E-065
   1.038083E-064
   1.990591E-064
   3.778396E-064
   7.095215E-064
   1.357217E-063
   2.556054E-063
   4.797230E-063
   9.142439E-063
   1.709073E-062
   3.208222E-062
   6.082815E-062
   1.129910E-061
   2.121770E-061
   3.996539E-061
   7.388891E-061
   1.387269E-060
   2.592826E-060
   4.780570E-060
   8.963661E-060
   1.661324E-059
   3.060404E-059
   5.721139E-059
   1.051785E-058
   1.938283E-058
   3.605478E-058
   6.583524E-058
   1.214079E-057
   2.242801E-057
   4.076591E-057
   7.517056E-057
   1.377105E-056
   2.497954E-056
   4.597826E-056
   8.350034E-056
   1.514636E-055
   2.776397E-055
   5.003857E-055
   9.084550E-055
   1.654309E-054
   2.966048E-054
   5.386216E-054
   9.725823E-054
   1.739898E-053
   3.154210E-053
   5.644982E-053
   1.010015E-052
   1.822880E-052
   3.238050E-052
   5.799031E-052
   1.039061E-051
   1.837480E-051
   3.290161E-051
   5.842664E-051
   1.031991E-050
   1.842708E-050
   3.244182E-050
   5.734720E-050
   1.017819E-049
   1.781150E-049
   3.150183E-049
   5.543104E-049
   9.677572E-049
   1.708462E-048
   2.979043E-048
   5.203231E-048
   9.136869E-048
   1.582365E-047
   2.765801E-047
   4.816067E-047
   8.316518E-047
   1.451416E-046
   2.504067E-046
   4.325191E-046
   7.508735E-046
   1.286481E-045
   2.223596E-045
   3.827287E-045
   6.539217E-045
   1.128186E-044
   1.923964E-044
   3.288530E-044
   5.640211E-044
   9.556994E-044
   1.634099E-043
   2.777316E-043
   4.696706E-043
   8.008045E-043
   1.348948E-042
   2.282684E-042
   3.864301E-042
   6.475936E-042
   1.095311E-041
   1.836501E-041
   3.075358E-041
   5.177715E-041
   8.613436E-041
   1.443172E-040
   2.408570E-040
   3.994277E-040
   6.677251E-040
   1.103905E-039
   1.831201E-039
   3.039609E-039
   4.996708E-039
   8.283217E-039
   1.361365E-038
   2.235857E-038
   3.687212E-038
   6.012989E-038
   9.876826E-038
   1.613379E-037
   2.624242E-037
   4.295306E-037
   6.951658E-037
   1.130965E-036
   1.835110E-036
   2.957093E-036
   4.799943E-036
   7.709659E-036
   1.242075E-035
   2.000520E-035
   3.194121E-035
   5.138431E-035
   8.188352E-035
   1.306206E-034
   2.086707E-034
   3.301013E-034
   5.260370E-034
   8.312023E-034
   1.312672E-033
   2.078412E-033
   3.256561E-033
   5.138267E-033
   8.044641E-033
   1.257385E-032
   1.971626E-032
   3.058087E-032
   4.774970E-032
   7.400376E-032
   1.144257E-031
   1.775286E-031
   2.723533E-031
   4.205564E-031
   6.444531E-031
   9.850432E-031
   1.510416E-030
   2.289312E-030
   3.492625E-030
   5.283758E-030
   7.975040E-030
   1.206693E-029
   1.804002E-029
   2.714928E-029
   4.045603E-029
   6.018229E-029
   8.962522E-029
   1.318207E-028
   1.951975E-028
   2.855721E-028
   4.175284E-028
   6.097401E-028
   8.790619E-028
   1.275689E-027
   1.823203E-027
   2.607733E-027
   3.711208E-027
   5.211942E-027
   7.358786E-027
   1.018413E-026
   1.412385E-026
   1.935852E-026
   2.615942E-026
   3.539833E-026
   4.657634E-026
   6.138890E-026
   7.886987E-026
   9.948635E-026
   1.240377E-025
   1.474391E-025
   1.735835E-025
   1.908806E-025
   1.998138E-025
   1.922121E-025
   1.548774E-025
   1.009062E-025
   2.785914E-026
   2.826290E-027
   1.544833E-025
   7.925781E-025
   2.463171E-024
   6.517062E-024
   1.478227E-023
   3.178544E-023
   6.412316E-023
   1.240299E-022
   2.347001E-022
   4.275025E-022
   7.724032E-022
   1.358425E-021
   2.364919E-021
   4.064108E-021
   6.878416E-021
   1.159949E-020
   1.925439E-020
   3.188516E-020
   5.222414E-020
   8.503020E-020
   1.377821E-019
   2.212151E-019
   3.546728E-019
   5.634859E-019
   8.934685E-019
   1.408082E-018
   2.208966E-018
   3.456018E-018
   5.372415E-018
   8.341536E-018
   1.287255E-017
   1.982605E-017
   3.040906E-017
   4.646877E-017
   7.085923E-017
   1.075302E-016
   1.629645E-016
   2.458452E-016
   3.701760E-016
   5.555326E-016
   8.311522E-016
   1.241002E-015
   1.845850E-015
   2.741442E-015
   4.056360E-015
   5.991062E-015
   8.822379E-015
   1.295813E-014
   1.899302E-014
   2.775019E-014
   4.047873E-014
   5.885566E-014
   8.542404E-014
   1.236412E-013
   1.785526E-013
   2.572865E-013
   3.697347E-013
   5.303709E-013
   7.586238E-013
   1.083177E-012
   1.542455E-012
   2.191982E-012
   3.107864E-012
   4.395959E-012
   6.205723E-012
   8.738627E-012
   1.228344E-011
   1.722328E-011
   2.410428E-011
   3.365659E-011
   4.689588E-011
   6.520707E-011
   9.046022E-011
   1.252508E-010
   1.730091E-010
   2.385196E-010
   3.280669E-010
   4.503248E-010
   6.167713E-010
   8.429196E-010
   1.149573E-009
   1.564232E-009
   2.124144E-009
   2.877801E-009
   3.890918E-009
   5.248642E-009
   7.065245E-009
   9.489375E-009
   1.271729E-008
   1.700623E-008
   2.269007E-008
   3.020878E-008
   4.012619E-008
   5.318480E-008
   7.033045E-008
   9.279938E-008
   1.221662E-007
   1.604639E-007
   2.102891E-007
   2.749496E-007
   3.586785E-007
   4.668070E-007
   6.061492E-007
   7.852206E-007
   1.014846E-006
   1.308501E-006
   1.683161E-006
   2.159927E-006
   2.765101E-006
   3.531336E-006
   4.498916E-006
   5.717725E-006
   7.248768E-006
   9.167225E-006
   1.156443E-005
   1.455265E-005
   1.826775E-005
   2.287440E-005
   2.857092E-005
   3.559589E-005
   4.423524E-005
   5.482994E-005
   6.778612E-005
   8.358417E-005
   1.027921E-004
   1.260765E-004
   1.542190E-004
   1.881302E-004
   2.288671E-004
   2.776520E-004
   3.358898E-004
   4.051903E-004
   4.873854E-004
   5.845523E-004
   6.990315E-004
   8.334436E-004
   9.907117E-004
   1.174061E-003
   1.387050E-003
   1.633542E-003
   1.917737E-003
   2.244119E-003
   2.617478E-003
   3.042822E-003
   3.525378E-003
   4.070482E-003
   4.683523E-003
   5.369830E-003
   6.134532E-003
   6.982457E-003
   7.917878E-003
   8.944451E-003
   1.006484E-002
   1.128068E-002
   1.259213E-002
   1.399782E-002
   1.549441E-002
   1.707652E-002
   1.873631E-002
   2.046340E-002
   2.224464E-002
   2.406397E-002
   2.590238E-002
   2.773786E-002
   2.954558E-002
   3.129827E-002
   3.296720E-002
   3.452080E-002
   3.592601E-002
   3.714907E-002
   3.815626E-002
   3.891498E-002
   3.939450E-002
   3.956755E-002
   3.941087E-002
   3.890716E-002
   3.804541E-002
   3.682289E-002
   3.524522E-002
   3.332804E-002
   3.109671E-002
   2.858729E-002
   2.584582E-002
   2.292825E-002
   1.989922E-002
   1.683076E-002
   1.380054E-002
   1.088939E-002
   8.178954E-003
   5.748457E-003
   3.671872E-003
   2.014399E-003
   8.295576E-004
   1.560358E-004
   1.523716E-005
   4.091774E-004
   1.319173E-003
   2.705328E-003
   4.507027E-003
   6.644306E-003
   9.020574E-003
   1.152582E-002
   1.404155E-002
   1.644536E-002
   1.861753E-002
   2.044611E-002
   2.183402E-002
   2.270352E-002
   2.300233E-002
   2.270621E-002
   2.182261E-002
   2.039030E-002
   1.847938E-002
   1.618748E-002
   1.363572E-002
   1.096177E-002
   8.312516E-003
   5.834831E-003
   3.666699E-003
   1.928418E-003
   7.142907E-004
   8.586579E-005
   6.689253E-005
   6.408021E-004
   1.750841E-003
   3.302984E-003
   5.171835E-003
   7.208741E-003
   9.252339E-003
   1.114001E-002
   1.272033E-002
   1.386469E-002
   1.447795E-002
   1.450651E-002
   1.394357E-002
   1.283073E-002
   1.125552E-002
   9.345347E-003
   7.257454E-003
   5.166482E-003
   3.249602E-003
   1.671432E-003
   5.690936E-004
   3.961705E-005
   1.302385E-004
   8.330828E-004
   2.084684E-003
   3.770523E-003
   5.734741E-003
   7.793610E-003
   9.752639E-003
   1.142446E-002
   1.264742E-002
   1.330115E-002
   1.331955E-002
   1.269760E-002
   1.149331E-002
   9.822222E-003
   7.846909E-003
   5.760507E-003
   3.767324E-003
   2.061483E-003
   8.063685E-004
   1.169763E-004
   4.707324E-005
   5.829475E-004
   1.644531E-003
   3.093948E-003
   4.750823E-003
   6.411952E-003
   7.875233E-003
   8.962174E-003
   9.540157E-003
   9.537237E-003
   8.952622E-003
   7.856078E-003
   6.381393E-003
   4.709492E-003
   3.047502E-003
   1.602503E-003
   5.560494E-004
   4.057965E-005
   1.221389E-004
   7.910020E-004
   1.961966E-003
   3.484437E-003
   5.161139E-003
   6.773419E-003
   8.109590E-003
   8.993152E-003
   9.306291E-003
   9.006493E-003
   8.132393E-003
   6.799587E-003
   5.184822E-003
   3.502471E-003
   1.974678E-003
   8.006441E-004
   1.284591E-004
   3.406071E-005
   5.102977E-004
   1.467937E-003
   2.748478E-003
   4.147687E-003
   5.445385E-003
   6.438977E-003
   6.973300E-003
   6.965118E-003
   6.415313E-003
   5.409767E-003
   4.105816E-003
   2.708493E-003
   1.438227E-003
   4.963676E-004
   3.286507E-005
   1.221050E-004
   7.503447E-004
   1.817280E-003
   3.151872E-003
   4.538830E-003
   5.754006E-003
   6.599728E-003
   6.938550E-003
   6.714683E-003
   5.964918E-003
   4.811489E-003
   3.442965E-003
   2.081787E-003
   9.474028E-004
   2.184911E-004
   2.780815E-006
   3.184363E-004
   1.091157E-003
   2.167616E-003
   3.342289E-003
   4.394912E-003
   5.128955E-003
   5.408448E-003
   5.181256E-003
   4.490202E-003
   3.463989E-003
   2.294763E-003
   1.201674E-003
   3.906617E-004
   1.527003E-005
   1.476627E-004
   7.643637E-004
   1.749980E-003
   2.918895E-003
   4.049518E-003
   4.927398E-003
   5.385023E-003
   5.335582E-003
   4.788440E-003
   3.848726E-003
   2.695861E-003
   1.549192E-003
   6.243168E-004
   9.084920E-005
   3.867060E-005
   4.604071E-004
   1.253417E-003
   2.240873E-003
   3.208707E-003
   3.949197E-003
   4.304776E-003
   4.200036E-003
   3.658044E-003
   2.795058E-003
   1.795769E-003
   8.744976E-004
   2.293690E-004
   1.506617E-008
   2.372168E-004
   8.915826E-004
   1.823645E-003
   2.833555E-003
   3.704064E-003
   4.247389E-003
   4.346521E-003
   3.980074E-003
   3.228105E-003
   2.253176E-003
   1.265725E-003
   4.761449E-004
   4.884912E-005
   6.508394E-005
   5.053107E-004
   1.254180E-003
   2.127076E-003
   2.913540E-003
   3.425049E-003
   3.540319E-003
   3.231799E-003
   2.574009E-003
   1.724119E-003
   8.862854E-004
   2.619742E-004
   2.534275E-006
   1.723108E-004
   7.329124E-004
   1.552042E-003
   2.434491E-003
   3.169544E-003
   3.580920E-003
   3.570293E-003
   3.140533E-003
   2.395277E-003
   1.513616E-003
   7.056829E-004
   1.614006E-004
   3.228209E-006
   2.564124E-004
   8.431846E-004
   1.602828E-003
   2.333194E-003
   2.841692E-003
   2.995681E-003
   2.755017E-003
   2.183785E-003
   1.431734E-003
   6.971130E-004
   1.737066E-004
   9.028430E-007
   2.264515E-004
   7.936174E-004
   1.555743E-003
   2.314058E-003
   2.870434E-003
   3.078997E-003
   2.885283E-003
   2.340552E-003
   1.587843E-003
   8.243241E-004
   2.475937E-004
   3.316791E-006
   1.456315E-004
   6.231295E-004
   1.293578E-003
   1.963025E-003
   2.440502E-003
   2.589887E-003
   2.369411E-003
   1.841654E-003
   1.157453E-003
   5.122911E-004
   9.162613E-005
   1.782385E-005
   3.150920E-004
   9.020208E-004
   1.614268E-003
   2.250882E-003
   2.631866E-003
   2.648940E-003
   2.297835E-003
   1.677990E-003
   9.655876E-004
   3.610034E-004
   3.188744E-005
   6.382070E-005
   4.360343E-004
   1.028058E-003
   1.655641E-003
   2.126178E-003
   2.295961E-003
   2.113388E-003
   1.634655E-003
   1.006087E-003
   4.207844E-004
   5.891650E-005
   3.358873E-005
   3.556656E-004
   9.299826E-004
   1.584125E-003
   2.120117E-003
   2.375665E-003
   2.272964E-003
   1.843450E-003
   1.217795E-003
   5.855051E-004
   1.367024E-004
   2.633845E-006
   2.154243E-004
   6.983191E-004
   1.290120E-003
   1.797066E-003
   2.053737E-003
   1.977029E-003
   1.591678E-003
   1.023346E-003
   4.577260E-004
   8.064323E-005
   1.786477E-005
   2.936460E-004
   8.222036E-004
   1.435168E-003
   1.935324E-003
   2.161566E-003
   2.040318E-003
   1.611058E-003
   1.012394E-003
   4.373787E-004
   6.970912E-005
   2.313108E-005
   3.041054E-004
   8.100703E-004
   1.363912E-003
   1.774322E-003
   1.899643E-003
   1.697069E-003
   1.236087E-003
   6.759397E-004
   2.106957E-004
   2.920884E-006
   1.276139E-004
   5.458166E-004
   1.117192E-003
   1.648135E-003
   1.957447E-003
   1.939860E-003
   1.601122E-003
   1.057170E-003
   4.933802E-004
   1.005629E-004
   8.663646E-006
   2.414623E-004
   7.086378E-004
   1.238213E-003
   1.637221E-003
   1.761206E-003
   1.564944E-003
   1.119650E-003
   5.870416E-004
   1.614822E-004
   1.654763E-009
   1.649494E-004
   6.008616E-004
   1.153861E-003
   1.626331E-003
   1.848858E-003
   1.741049E-003
   1.341569E-003
   7.940871E-004
   2.948710E-004
   2.156447E-005
   6.765750E-005
   4.085903E-004
   9.111098E-004
   1.382788E-003
   1.644232E-003
   1.596007E-003
   1.256193E-003
   7.541063E-004
   2.811629E-004
   1.934870E-005
   7.145925E-005
   4.218554E-004
   9.414917E-004
   1.436143E-003
   1.719773E-003
   1.685434E-003
   1.345676E-003
   8.288446E-004
   3.292366E-004
   3.366345E-005
   4.926822E-005
   3.627770E-004
   8.458422E-004
   1.305379E-003
   1.558680E-003
   1.505593E-003
   1.166847E-003
   6.770350E-004
   2.310792E-004
   7.808338E-006
   9.889125E-005
   4.719981E-004
   9.826968E-004
   1.431327E-003
   1.641325E-003
   1.529941E-003
   1.140808E-003
   6.271386E-004
   1.908326E-004
   1.548150E-006
   1.291571E-004
   5.156681E-004
   9.989009E-004
   1.378555E-003
   1.497702E-003
   1.306890E-003
   8.849519E-004
   4.063578E-004
   7.042581E-005
   1.860312E-005
   2.760155E-004
   7.401412E-004
   1.222484E-003
   1.525633E-003
   1.525260E-003
   1.221091E-003
   7.380552E-004
   2.740401E-004
   1.800391E-005
   7.122021E-005
   4.050938E-004
   8.733785E-004
   1.274261E-003
   1.435493E-003
   1.287858E-003
   8.946281E-004
   4.246953E-004
   8.100907E-005
   1.326763E-005
   2.537314E-004
   7.025537E-004
   1.169976E-003
   1.457160E-003
   1.441770E-003
   1.130144E-003
   6.553903E-004
   2.193538E-004
   6.009151E-006
   1.018890E-004
   4.589000E-004
   9.155417E-004
   1.268022E-003
   1.359427E-003
   1.149116E-003
   7.306228E-004
   2.903992E-004
   2.569838E-005
   5.661508E-005
   3.725254E-004
   8.359811E-004
   1.243250E-003
   1.414396E-003
   1.273753E-003
   8.833025E-004
   4.157567E-004
   7.702773E-005
   1.425683E-005
   2.498724E-004
   6.718417E-004
   1.084511E-003
   1.297766E-003
   1.213435E-003
   8.702098E-004
   4.263104E-004
   8.681594E-005
   9.933901E-006
   2.337146E-004
   6.580875E-004
   1.090099E-003
   1.332531E-003
   1.274267E-003
   9.420594E-004
   4.879276E-004
   1.191277E-004
   2.215027E-006
   1.858033E-004
   5.783878E-004
   9.915392E-004
   1.228478E-003
   1.176579E-003
   8.606848E-004
   4.310103E-004
   9.251808E-005
   7.447608E-006
   2.182547E-004
   6.269375E-004
   1.041343E-003
   1.265867E-003
   1.194508E-003
   8.611406E-004
   4.232998E-004
   8.718360E-005
   8.844557E-006
   2.199128E-004
   6.127755E-004
   9.931031E-004
   1.173951E-003
   1.066798E-003
   7.242388E-004
   3.145753E-004
   3.959391E-005
   3.574203E-005
   3.071177E-004
   7.229106E-004
   1.081052E-003
   1.206952E-003
   1.039311E-003
   6.599393E-004
   2.538277E-004
   1.776215E-005
   6.341322E-005
   3.624402E-004
   7.611353E-004
   1.057297E-003
   1.101398E-003
   8.714124E-004
   4.835579E-004
   1.340767E-004
   1.284903E-007
   1.505014E-004
   5.105238E-004
   8.995346E-004
   1.121773E-003
   1.065409E-003
   7.590163E-004
   3.569343E-004
   6.102712E-005
   1.789030E-005
   2.446287E-004
   6.205475E-004
   9.495668E-004
   1.060947E-003
   8.972643E-004
   5.436399E-004
   1.835476E-004
   3.848635E-006
   9.780809E-005
   4.168672E-004
   7.957163E-004
   1.038124E-003
   1.018595E-003
   7.476446E-004
   3.658588E-004
   7.033150E-005
   1.167478E-005
   2.153904E-004
   5.691805E-004
   8.826471E-004
   9.882386E-004
   8.297333E-004
   4.920519E-004
   1.558001E-004
   1.085511E-006
   1.114729E-004
   4.291952E-004
   7.857734E-004
   9.917279E-004
   9.377637E-004
   6.528399E-004
   2.885711E-004
   3.760191E-005
   3.021324E-005
   2.646955E-004
   6.090197E-004
   8.729844E-004
   9.116494E-004
   7.041735E-004
   3.646813E-004
   7.978848E-005
   6.310768E-006
   1.853048E-004
   5.194662E-004
   8.263557E-004
   9.383925E-004
   7.945851E-004
   4.738975E-004
   1.513104E-004
   1.313039E-006
   1.018050E-004
   3.916804E-004
   7.055615E-004
   8.662911E-004
   7.837832E-004
   5.048477E-004
   1.866468E-004
   8.191782E-006
   6.981428E-005
   3.369289E-004
   6.595910E-004
   8.568153E-004
   8.181970E-004
   5.658642E-004
   2.414247E-004
   2.574580E-005
   3.668771E-005
   2.628431E-004
   5.708791E-004
   7.821458E-004
   7.749483E-004
   5.538239E-004
   2.465846E-004
   3.048293E-005
   3.011736E-005
   2.457228E-004
   5.530724E-004
   7.751820E-004
   7.843114E-004
   5.755966E-004
   2.693811E-004
   4.121065E-005
   2.000198E-005
   2.135292E-004
   5.046873E-004
   7.204818E-004
   7.335572E-004
   5.365690E-004
   2.461051E-004
   3.371241E-005
   2.463472E-005
   2.240301E-004
   5.140078E-004
   7.234052E-004
   7.288531E-004
   5.275450E-004
   2.384269E-004
   3.121686E-005
   2.561301E-005
   2.205000E-004
   4.954708E-004
   6.834482E-004
   6.710145E-004
   4.661506E-004
   1.928540E-004
   1.607793E-005
   4.207884E-005
   2.544716E-004
   5.243838E-004
   6.886417E-004
   6.483350E-004
   4.282341E-004
   1.613101E-004
   7.603979E-006
   5.705642E-005
   2.753039E-004
   5.254630E-004
   6.524274E-004
   5.779801E-004
   3.485179E-004
   1.059714E-004
   7.194497E-008
   9.592633E-005
   3.339305E-004
   5.667840E-004
   6.506273E-004
   5.339830E-004
   2.892232E-004
   6.724287E-005
   3.513928E-006
   1.340102E-004
   3.734698E-004
   5.693629E-004
   5.978095E-004
   4.411645E-004
   1.986966E-004
   2.369875E-005
   2.660049E-005
   2.053086E-004
   4.466378E-004
   5.980056E-004
   5.639363E-004
   3.662642E-004
   1.299278E-004
   3.314176E-006
   6.399787E-005
   2.698187E-004
   4.864693E-004
   5.738517E-004
   4.758303E-004
   2.559533E-004
   5.615254E-005
   5.141310E-006
   1.354779E-004
   3.627109E-004
   5.400737E-004
   5.532731E-004
   3.941553E-004
   1.655139E-004
   1.406570E-005
   3.526556E-005
   2.117939E-004
   4.255787E-004
   5.353214E-004
   4.689333E-004
   2.704459E-004
   7.069661E-005
   1.148520E-006
   1.073697E-004
   3.191187E-004
   4.967206E-004
   5.231756E-004
   3.812685E-004
   1.646506E-004
   1.564097E-005
   3.091232E-005
   1.976221E-004
   4.024506E-004
   5.074544E-004
   4.422279E-004
   2.507813E-004
   6.180508E-005
   2.225487E-006
   1.119274E-004
   3.169730E-004
   4.793412E-004
   4.898217E-004
   3.415139E-004
   1.342844E-004
   7.180732E-006
   4.439990E-005
   2.184970E-004
   4.093760E-004
   4.861734E-004
   3.964194E-004
   2.016819E-004
   3.536157E-005
   1.138698E-005
   1.461688E-004
   3.473299E-004
   4.769975E-004
   4.463596E-004
   2.765566E-004
   8.396793E-005
   6.238610E-009
   8.061447E-005
   2.679506E-004
   4.307606E-004
   4.554970E-004
   3.250728E-004
   1.305323E-004
   7.479926E-006
   4.164460E-005
   2.090984E-004
   3.928951E-004
   4.646600E-004
   3.742765E-004
   1.849385E-004
   2.886224E-005
   1.458695E-005
   1.508243E-004
   3.404521E-004
   4.490381E-004
   3.997088E-004
   2.274543E-004
   5.432704E-005
   2.905833E-006
   1.092596E-004
   2.972187E-004
   4.324913E-004
   4.183400E-004
   2.647340E-004
   8.149897E-005
   6.276655E-009
   7.916360E-005
   2.629758E-004
   4.203219E-004
   4.387577E-004
   3.051351E-004
   1.150355E-004
   3.988704E-006
   4.983031E-005
   2.166726E-004
   3.811432E-004
   4.221633E-004
   3.093072E-004
   1.254288E-004
   6.730530E-006
   4.344569E-005
   2.133382E-004
   3.967817E-004
   4.629178E-004
   3.644560E-004
   1.719685E-004
   2.244372E-005
   1.953959E-005
   1.584765E-004
   3.306948E-004
   4.048834E-004
   3.246725E-004
   1.507813E-004
   1.611032E-005
   2.679131E-005
   1.823738E-004
   3.744034E-004
   4.651976E-004
   3.890213E-004
   2.007885E-004
   3.586711E-005
   1.037292E-005
   1.358186E-004
   3.116691E-004
   4.015020E-004
   3.359853E-004
   1.654409E-004
   2.217869E-005
   2.043054E-005
   1.689591E-004
   3.625520E-004
   4.596410E-004
   3.882799E-004
   2.007343E-004
   3.500959E-005
   1.167517E-005
   1.435297E-004
   3.264739E-004
   4.188577E-004
   3.493948E-004
   1.716300E-004
   2.316661E-005
   2.028591E-005
   1.682578E-004
   3.562540E-004
   4.414451E-004
   3.584423E-004
   1.701590E-004
   2.045641E-005
   2.418426E-005
   1.787525E-004
   3.655459E-004
   4.407687E-004
   3.462357E-004
   1.546539E-004
   1.391996E-005
   3.290321E-005
   1.969058E-004
   3.786086E-004
   4.366180E-004
   3.254962E-004
   1.316171E-004
   6.398734E-006
   4.835313E-005
   2.258287E-004
   4.010436E-004
   4.372423E-004
   3.057685E-004
   1.091663E-004
   1.538162E-006
   6.789716E-005
   2.569981E-004
   4.208754E-004
   4.307638E-004
   2.786008E-004
   8.392711E-005
   7.506409E-008
   9.311312E-005
   2.892153E-004
   4.326603E-004
   4.091897E-004
   2.371356E-004
   5.352502E-005
   5.427736E-006
   1.325126E-004
   3.345768E-004
   4.507442E-004
   3.878913E-004
   1.957949E-004
   2.824973E-005
   2.035535E-005
   1.798285E-004
   3.798861E-004
   4.603110E-004
   3.562090E-004
   1.508740E-004
   9.463647E-006
   4.611244E-005
   2.314299E-004
   4.155870E-004
   4.491773E-004
   3.045345E-004
   9.894061E-005
   7.934826E-008
   8.975995E-005
   2.966252E-004
   4.532905E-004
   4.322662E-004
   2.502536E-004
   5.531101E-005
   6.521055E-006
   1.439230E-004
   3.552435E-004
   4.673594E-004
   3.881533E-004
   1.823849E-004
   1.907553E-005
   3.280592E-005
   2.126393E-004
   4.104816E-004
   4.628114E-004
   3.259343E-004
   1.128955E-004
   7.103735E-007
   8.383855E-005
   2.951340E-004
   4.605078E-004
   4.429150E-004
   2.565323E-004
   5.578316E-005
   7.406099E-006
   1.514846E-004
   3.674726E-004
   4.743893E-004
   3.822366E-004
   1.680274E-004
   1.202026E-005
   4.668055E-005
   2.447696E-004
   4.411400E-004
   4.709624E-004
   3.087126E-004
   9.058238E-005
   4.458955E-007
   1.147609E-004
   3.373673E-004
   4.800847E-004
   4.218060E-004
   2.116003E-004
   2.782019E-005
   2.700497E-005
   2.104823E-004
   4.224963E-004
   4.823517E-004
   3.386327E-004
   1.137980E-004
   2.524948E-007
   9.590844E-005
   3.197893E-004
   4.806088E-004
   4.404351E-004
   2.333914E-004
   3.704277E-005
   2.022086E-005
   1.976953E-004
   4.170009E-004
   4.892744E-004
   3.520101E-004
   1.234178E-004
   8.280232E-007
   9.023411E-005
   3.142397E-004
   4.786259E-004
   4.405747E-004
   2.329163E-004
   3.609866E-005
   2.149939E-005
   2.019892E-004
   4.201954E-004
   4.854466E-004
   3.404425E-004
   1.118854E-004
   5.639705E-008
   1.033148E-004
   3.312989E-004
   4.836661E-004
   4.260637E-004
   2.088743E-004
   2.365267E-005
   3.466122E-005
   2.335337E-004
   4.457274E-004
   4.840539E-004
   3.143004E-004
   8.625647E-005
   1.808074E-006
   1.361605E-004
   3.706515E-004
   4.974534E-004
   4.039321E-004
   1.729853E-004
   9.651264E-006
   5.870162E-005
   2.755637E-004
   4.660074E-004
   4.596212E-004
   2.621945E-004
   5.043504E-005
   1.339404E-005
   1.826889E-004
   4.042000E-004
   4.770775E-004
   3.351428E-004
   1.069893E-004
   1.883270E-008
   1.127080E-004
   3.448647E-004
   4.874574E-004
   4.115071E-004
   1.853270E-004
   1.340602E-005
   5.149116E-005
   2.651734E-004
   4.606405E-004
   4.603667E-004
   2.645015E-004
   5.097765E-005
   1.372104E-005
   1.859886E-004
   4.100090E-004
   4.809911E-004
   3.341862E-004
   1.038863E-004
   1.239732E-007
   1.159718E-004
   3.423793E-004
   4.690092E-004
   3.784247E-004
   1.546187E-004
   5.423610E-006
   7.009950E-005
   2.899350E-004
   4.620316E-004
   4.270581E-004
   2.172050E-004
   2.676905E-005
   3.205570E-005
   2.275616E-004
   4.309220E-004
   4.525262E-004
   2.721821E-004
   5.807418E-005
   9.925967E-006
   1.724794E-004
   3.936005E-004
   4.664736E-004
   3.230490E-004
   9.755842E-005
   4.353483E-007
   1.208615E-004
   3.434158E-004
   4.572088E-004
   3.547410E-004
   1.330582E-004
   1.764856E-006
   8.480166E-005
   3.034051E-004
   4.507436E-004
   3.875850E-004
   1.738465E-004
   1.141014E-005
   5.245751E-005
   2.553099E-004
   4.247457E-004
   3.983871E-004
   2.015768E-004
   2.299508E-005
   3.418568E-005
   2.253184E-004
   4.143166E-004
   4.208425E-004
   2.387517E-004
   4.181032E-005
   1.711123E-005
   1.859532E-004
   3.840945E-004
   4.201913E-004
   2.598138E-004
   5.780522E-005
   8.044497E-006
   1.559810E-004
   3.553058E-004
   4.106257E-004
   2.676943E-004
   6.644390E-005
   5.005621E-006
   1.466100E-004
   3.571519E-004
   4.345331E-004
   3.044000E-004
   9.202109E-005
   4.460442E-007
   1.136431E-004
   3.163069E-004
   4.079367E-004
   2.990133E-004
   9.723212E-005
   1.333548E-008
   9.974654E-005
   2.936297E-004
   3.865800E-004
   2.852104E-004
   9.098978E-005
   2.051559E-007
   1.093051E-004
   3.179998E-004
   4.262831E-004
   3.299681E-004
   1.222347E-004
   1.464788E-006
   7.676082E-005
   2.631526E-004
   3.690281E-004
   2.876786E-004
   1.022091E-004
   2.704661E-007
   8.492179E-005
   2.712203E-004
   3.718202E-004
   2.854115E-004
   9.880442E-005
   8.141061E-008
   8.984410E-005
   2.799535E-004
   3.814809E-004
   2.936476E-004
   1.041393E-004
   3.833103E-007
   8.147949E-005
   2.600945E-004
   3.524569E-004
   2.646716E-004
   8.678735E-005
   2.969944E-008
   9.210634E-005
   2.683465E-004
   3.486430E-004
   2.511160E-004
   7.537812E-005
   7.373361E-007
   1.033119E-004
   2.785765E-004
   3.481409E-004
   2.415243E-004
   6.735806E-005
   1.737505E-006
   1.084168E-004
   2.748193E-004
   3.286721E-004
   2.148806E-004
   5.104705E-005
   5.382812E-006
   1.234207E-004
   2.819836E-004
   3.170598E-004
   1.929063E-004
   3.782135E-005
   1.052300E-005
   1.361957E-004
   2.816556E-004
   2.945687E-004
   1.617135E-004
   2.205498E-005
   2.161891E-005
   1.614601E-004
   2.967732E-004
   2.875895E-004
   1.438462E-004
   1.400455E-005
   2.988762E-005
   1.701242E-004
   2.843611E-004
   2.518020E-004
   1.073842E-004
   3.699993E-006
   4.964693E-005
   1.959771E-004
   2.878743E-004
   2.284827E-004
   8.068611E-005
   1.026859E-007
   7.059857E-005
   2.162498E-004
   2.823585E-004
   1.992019E-004
   5.506910E-005
   1.823899E-006
   9.383898E-005
   2.312721E-004
   2.671638E-004
   1.636918E-004
   3.131723E-005
   1.000263E-005
   1.199830E-004
   2.413159E-004
   2.431841E-004
   1.239093E-004
   1.189777E-005
   2.726696E-005
   1.530699E-004
   2.540716E-004
   2.221930E-004
   9.197578E-005
   2.409230E-006
   4.711139E-005
   1.745426E-004
   2.451036E-004
   1.823812E-004
   5.486116E-005
   7.085042E-007
   7.784247E-005
   2.017843E-004
   2.379341E-004
   1.474698E-004
   2.854054E-005
   8.807199E-006
   1.068764E-004
   2.132867E-004
   2.108828E-004
   1.026295E-004
   7.513154E-006
   2.976619E-005
   1.448876E-004
   2.269298E-004
   1.865144E-004
   6.807769E-005
   2.165856E-007
   5.445283E-005
   1.677737E-004
   2.134004E-004
   1.409172E-004
   3.110132E-005
   5.658273E-006
   9.235443E-005
   1.947514E-004
   1.994423E-004
   1.015056E-004
   9.246911E-006
   2.360746E-005
   1.265121E-004
   2.019194E-004
   1.654821E-004
   5.818605E-005
   8.117560E-009
   5.582844E-005
   1.633068E-004
   2.027830E-004
   1.306418E-004
   2.720110E-005
   6.295441E-006
   8.835181E-005
   1.788575E-004
   1.753662E-004
   8.224608E-005
   4.600232E-006
   2.922323E-005
   1.271734E-004
   1.873002E-004
   1.419053E-004
   4.248782E-005
   6.877396E-007
   6.192728E-005
   1.547973E-004
   1.729027E-004
   9.575475E-005
   1.153430E-005
   1.635284E-005
   1.048759E-004
   1.765916E-004
   1.502209E-004
   5.586081E-005
   1.837030E-007
   4.484545E-005
   1.368795E-004
   1.700569E-004
   1.064864E-004
   1.932725E-005
   8.269210E-006
   8.518904E-005
   1.610760E-004
   1.486725E-004
   6.248918E-005
   1.394068E-006
   3.443352E-005
   1.217291E-004
   1.613328E-004
   1.073490E-004
   2.263251E-005
   5.471357E-006
   7.556247E-005
   1.514279E-004
   1.451254E-004
   6.411789E-005
   2.161873E-006
   3.019937E-005
   1.142677E-004
   1.556588E-004
   1.061074E-004
   2.365839E-005
   4.416020E-006
   7.024988E-005
   1.436302E-004
   1.386167E-004
   6.125155E-005
   1.986024E-006
   2.946089E-005
   1.103740E-004
   1.491451E-004
   1.002913E-004
   2.139413E-005
   4.945250E-006
   6.952797E-005
   1.383654E-004
   1.301324E-004
   5.471067E-005
   1.056583E-006
   3.187134E-005
   1.097338E-004
   1.418635E-004
   9.018063E-005
   1.616207E-005
   7.519879E-006
   7.399120E-005
   1.360450E-004
   1.197188E-004
   4.456992E-005
   6.638941E-008
   3.875214E-005
   1.137239E-004
   1.349635E-004
   7.705883E-005
   9.462747E-006
   1.315389E-005
   8.358783E-005
   1.362378E-004
   1.080129E-004
   3.282466E-005
   6.189603E-007
   4.923205E-005
   1.191630E-004
   1.255974E-004
   6.078168E-005
   3.268122E-006
   2.291406E-005
   9.637931E-005
   1.352384E-004
   9.273783E-005
   2.011480E-005
   4.420590E-006
   6.325107E-005
   1.239279E-004
   1.121711E-004
   4.242205E-005
   6.483096E-008
   3.728786E-005
   1.093917E-004
   1.290836E-004
   7.259222E-005
   8.332385E-006
   1.339669E-005
   7.989676E-005
   1.252288E-004
   9.348396E-005
   2.386874E-005
   2.421969E-006
   5.624158E-005
   1.199776E-004
   1.158147E-004
   4.886461E-005
   8.227387E-007
   2.962735E-005
   9.849579E-005
   1.216516E-004
   7.034613E-005
   8.351062E-006
   1.300636E-005
   7.932390E-005
   1.258327E-004
   9.519095E-005
   2.516632E-005
   1.954865E-006
   5.349573E-005
   1.150180E-004
   1.096627E-004
   4.411483E-005
   2.880082E-007
   3.324503E-005
   1.023867E-004
   1.218184E-004
   6.735396E-005
   6.723966E-006
   1.511202E-005
   8.134412E-005
   1.220065E-004
   8.596988E-005
   1.852522E-005
   4.650858E-006
   6.233394E-005
   1.197524E-004
   1.051652E-004
   3.683559E-005
   2.960839E-008
   3.991852E-005
   1.050562E-004
   1.125730E-004
   5.290994E-005
   1.938178E-006
   2.504559E-005
   9.423962E-005
   1.230925E-004
   7.549839E-005
   1.106522E-005
   9.810426E-006
   7.131789E-005
   1.159149E-004
   8.627656E-005
   2.046556E-005
   3.499518E-006
   5.881517E-005
   1.177331E-004
   1.061846E-004
   3.869942E-005
   6.260699E-010
   3.742152E-005
   1.011353E-004
   1.084170E-004
   4.982074E-005
   1.368480E-006
   2.690202E-005
   9.559312E-005
   1.206721E-004
   7.025182E-005
   8.289707E-006
   1.286829E-005
   7.638948E-005
   1.158255E-004
   7.991416E-005
   1.533023E-005
   6.418837E-006
   6.600571E-005
   1.182716E-004
   9.620707E-005
   2.808351E-005
   1.111717E-006
   4.896903E-005
   1.085522E-004
   1.020115E-004
   3.786558E-005
   2.870083E-010
   3.860913E-005
   1.046080E-004
   1.129511E-004
   5.287721E-005
   1.847302E-006
   2.495288E-005
   9.060224E-005
   1.122025E-004
   6.139001E-005
   5.007984E-006
   1.755200E-005
   8.353845E-005
   1.174216E-004
   7.515752E-005
   1.169433E-005
   9.137712E-006
   6.951649E-005
   1.125542E-004
   8.133201E-005
   1.714255E-005
   5.117194E-006
   6.199431E-005
   1.137112E-004
   9.257570E-005
   2.627464E-005
   1.422154E-006
   4.955551E-005
   1.058968E-004
   9.532506E-005
   3.192041E-005
   3.048545E-007
   4.332004E-005
   1.048429E-004
   1.038067E-004
   4.156141E-005
   1.446772E-007
   3.355845E-005
   9.632174E-005
   1.042710E-004
   4.676702E-005
   8.715080E-007
   2.847845E-005
   9.348853E-005
   1.096674E-004
   5.553801E-005
   2.967935E-006
   2.120186E-005
   8.457213E-005
   1.073046E-004
   5.873177E-005
   4.441615E-006
   1.810906E-005
   8.231152E-005
   1.115844E-004
   6.690530E-005
   7.890341E-006
   1.262657E-005
   7.302675E-005
   1.064176E-004
   6.742634E-005
   9.122688E-006
   1.103535E-005
   7.147574E-005
   1.095690E-004
   7.423098E-005
   1.292449E-005
   7.377308E-006
   6.333566E-005
   1.034943E-004
   7.286322E-005
   1.343290E-005
   6.808484E-006
   6.290451E-005
   1.061530E-004
   7.807863E-005
   1.669307E-005
   4.656507E-006
   5.688617E-005
   1.007924E-004
   7.588339E-005
   1.650534E-005
   4.606183E-006
   5.725210E-005
   1.029864E-004
   7.950312E-005
   1.884729E-005
   3.383838E-006
   5.299666E-005
   9.831369E-005
   7.652543E-005
   1.785690E-005
   3.712344E-006
   5.424916E-005
   1.003864E-004
   7.886129E-005
   1.925739E-005
   3.018819E-006
   5.119142E-005
   9.593135E-005
   7.485341E-005
   1.739904E-005
   3.704139E-006
   5.323147E-005
   9.769646E-005
   7.571964E-005
   1.773421E-005
   3.436974E-006
   5.122851E-005
   9.332667E-005
   7.068239E-005
   1.514278E-005
   4.564371E-006
   5.397539E-005
   9.468392E-005
   7.013169E-005
   1.453826E-005
   4.753198E-006
   5.299288E-005
   9.045448E-005
   6.424245E-005
   1.144416E-005
   6.644753E-006
   5.692494E-005
   9.190723E-005
   6.264096E-005
   1.016685E-005
   7.508535E-006
   5.705204E-005
   8.782702E-005
   5.609767E-005
   7.032947E-006
   1.050356E-005
   6.203765E-005
   8.907753E-005
   5.356002E-005
   5.555359E-006
   1.218443E-005
   6.276152E-005
   8.456063E-005
   4.644247E-005
   2.973566E-006
   1.651509E-005
   6.832113E-005
   8.513104E-005
   4.323967E-005
   1.877556E-006
   1.869444E-005
   6.808187E-005
   7.853613E-005
   3.510560E-005
   3.807994E-007
   2.446309E-005
   7.314983E-005
   7.701579E-005
   3.068114E-005
   2.102105E-008
   2.753117E-005
   7.198709E-005
   6.858617E-005
   2.238660E-005
   5.395064E-007
   3.507166E-005
   7.666221E-005
   6.573319E-005
   1.804941E-005
   1.596912E-006
   3.857275E-005
   7.406883E-005
   5.616512E-005
   1.110053E-005
   4.827295E-006
   4.707183E-005
   7.711676E-005
   5.172418E-005
   7.526960E-006
   7.608905E-006
   5.022146E-005
   7.215069E-005
   4.122272E-005
   2.950071E-006
   1.367780E-005
   5.816265E-005
   7.184136E-005
   3.495225E-005
   9.806112E-007
   1.828422E-005
   5.987198E-005
   6.379714E-005
   2.432945E-005
   2.830578E-008
   2.727095E-005
   6.658858E-005
   6.059592E-005
   1.812704E-005
   9.309974E-007
   3.288810E-005
   6.551749E-005
   5.012816E-005
   9.725856E-006
   4.631275E-006
   4.301375E-005
   6.870050E-005
   4.406590E-005
   5.289154E-006
   8.562858E-006
   4.730303E-005
   6.281320E-005
   3.188200E-005
   9.921402E-007
   1.673197E-005
   5.629886E-005
   6.136289E-005
   2.456639E-005
   6.238824E-009
   2.270318E-005
   5.715896E-005
   5.113667E-005
   1.382244E-005
   1.684846E-006
   3.362799E-005
   6.252927E-005
   4.556978E-005
   7.965518E-006
   4.947283E-006
   3.933781E-005
   5.817910E-005
   3.284416E-005
   1.930123E-006
   1.270892E-005
   4.964194E-005
   5.763380E-005
   2.481173E-005
   1.046541E-007
   1.945077E-005
   5.214507E-005
   4.797574E-005
   1.339026E-005
   1.414968E-006
   3.093137E-005
   5.782409E-005
   4.167728E-005
   6.814787E-006
   5.257398E-006
   3.805317E-005
   5.434207E-005
   2.912470E-005
   1.194113E-006
   1.369258E-005
   4.812776E-005
   5.242965E-005
   2.014140E-005
   1.906858E-008
   2.167463E-005
   5.088598E-005
   4.247729E-005
   9.492016E-006
   2.871821E-006
   3.314015E-005
   5.422636E-005
   3.402257E-005
   3.352328E-006
   8.491770E-006
   4.043968E-005
   4.937543E-005
   2.150993E-005
   5.347305E-008
   1.837340E-005
   4.849956E-005
   4.421611E-005
   1.215067E-005
   1.325281E-006
   2.756056E-005
   4.948793E-005
   3.291153E-005
   3.709588E-006
   7.490729E-006
   3.872464E-005
   4.924347E-005
   2.284222E-005
   2.397205E-007
   1.582010E-005
   4.451491E-005
   4.121473E-005
   1.112853E-005
   1.504924E-006
   2.776361E-005
   4.930203E-005
   3.271097E-005
   3.756580E-006
   7.068394E-006
   3.661054E-005
   4.553646E-005
   1.977568E-005
   2.667255E-008
   1.776169E-005
   4.566158E-005
   4.027506E-005
   1.002379E-005
   1.893830E-006
   2.779682E-005
   4.625164E-005
   2.796886E-005
   1.982638E-006
   9.733471E-006
   3.954935E-005
   4.484348E-005
   1.736061E-005
   3.006513E-008
   1.930128E-005
   4.380520E-005
   3.438202E-005
   6.101646E-006
   4.186913E-006
   3.217633E-005
   4.617039E-005
   2.418082E-005
   7.784114E-007
   1.228983E-005
   3.950441E-005
   3.863188E-005
   1.109478E-005
   1.152350E-006
   2.522023E-005
   4.547967E-005
   2.989875E-005
   3.131299E-006
   7.222638E-006
   3.478789E-005
   4.119462E-005
   1.612681E-005
   5.024357E-008
   1.924904E-005
   4.347887E-005
   3.418811E-005
   6.177021E-006
   3.879561E-006
   3.025590E-005
   4.234270E-005
   2.054324E-005
   2.222685E-007
   1.469500E-005
   4.131095E-005
   3.759329E-005
   9.480478E-006
   1.801473E-006
   2.622581E-005
   4.274084E-005
   2.447214E-005
   1.154447E-006
   1.097919E-005
   3.862600E-005
   3.977375E-005
   1.259516E-005
   6.313707E-007
   2.241832E-005
   4.182245E-005
   2.702091E-005
   2.282852E-006
   8.425392E-006
   3.620518E-005
   4.100375E-005
   1.510116E-005
   1.416143E-007
   1.956472E-005
   4.089273E-005
   2.900780E-005
   3.471086E-006
   6.501151E-006
   3.385907E-005
   4.145312E-005
   1.702214E-005
   2.199858E-009
   1.720141E-005
   3.939848E-005
   2.968743E-005
   4.191533E-006
   5.514554E-006
   3.244784E-005
   4.146415E-005
   1.788511E-005
   8.266916E-009
   1.641161E-005
   3.928900E-005
   3.052126E-005
   4.678746E-006
   5.078273E-006
   3.212722E-005
   4.210547E-005
   1.877403E-005
   4.266756E-008
   1.570702E-005
   3.880267E-005
   3.063635E-005
   4.886256E-006
   4.762913E-006
   3.115498E-005
   4.087241E-005
   1.797677E-005
   1.955606E-008
   1.578317E-005
   3.792662E-005
   2.901784E-005
   4.096476E-006
   5.470970E-006
   3.177181E-005
   3.975736E-005
   1.619333E-005
   1.726831E-008
   1.760289E-005
   3.896761E-005
   2.807112E-005
   3.257864E-006
   6.692427E-006
   3.363109E-005
   3.982130E-005
   1.502663E-005
   1.245731E-007
   1.916126E-005
   3.960981E-005
   2.702462E-005
   2.616444E-006
   7.532727E-006
   3.380828E-005
   3.765894E-005
   1.271925E-005
   4.386249E-007
   2.048807E-005
   3.820216E-005
   2.343248E-005
   1.337950E-006
   9.593552E-006
   3.452043E-005
   3.412971E-005
   9.087957E-006
   1.547513E-006
   2.381697E-005
   3.767970E-005
   1.942253E-005
   2.670875E-007
   1.338745E-005
   3.727452E-005
   3.180332E-005
   6.166043E-006
   3.392167E-006
   2.752413E-005
   3.701426E-005
   1.558096E-005
   1.765547E-008
   1.751281E-005
   3.906929E-005
   2.844977E-005
   3.550683E-006
   5.857497E-006
   3.012238E-005
   3.399362E-005
   1.077697E-005
   8.329972E-007
   2.222065E-005
   3.934370E-005
   2.337883E-005
   1.231759E-006
   9.488790E-006
   3.235439E-005
   2.961400E-005
   6.083809E-006
   3.167660E-006
   2.725205E-005
   3.813046E-005
   1.748839E-005
   5.000640E-008
   1.410651E-005
   3.369219E-005
   2.421050E-005
   2.383205E-006
   7.078898E-006
   3.160904E-005
   3.462581E-005
   1.103488E-005
   6.367470E-007
   1.971717E-005
   3.373629E-005
   1.789082E-005
   2.404801E-007
   1.263937E-005
   3.482891E-005
   2.900790E-005
   5.127308E-006
   3.664613E-006
   2.577936E-005
   3.199889E-005
   1.134831E-005
   4.164195E-007
   1.923752E-005
   3.589511E-005
   2.174264E-005
   1.133743E-006
   9.052015E-006
   3.055201E-005
   2.744744E-005
   5.261587E-006
   3.353183E-006
   2.571539E-005
   3.371445E-005
   1.349479E-005
   6.484899E-008
   1.605863E-005
   3.254612E-005
   2.026646E-005
   1.019531E-006
   9.069963E-006
   3.069362E-005
   2.818197E-005
   5.958381E-006
   2.600909E-006
   2.312414E-005
   3.070634E-005
   1.189883E-005
   1.628353E-007
   1.655295E-005
   3.244149E-005
   1.997008E-005
   1.032325E-006
   8.465057E-006
   2.828982E-005
   2.495203E-005
   4.451285E-006
   3.484908E-006
   2.413424E-005
   3.005769E-005
   1.084066E-005
   2.876560E-007
   1.640807E-005
   2.981824E-005
   1.641759E-005
   3.016542E-007
   1.059486E-005
   2.934633E-005
   2.339006E-005
   3.296599E-006
   4.382468E-006
   2.388438E-005
   2.638331E-005
   7.392482E-006
   1.253928E-006
   1.941935E-005
   2.976610E-005
   1.394204E-005
   1.781931E-008
   1.216771E-005
   2.773770E-005
   1.840696E-005
   1.143196E-006
   7.455068E-006
   2.649553E-005
   2.439230E-005
   4.932402E-006
   2.540312E-006
   2.051341E-005
   2.569532E-005
   8.652445E-006
   5.523409E-007
   1.657405E-005
   2.829340E-005
   1.481153E-005
   1.881617E-007
   9.885760E-006
   2.526216E-005
   1.797986E-005
   1.451707E-006
   6.211716E-006
   2.424220E-005
   2.329633E-005
   5.112453E-006
   2.030683E-006
   1.850785E-005
   2.370324E-005
   8.040950E-006
   5.244470E-007
   1.553310E-005
   2.631630E-005
   1.349042E-005
   1.176128E-007
   9.642484E-006
   2.360742E-005
   1.600137E-005
   9.779580E-007
   6.671217E-006
   2.333958E-005
   2.091868E-005
   3.814881E-006
   2.691495E-006
   1.854602E-005
   2.151200E-005
   6.084163E-006
   1.105782E-006
   1.639681E-005
   2.439708E-005
   1.059758E-005
   1.046741E-008
   1.120334E-005
   2.262454E-005
   1.286891E-005
   2.201707E-007
   8.601397E-006
   2.310544E-005
   1.729918E-005
   1.803123E-006
   4.555435E-006
   1.949995E-005
   1.839454E-005
   3.349723E-006
   2.682219E-006
   1.812517E-005
   2.144467E-005
   6.589812E-006
   6.717274E-007
   1.377055E-005
   2.079837E-005
   8.536214E-006
   9.995201E-008
   1.161270E-005
   2.201160E-005
   1.213285E-005
   1.942734E-007
   7.793847E-006
   2.000290E-005
   1.369781E-005
   8.151578E-007
   5.775971E-006
   1.960684E-005
   1.663749E-005
   2.406281E-006
   3.170881E-006
   1.689018E-005
   1.744594E-005
   3.814498E-006
   1.812177E-006
   1.539422E-005
   1.916468E-005
   6.078270E-006
   5.895340E-007
   1.266282E-005
   1.924917E-005
   7.884131E-006
   9.708568E-008
   1.064705E-005
   1.965024E-005
   1.013844E-005
   4.132580E-008
   8.274097E-006
   1.910341E-005
   1.201618E-005
   4.438117E-007
   6.195410E-006
   1.820740E-005
   1.365380E-005
   1.195339E-006
   4.426842E-006
   1.713012E-005
   1.518937E-005
   2.314788E-006
   2.795436E-006
   1.536170E-005
   1.587449E-005
   3.377741E-006
   1.763004E-006
   1.414875E-005
   1.698975E-005
   4.913126E-006
   7.983210E-007
   1.213151E-005
   1.696310E-005
   6.014926E-006
   3.433413E-007
   1.093925E-005
   1.765046E-005
   7.696550E-006
   3.091744E-008
   9.033397E-006
   1.714853E-005
   8.729512E-006
   1.282488E-008
   7.806059E-006
   1.717036E-005
   1.014373E-005
   2.092648E-007
   6.303738E-006
   1.647757E-005
   1.105635E-005
   5.264192E-007
   5.183277E-006
   1.595651E-005
   1.199930E-005
   9.702463E-007
   4.192058E-006
   1.543212E-005
   1.297585E-005
   1.579803E-006
   3.176419E-006
   1.443967E-005
   1.338267E-005
   2.068602E-006
   2.578684E-006
   1.410489E-005
   1.443672E-005
   2.949411E-006
   1.713315E-006
   1.270768E-005
   1.424233E-005
   3.315445E-006
   1.403493E-006
   1.251828E-005
   1.526825E-005
   4.362562E-006
   7.743952E-007
   1.095319E-005
   1.460059E-005
   4.533265E-006
   6.386038E-007
   1.085889E-005
   1.551898E-005
   5.609365E-006
   2.683561E-007
   9.433900E-006
   1.471427E-005
   5.660504E-006
   2.123297E-007
   9.337398E-006
   1.535915E-005
   6.540033E-006
   6.123174E-008
   8.331169E-006
   1.479830E-005
   6.662025E-006
   3.209971E-008
   8.083730E-006
   1.502478E-005
   7.196826E-006
   2.515952E-009
   7.552611E-006
   1.488014E-005
   7.511698E-006
   2.081567E-009
   7.122677E-006
   1.468898E-005
   7.686121E-006
   1.025990E-008
   6.944897E-006
   1.485592E-005
   8.133538E-006
   4.483048E-008
   6.417827E-006
   1.436571E-005
   8.010782E-006
   4.529796E-008
   6.453516E-006
   1.466395E-005
   8.448565E-006
   9.731618E-008
   5.965467E-006
   1.408419E-005
   8.173346E-006
   8.174285E-008
   6.062183E-006
   1.429708E-005
   8.429639E-006
   1.189859E-007
   5.748711E-006
   1.386578E-005
   8.195333E-006
   1.052775E-007
   5.762895E-006
   1.379533E-005
   8.104882E-006
   9.542011E-008
   5.806888E-006
   1.379486E-005
   8.074550E-006
   9.596696E-008
   5.700878E-006
   1.339927E-005
   7.609565E-006
   4.574006E-008
   6.114092E-006
   1.381514E-005
   7.765115E-006
   5.502156E-008
   5.894481E-006
   1.313555E-005
   7.002616E-006
   5.332609E-009
   6.609428E-006
   1.383141E-005
   7.248291E-006
   1.038151E-008
   6.312356E-006
   1.293903E-005
   6.289204E-006
   1.138135E-008
   7.238117E-006
   1.373237E-005
   6.499624E-006
   7.718865E-009
   6.933024E-006
   1.273592E-005
   5.468751E-006
   1.028603E-007
   7.948033E-006
   1.342759E-005
   5.536334E-006
   1.077555E-007
   7.694551E-006
   1.240130E-005
   4.525497E-006
   3.238371E-007
   8.696580E-006
   1.286261E-005
   4.423575E-006
   3.673093E-007
   8.488230E-006
   1.179974E-005
   3.466772E-006
   7.316691E-007
   9.482733E-006
   1.205444E-005
   3.239138E-006
   8.567842E-007
   9.355322E-006
   1.097663E-005
   2.367339E-006
   1.413626E-006
   1.035898E-005
   1.104152E-005
   2.077685E-006
   1.646999E-006
   1.023123E-005
   9.883167E-006
   1.332804E-006
   2.430197E-006
   1.120225E-005
   9.758498E-006
   1.056025E-006
   2.768210E-006
   1.096151E-005
   8.474184E-006
   5.044413E-007
   3.793493E-006
   1.183903E-005
   8.175298E-006
   3.146715E-007
   4.192051E-006
   1.136259E-005
   6.767297E-006
   4.522840E-008
   5.433229E-006
   1.205222E-005
   6.315423E-006
   2.169436E-009
   5.819440E-006
   1.125641E-005
   4.866087E-006
   1.056767E-007
   7.183413E-006
   1.164663E-005
   4.312517E-006
   2.504484E-007
   7.448551E-006
   1.048906E-005
   2.960663E-006
   7.806643E-007
   8.796770E-006
   1.052308E-005
   2.406270E-006
   1.126376E-006
   8.860135E-006
   9.072252E-006
   1.323450E-006
   2.104725E-006
   1.009939E-005
   8.774958E-006
   8.871708E-007
   2.640136E-006
   9.874203E-006
   7.126079E-006
   2.544608E-007
   4.008073E-006
   1.081386E-005
   6.531041E-006
   6.971718E-008
   4.639852E-006
   1.017187E-005
   4.830862E-006
   3.887065E-008
   6.231002E-006
   1.063702E-005
   4.067170E-006
   2.071822E-007
   6.779682E-006
   9.506862E-006
   2.548322E-006
   8.473656E-007
   8.326916E-006
   9.401601E-006
   1.829096E-006
   1.379695E-006
   8.551560E-006
   7.828213E-006
   7.734940E-007
   2.619726E-006
   9.741877E-006
   7.204822E-006
   3.462574E-007
   3.383304E-006
   9.402474E-006
   5.390943E-006
   6.842417E-009
   4.977404E-006
   9.963511E-006
   4.467762E-006
   5.302145E-008
   5.699798E-006
   8.954596E-006
   2.779389E-006
   5.499496E-007
   7.299242E-006
   8.819892E-006
   1.906092E-006
   1.102546E-006
   7.690294E-006
   7.255408E-006
   7.514642E-007
   2.365346E-006
   8.913293E-006
   6.524352E-006
   2.748556E-007
   3.252634E-006
   8.643744E-006
   4.669846E-006
   9.355369E-010
   4.963601E-006
   9.138355E-006
   3.644979E-006
   1.557435E-007
   5.794006E-006
   8.044609E-006
   1.987926E-006
   9.044381E-007
   7.430807E-006
   7.694790E-006
   1.140558E-006
   1.661709E-006
   7.709146E-006
   5.939961E-006
   2.441626E-007
   3.221812E-006
   8.709696E-006
   4.975822E-006
   1.076695E-008
   4.204941E-006
   8.059124E-006
   3.079329E-006
   2.443457E-007
   5.994260E-006
   8.077723E-006
   2.032442E-006
   7.682244E-007
   6.593232E-006
   6.517414E-006
   7.198949E-007
   2.050108E-006
   7.864045E-006
   5.665282E-006
   1.953872E-007
   3.038139E-006
   7.566024E-006
   3.716979E-006
   3.321129E-008
   4.831600E-006
   7.855761E-006
   2.576291E-006
   3.680194E-007
   5.674305E-006
   6.552525E-006
   1.056276E-006
   1.451387E-006
   7.133033E-006
   5.805105E-006
   3.552664E-007
   2.477448E-006
   7.144353E-006
   3.920191E-006
   2.001830E-009
   4.262498E-006
   7.552888E-006
   2.714377E-006
   2.579117E-007
   5.258531E-006
   6.401866E-006
   1.135580E-006
   1.273881E-006
   6.758178E-006
   5.641129E-006
   3.682441E-007
   2.344262E-006
   6.872511E-006
   3.779622E-006
   2.289532E-009
   4.119556E-006
   7.214295E-006
   2.509753E-006
   2.905380E-007
   5.152023E-006
   6.043388E-006
   9.671571E-007
   1.365743E-006
   6.570571E-006
   5.172136E-006
   2.495655E-007
   2.474219E-006
   6.557985E-006
   3.275837E-006
   2.966936E-008
   4.234204E-006
   6.690687E-006
   1.985761E-006
   4.654016E-007
   5.222022E-006
   5.418678E-006
   6.184285E-007
   1.690423E-006
   6.396574E-006
   4.311296E-006
   6.210907E-008
   2.963104E-006
   6.300671E-006
   2.527040E-006
   1.722461E-007
   4.618168E-006
   5.961640E-006
   1.202411E-006
   9.540281E-007
   5.654063E-006
   4.675614E-006
   2.305664E-007
   2.330077E-006
   6.235047E-006
   3.147447E-006
   2.289133E-008
   3.894443E-006
   6.041221E-006
   1.636534E-006
   5.751029E-007
   5.145043E-006
   4.945466E-006
   4.307299E-007
   1.869309E-006
   6.103905E-006
   3.632009E-006
   3.803722E-009
   3.246741E-006
   5.826087E-006
   1.845052E-006
   4.120556E-007
   4.933296E-006
   5.305343E-006
   7.007684E-007
   1.371774E-006
   5.510342E-006
   3.570817E-006
   1.344647E-008
   3.084830E-006
   5.983866E-006
   2.205023E-006
   2.154197E-007
   4.253088E-006
   4.904167E-006
   6.733710E-007
   1.339820E-006
   5.559600E-006
   3.824809E-006
   5.300603E-008
   2.652461E-006
   5.479521E-006
   2.012458E-006
   2.476653E-007
   4.335584E-006
   5.016767E-006
   7.437993E-007
   1.202537E-006
   5.210037E-006
   3.523087E-006
   2.702556E-008
   2.773249E-006
   5.484277E-006
   1.947925E-006
   2.667125E-007
   4.274958E-006
   4.763340E-006
   6.157345E-007
   1.323975E-006
   5.176204E-006
   3.260674E-006
   4.860804E-009
   2.970938E-006
   5.410583E-006
   1.743678E-006
   3.462578E-007
   4.270371E-006
   4.333206E-006
   3.899492E-007
   1.653801E-006
   5.360463E-006
   3.050983E-006
   3.202157E-010
   3.030250E-006
   4.908922E-006
   1.237156E-006
   6.294766E-007
   4.687787E-006
   4.178017E-006
   2.706002E-007
   1.777323E-006
   4.905378E-006
   2.275174E-006
   8.182657E-008
   3.628485E-006
   4.885641E-006
   9.819321E-007
   7.940254E-007
   4.443929E-006
   3.252177E-006
   3.804975E-008
   2.493272E-006
   5.132154E-006
   1.906987E-006
   1.992827E-007
   3.695180E-006
   4.010443E-006
   4.004299E-007
   1.473821E-006
   4.961217E-006
   2.853860E-006
   2.644161E-010
   2.811164E-006
   4.461059E-006
   1.029314E-006
   6.948320E-007
   4.478054E-006
   3.688438E-006
   1.500873E-007
   1.931078E-006
   4.596443E-006
   1.793032E-006
   2.013666E-007
   3.771760E-006
   4.306288E-006
   5.696010E-007
   1.152617E-006
   4.419083E-006
   2.549738E-006
   6.136488E-009
   2.966309E-006
   4.658198E-006
   1.158876E-006
   5.547558E-007
   3.995624E-006
   3.197997E-006
   7.181055E-008
   2.154323E-006
   4.721368E-006
   1.808347E-006
   1.736070E-007
   3.397267E-006
   3.650735E-006
   3.303377E-007
   1.438303E-006
   4.549200E-006
   2.420483E-006
   1.250773E-008
   2.769211E-006
   3.923358E-006
   6.990225E-007
   8.820922E-007
   4.242540E-006
   2.944873E-006
   2.553976E-008
   2.189074E-006
   4.056980E-006
   1.121820E-006
   4.748478E-007
   3.839000E-006
   3.346515E-006
   1.567693E-007
   1.680444E-006
   4.062366E-006
   1.536135E-006
   2.162468E-007
   3.440736E-006
   3.679111E-006
   3.728148E-007
   1.235939E-006
   3.967502E-006
   1.930361E-006
   6.341813E-008
   2.990966E-006
   3.849408E-006
   6.092320E-007
   9.008402E-007
   3.843726E-006
   2.295736E-006
   3.359542E-009
   2.572842E-006
   3.963551E-006
   8.810486E-007
   6.019981E-007
   3.580106E-006
   2.533893E-006
   9.957517E-009
   2.202166E-006
   3.979277E-006
   1.123735E-006
   3.952482E-007
   3.342936E-006
   2.753468E-006
   6.377866E-008
   1.825258E-006
   3.872019E-006
   1.315167E-006
   2.511473E-007
   3.078052E-006
   2.847361E-006
   1.233600E-007
   1.593037E-006
   3.838901E-006
   1.503160E-006
   1.514154E-007
   2.844907E-006
   2.903633E-006
   1.870583E-007
   1.392158E-006
   3.734836E-006
   1.605681E-006
   1.015735E-007
   2.697670E-006
   2.951800E-006
   2.414826E-007
   1.258161E-006
   3.677026E-006
   1.704522E-006
   6.468873E-008
   2.539238E-006
   2.930114E-006
   2.724248E-007
   1.172560E-006
   3.616535E-006
   1.749408E-006
   4.723911E-008
   2.443203E-006
   2.911292E-006
   2.944030E-007
   1.107228E-006
   3.537753E-006
   1.752436E-006
   3.858616E-008
   2.356321E-006
   2.844041E-006
   2.922416E-007
   1.075463E-006
   3.454446E-006
   1.714218E-006
   3.684281E-008
   2.282274E-006
   2.738005E-006
   2.707160E-007
   1.066004E-006
   3.352428E-006
   1.626897E-006
   4.382452E-008
   2.244213E-006
   2.613982E-006
   2.302434E-007
   1.097669E-006
   3.264736E-006
   1.499606E-006
   6.434024E-008
   2.258788E-006
   2.481879E-006
   1.756608E-007
   1.172696E-006
   3.193418E-006
   1.342872E-006
   1.023356E-007
   2.311603E-006
   2.334807E-006
   1.153818E-007
   1.287618E-006
   3.128335E-006
   1.164888E-006
   1.630071E-007
   2.387575E-006
   2.168122E-006
   5.965828E-008
   1.431818E-006
   3.046639E-006
   9.674180E-007
   2.524570E-007
   2.469223E-006
   1.971314E-006
   1.735163E-008
   1.603075E-006
   2.942460E-006
   7.624792E-007
   3.720040E-007
   2.533997E-006
   1.739542E-006
   2.247857E-011
   1.784540E-006
   2.791183E-006
   5.552721E-007
   5.230037E-007
   2.562600E-006
   1.472557E-006
   1.819884E-008
   1.961499E-006
   2.583363E-006
   3.597385E-007
   7.035240E-007
   2.541417E-006
   1.175170E-006
   8.579880E-008
   2.154059E-006
   2.343738E-006
   1.916201E-007
   9.199865E-007
   2.475259E-006
   8.627257E-007
   2.214586E-007
   2.356706E-006
   2.068017E-006
   6.694071E-008
   1.166696E-006
   2.350979E-006
   5.595487E-007
   4.371177E-007
   2.540110E-006
   1.751227E-006
   4.206065E-009
   1.426754E-006
   2.155770E-006
   2.947780E-007
   7.323758E-007
   2.665179E-006
   1.394550E-006
   2.000265E-008
   1.675913E-006
   1.884929E-006
   9.996224E-008
   1.091171E-006
   2.692013E-006
   1.012909E-006
   1.267329E-007
   1.884012E-006
   1.546666E-006
   5.302090E-009
   1.479123E-006
   2.587675E-006
   6.377600E-007
   3.264967E-007
   2.014059E-006
   1.161181E-006
   3.245439E-008
   1.845852E-006
   2.335677E-006
   3.129528E-007
   6.060564E-007
   2.036627E-006
   7.678039E-007
   1.882575E-007
   2.141010E-006
   1.950993E-006
   8.412204E-008
   9.540505E-007
   1.955868E-006
   4.141132E-007
   4.682785E-007
   2.331218E-006
   1.473826E-006
   1.198985E-011
   1.334093E-006
   1.754150E-006
   1.444007E-007
   8.489140E-007
   2.368752E-006
   9.603545E-007
   9.503807E-008
   1.679370E-006
   1.427781E-006
   7.963963E-009
   1.283854E-006
   2.225316E-006
   4.894228E-007
   3.695390E-007
   1.911976E-006
   1.010919E-006
   4.761080E-008
   1.698631E-006
   1.897532E-006
   1.456931E-007
   7.798752E-007
   1.961885E-006
   5.733263E-007
   2.771479E-007
   2.002029E-006
   1.422949E-006
   1.647544E-009
   1.237629E-006
   1.790553E-006
   2.094785E-007
   6.644458E-007
   2.108335E-006
   8.845466E-007
   9.207872E-008
   1.622553E-006
   1.413014E-006
   1.473932E-008
   1.127705E-006
   1.971115E-006
   3.974686E-007
   3.959444E-007
   1.832194E-006
   9.165091E-007
   5.509523E-008
   1.569749E-006
   1.614820E-006
   7.629954E-008
   8.460718E-007
   1.806510E-006
   4.263518E-007
   3.461343E-007
   1.869608E-006
   1.102410E-006
   1.057449E-008
   1.319597E-006
   1.522616E-006
   8.432399E-008
   8.267063E-007
   1.914785E-006
   5.568439E-007
   2.302720E-007
   1.663259E-006
   1.041130E-006
   1.124285E-008
   1.357374E-006
   1.660063E-006
   1.416438E-007
   6.741179E-007
   1.742929E-006
   5.070869E-007
   2.520108E-007
   1.751296E-006
   1.160892E-006
   9.927353E-010
   1.186917E-006
   1.502416E-006
   1.088521E-007
   7.364307E-007
   1.847789E-006
   5.813859E-007
   1.913998E-007
   1.561501E-006
   1.010662E-006
   8.184051E-009
   1.278629E-006
   1.580867E-006
   1.364026E-007
   6.337816E-007
   1.625761E-006
   4.540584E-007
   2.566900E-007
   1.657302E-006
   1.046245E-006
   4.166413E-009
   1.146456E-006
   1.347912E-006
   6.912517E-008
   7.652324E-007
   1.704857E-006
   4.530672E-007
   2.441618E-007
   1.495511E-006
   8.227503E-007
   3.533368E-008
   1.316376E-006
   1.370542E-006
   5.768301E-008
   7.491265E-007
   1.494052E-006
   2.844151E-007
   3.886919E-007
   1.636568E-006
   7.849769E-007
   5.083297E-008
   1.260845E-006
   1.112017E-006
   6.283563E-009
   9.671630E-007
   1.542068E-006
   2.306400E-007
   4.357694E-007
   1.490747E-006
   5.361240E-007
   1.546897E-007
   1.459493E-006
   1.056174E-006
   3.852872E-011
   9.896014E-007
   1.283247E-006
   8.644826E-008
   6.598924E-007
   1.571139E-006
   4.353577E-007
   2.158287E-007
   1.368383E-006
   7.442695E-007
   3.743036E-008
   1.220264E-006
   1.215428E-006
   3.703998E-008
   7.269871E-007
   1.318377E-006
   1.993476E-007
   4.292578E-007
   1.493925E-006
   6.021748E-007
   9.089983E-008
   1.195083E-006
   8.591534E-007
   2.916488E-009
   1.027897E-006
   1.291894E-006
   1.026537E-007
   5.429108E-007
   1.283639E-006
   2.821000E-007
   3.067977E-007
   1.429923E-006
   7.192021E-007
   3.599439E-008
   1.058360E-006
   9.053043E-007
   6.257618E-010
   9.157970E-007
   1.332779E-006
   1.602867E-007
   4.316375E-007
   1.232784E-006
   3.266308E-007
   2.460451E-007
   1.383069E-006
   7.855311E-007
   1.485842E-008
   9.617966E-007
   9.068652E-007
   3.938194E-009
   8.492378E-007
   1.332550E-006
   1.916885E-007
   3.704347E-007
   1.173377E-006
   3.352479E-007
   2.179165E-007
   1.326744E-006
   7.877753E-007
   8.884414E-009
   8.914206E-007
   8.647846E-007
   4.564729E-009
   8.017573E-007
   1.270402E-006
   1.850684E-007
   3.473829E-007
   1.099361E-006
   3.045774E-007
   2.178396E-007
   1.259732E-006
   7.176955E-007
   1.383976E-008
   8.700526E-007
   7.938067E-007
   9.882041E-010
   8.020380E-007
   1.172275E-006
   1.357192E-007
   3.887064E-007
   1.057459E-006
   2.450348E-007
   2.587494E-007
   1.221401E-006
   5.989521E-007
   3.782387E-008
   9.084161E-007
   7.052474E-007
   1.937079E-009
   8.516212E-007
   1.054148E-006
   7.047534E-008
   4.805008E-007
   1.019205E-006
   1.667787E-007
   3.370874E-007
   1.184501E-006
   4.485362E-007
   9.389626E-008
   9.652153E-007
   5.868370E-007
   2.239425E-008
   9.166222E-007
   8.964513E-007
   1.663236E-008
   6.006150E-007
   9.413603E-007
   8.303100E-008
   4.448873E-007
   1.107999E-006
   2.818900E-007
   1.893449E-007
   9.862386E-007
   4.269840E-007
   7.848909E-008
   9.625119E-007
   6.905737E-007
   1.183871E-009
   7.181820E-007
   7.904006E-007
   1.564407E-008
   5.852091E-007
   9.835744E-007
   1.268594E-007
   3.308070E-007
   9.492559E-007
   2.380989E-007
   2.020557E-007
   1.006872E-006
   4.652596E-007
   5.116431E-008
   8.298095E-007
   5.809548E-007
   7.386980E-009
   7.673373E-007
   8.160980E-007
   2.117153E-008
   5.171169E-007
   8.418549E-007
   7.475025E-008
   4.046822E-007
   9.948332E-007
   2.386218E-007
   1.877083E-007
   8.864773E-007
   3.384017E-007
   1.038543E-007
   9.204396E-007
   5.765834E-007
   9.281123E-009
   7.027173E-007
   6.413317E-007
   3.795437E-010
   6.438345E-007
   8.588250E-007
   5.958730E-008
   3.961425E-007
   8.243588E-007
   1.177493E-007
   3.069271E-007
   9.512970E-007
   2.958154E-007
   1.213380E-007
   8.033458E-007
   3.695448E-007
   6.432495E-008
   8.265019E-007
   5.894622E-007
   1.605808E-009
   6.119895E-007
   6.212216E-007
   3.000117E-009
   5.651799E-007
   8.113845E-007
   6.706681E-008
   3.476625E-007
   7.651151E-007
   1.148696E-007
   2.801327E-007
   8.843416E-007
   2.723560E-007
   1.181702E-007
   7.530750E-007
   3.291856E-007
   7.248139E-008
   7.960966E-007
   5.301246E-007
   5.161001E-009
   6.027322E-007
   5.510078E-007
   2.638606E-012
   5.904435E-007
   7.475478E-007
   4.025953E-008
   3.777960E-007
   6.969439E-007
   6.706760E-008
   3.422569E-007
   8.548845E-007
   2.028605E-007
   1.607261E-007
   7.188380E-007
   2.314258E-007
   1.309774E-007
   8.236661E-007
   4.315413E-007
   2.468397E-008
   6.164400E-007
   4.233665E-007
   1.461885E-008
   6.714668E-007
   6.469661E-007
   8.675175E-009
   4.319212E-007
   5.720010E-007
   1.322766E-008
   4.545116E-007
   7.821458E-007
   1.052213E-007
   2.367012E-007
   6.384813E-007
   1.063448E-007
   2.431916E-007
   8.109786E-007
   2.709861E-007
   8.586456E-008
   6.176476E-007
   2.524992E-007
   8.549102E-008
   7.397774E-007
   4.543671E-007
   8.436739E-009
   5.265281E-007
   4.085514E-007
   7.254505E-009
   5.959402E-007
   6.108099E-007
   1.108446E-008
   3.929705E-007
   5.383791E-007
   1.383706E-008
   4.161154E-007
   7.088817E-007
   8.365419E-008
   2.471732E-007
   6.144282E-007
   9.302087E-008
   2.399386E-007
   7.335658E-007
   2.043787E-007
   1.189098E-007
   6.229989E-007
   2.183876E-007
   1.006412E-007
   6.860568E-007
   3.450693E-007
   3.185932E-008
   5.646505E-007
   3.552467E-007
   1.936065E-008
   5.818203E-007
   4.769645E-007
   4.739934E-011
   4.533072E-007
   4.678219E-007
   1.006192E-009
   4.466005E-007
   5.745997E-007
   2.408687E-008
   3.258745E-007
   5.426961E-007
   3.551256E-008
   3.071964E-007
   6.239292E-007
   8.825017E-008
   2.092188E-007
   5.787581E-007
   1.076844E-007
   1.838151E-007
   6.277641E-007
   1.752558E-007
   1.138702E-007
   5.767179E-007
   2.013013E-007
   8.878097E-008
   5.938017E-007
   2.708876E-007
   4.588229E-008
   5.406507E-007
   3.009201E-007
   2.779220E-008
   5.312978E-007
   3.636019E-007
   8.173027E-009
   4.768478E-007
   3.922863E-007
   1.577806E-009
   4.512760E-007
   4.455394E-007
   1.045449E-009
   3.924267E-007
   4.624863E-007
   6.138902E-009
   3.640359E-007
   5.108395E-007
   2.303905E-008
   2.969474E-007
   5.017930E-007
   3.346710E-008
   2.789355E-007
   5.564750E-007
   7.073538E-008
   2.007078E-007
   5.038880E-007
   7.208458E-008
   2.057524E-007
   5.887037E-007
   1.427950E-007
   1.111158E-007
   4.582367E-007
   1.010539E-007
   1.627206E-007
   6.398688E-007
   2.496452E-007
   3.888283E-008
   3.703048E-007
   1.078275E-007
   1.461697E-007
   7.197839E-007
   4.002739E-007
   1.796897E-009
   2.605234E-007
   9.345671E-008
   1.495475E-007
   8.294571E-007
   5.999154E-007
   1.599692E-008
   1.514428E-007
   6.595634E-008
   1.686678E-007
   9.644896E-007
   8.468074E-007
   9.188249E-008
   6.367230E-008
   3.602638E-008
   1.991601E-007
   1.111864E-006
   1.126191E-006
   2.288151E-007
   1.197322E-008
   1.296283E-008
   2.347721E-007
   1.251003E-006
   1.409248E-006
   4.107122E-007
   8.067000E-010
   1.542736E-009
   2.660008E-007
   1.354749E-006
   1.654421E-006
   6.050786E-007
   2.203567E-008
   5.048849E-010
   2.804019E-007
   1.392380E-006
   1.811099E-006
   7.632849E-007
   5.420996E-008
   2.903347E-009
   2.616735E-007
   1.334822E-006
   1.830812E-006
   8.298594E-007
   6.878456E-008
   1.611034E-009
   2.073366E-007
   1.189017E-006
   1.721023E-006
   7.992267E-007
   5.762457E-008
   2.651319E-010
   1.326002E-007
   9.819995E-007
   1.514352E-006
   6.923212E-007
   3.037262E-008
   1.191048E-008
   5.933063E-008
   7.464108E-007
   1.251029E-006
   5.416474E-007
   5.727101E-009
   5.238938E-008
   1.043790E-008
   5.156751E-007
   9.716986E-007
   3.814546E-007
   1.852622E-009
   1.320033E-007
   2.396419E-009
   3.180403E-007
   7.112308E-007
   2.394959E-007
   2.825635E-008
   2.481011E-007
   3.840657E-008
   1.716995E-007
   4.953746E-007
   1.327977E-007
   8.129271E-008
   3.818493E-007
   1.047592E-007
   8.055318E-008
   3.375438E-007
   6.589001E-008
   1.439094E-007
   5.005437E-007
   1.732004E-007
   3.553325E-008
   2.401541E-007
   3.160269E-008
   1.971106E-007
   5.800053E-007
   2.177458E-007
   1.859345E-008
   1.904052E-007
   1.652112E-008
   2.313713E-007
   6.140301E-007
   2.297145E-007
   1.504666E-008
   1.726751E-007
   1.110406E-008
   2.442051E-007
   6.058282E-007
   2.119163E-007
   1.972464E-008
   1.772123E-007
   1.051241E-008
   2.388868E-007
   5.650801E-007
   1.738430E-007
   3.301581E-008
   1.979169E-007
   1.284921E-008
   2.213947E-007
   5.036252E-007
   1.268896E-007
   5.674418E-008
   2.294216E-007
   1.702754E-008
   1.988658E-007
   4.341118E-007
   8.185542E-008
   9.049698E-008
   2.644557E-007
   2.141963E-008
   1.772626E-007
   3.659860E-007
   4.546908E-008
   1.308893E-007
   2.947410E-007
   2.384231E-008
   1.607763E-007
   3.059922E-007
   2.080762E-008
   1.706842E-007
   3.101515E-007
   2.164945E-008
   1.544626E-007
   2.596557E-007
   6.733019E-009
   2.069753E-007
   3.095505E-007
   1.510232E-008
   1.590796E-007
   2.242747E-007
   5.995068E-010
   2.393446E-007
   2.949976E-007
   7.114426E-009
   1.723484E-007
   1.961063E-007
   8.396561E-010
   2.658389E-007
   2.680839E-007
   1.165388E-009
   1.918512E-007
   1.714663E-007
   6.386213E-009
   2.859505E-007
   2.323324E-007
   5.753284E-010
   2.141006E-007
   1.472622E-007
   1.680316E-008
   2.988465E-007
   1.907105E-007
   7.600970E-009
   2.356549E-007
   1.217774E-007
   3.204297E-008
   3.042514E-007
   1.470135E-007
   2.305308E-008
   2.518310E-007
   9.412494E-008
   5.244354E-008
   3.024462E-007
   1.050068E-007
   4.591691E-008
   2.583304E-007
   6.544763E-008
   7.778741E-008
   2.925409E-007
   6.744232E-008
   7.379813E-008
   2.525996E-007
   3.832122E-008
   1.076935E-007
   2.751307E-007
   3.636042E-008
   1.054787E-007
   2.359408E-007
   1.592505E-008
   1.428212E-007
   2.513287E-007
   1.363703E-008
   1.394496E-007
   2.095445E-007
   2.420193E-009
   1.803227E-007
   2.199085E-007
   1.481692E-009
   1.728025E-007
   1.751288E-007
   1.044176E-009
   2.155976E-007
   1.810631E-007
   1.811116E-009
   2.013664E-007
   1.350091E-007
   1.332409E-008
   2.431185E-007
   1.367052E-007
   1.541817E-008
   2.205635E-007
   9.261559E-008
   3.890647E-008
   2.577842E-007
   9.091315E-008
   4.137938E-008
   2.262847E-007
   5.279232E-008
   7.521779E-008
   2.555213E-007
   4.908178E-008
   7.678643E-008
   2.161600E-007
   2.115594E-008
   1.175342E-007
   2.350439E-007
   1.749565E-008
   1.164244E-007
   1.902073E-007
   2.953957E-009
   1.593061E-007
   1.985470E-007
   1.418142E-009
   1.537467E-007
   1.518119E-007
   1.660583E-009
   1.955071E-007
   1.519314E-007
   3.543308E-009
   1.837231E-007
   1.067192E-007
   1.869239E-008
   2.198163E-007
   1.007986E-007
   2.414994E-008
   1.995879E-007
   6.128701E-008
   5.243917E-008
   2.258728E-007
   5.278300E-008
   6.002452E-008
   1.961748E-007
   2.371478E-008
   9.762347E-008
   2.102395E-007
   1.668946E-008
   1.042640E-007
   1.720494E-007
   2.426766E-009
   1.458764E-007
   1.744752E-007
   4.322458E-010
   1.467344E-007
   1.307139E-007
   3.765046E-009
   1.864462E-007
   1.246159E-007
   8.005550E-009
   1.766750E-007
   8.115208E-008
   2.910897E-008
   2.086135E-007
   7.125923E-008
   3.751869E-008
   1.846700E-007
   3.542391E-008
   7.292370E-008
   2.043441E-007
   2.663717E-008
   8.079419E-008
   1.669571E-007
   5.992599E-009
   1.234518E-007
   1.731185E-007
   2.366208E-009
   1.249594E-007
   1.274213E-007
   1.639654E-009
   1.672100E-007
   1.233146E-007
   4.727856E-009
   1.569601E-007
   7.720955E-008
   2.458210E-008
   1.909603E-007
   6.785421E-008
   3.242649E-008
   1.656320E-007
   3.072978E-008
   6.892490E-008
   1.862129E-007
   2.233690E-008
   7.634839E-008
   1.470413E-007
   3.219686E-009
   1.209367E-007
   1.524616E-007
   6.797428E-010
   1.211747E-007
   1.057182E-007
   4.731195E-009
   1.631009E-007
   9.947741E-008
   9.808969E-009
   1.497232E-007
   5.514593E-008
   3.613216E-008
   1.791809E-007
   4.436729E-008
   4.601546E-008
   1.498120E-007
   1.416929E-008
   8.715229E-008
   1.614920E-007
   7.165837E-009
   9.495876E-008
   1.197019E-007
   1.408962E-010
   1.383255E-007
   1.147349E-007
   2.591419E-009
