  2.698707391446297E-005  5.541988393148646E-006  0.999967470937692     
  2.748929131079272E-005  5.645122322752076E-006  0.999966865586366     
  2.800085443318870E-005  5.750175463958394E-006  0.999966248970103     
  2.852193718372039E-005  5.857183528799723E-006  0.999965620879287     
  2.905271669992200E-005  5.966182893733982E-006  0.999964981100406     
  2.959337341497210E-005  6.077210612003198E-006  0.999964329415973     
  3.014409111899213E-005  6.190304426221598E-006  0.999963665604455     
  3.070505702148332E-005  6.305502781197469E-006  0.999962989440197     
  3.127646181492535E-005  6.422844836993598E-006  0.999962300693348     
  3.185849973955690E-005  6.542370482230434E-006  0.999961599129778     
  3.245136864935973E-005  6.664120347636371E-006  0.999960884511003     
  3.305527007927000E-005  6.788135819850088E-006  0.999960156594101     
  3.367040931363889E-005  6.914459055479413E-006  0.999959415131631     
  3.429699545596458E-005  7.043132995421298E-006  0.999958659871548     
  3.493524149992163E-005  7.174201379448193E-006  0.999957890557121     
  3.558536440170996E-005  7.307708761065438E-006  0.999957106926837     
  3.624758515374786E-005  7.443700522644648E-006  0.999956308714324     
  3.692212885973591E-005  7.582222890838625E-006  0.999955495648249     
  3.760922481111441E-005  7.723322952282423E-006  0.999954667452236     
  3.830910656494260E-005  7.867048669586427E-006  0.999953823844765     
  3.902201202322555E-005  8.013448897626676E-006  0.999952964539079     
  3.974818351371365E-005  8.162573400137624E-006  0.999952089243086     
  4.048786787220483E-005  8.314472866613493E-006  0.999951197659261     
  4.124131652637634E-005  8.469198929523714E-006  0.999950289484544     
  4.200878558117263E-005  8.626804181847951E-006  0.999949364410237     
  4.279053590578134E-005  8.787342194937240E-006  0.999948422121900     
  4.358683322222516E-005  8.950867536706952E-006  0.999947462299241     
  4.439794819559863E-005  9.117435790167576E-006  0.999946484616014     
  4.522415652598243E-005  9.287103572299962E-006  0.999945488739902     
  4.606573904206563E-005  9.459928553281336E-006  0.999944474332405     
  4.692298179650574E-005  9.635969476068142E-006  0.999943441048728     
  4.779617616306160E-005  9.815286176343007E-006  0.999942388537661     
  4.868561893553101E-005  9.997939602832262E-006  0.999941316441462     
  4.959161242852440E-005  1.018399183800054E-005  0.999940224395734     
  5.051446458011197E-005  1.037350611913014E-005  0.999939112029300     
  5.145448905637801E-005  1.056654685979191E-005  0.999937978964084     
  5.241200535791474E-005  1.076317967171463E-005  0.999936824814970     
  5.338733892829660E-005  1.096347138706091E-005  0.999935649189684     
  5.438082126456865E-005  1.116749008111678E-005  0.999934451688654     
  5.539279002978564E-005  1.137530509540241E-005  0.999933231904875     
  5.642358916764248E-005  1.158698706121229E-005  0.999931989423771     
  5.747356901923387E-005  1.180260792359267E-005  0.999930723823057     
  5.854308644197998E-005  1.202224096576375E-005  0.999929434672592     
  5.963250493076263E-005  1.224596083399590E-005  0.999928121534235     
  6.074219474131058E-005  1.247384356294771E-005  0.999926783961696     
  6.187253301587366E-005  1.270596660147405E-005  0.999925421500382     
  6.302390391123393E-005  1.294240883891411E-005  0.999924033687250     
  6.419669872908949E-005  1.318325063186659E-005  0.999922620050639     
  6.539131604886180E-005  1.342857383146269E-005  0.999921180110120     
  6.660816186296808E-005  1.367846181114523E-005  0.999919713376326     
  6.784764971460311E-005  1.393299949496314E-005  0.999918219350791     
  6.911020083808037E-005  1.419227338639150E-005  0.999916697525776     
  7.039624430177847E-005  1.445637159768665E-005  0.999915147384101     
  7.170621715373848E-005  1.472538387978558E-005  0.999913568398967     
  7.304056456996580E-005  1.499940165276084E-005  0.999911960033777     
  7.439974000548432E-005  1.527851803684052E-005  0.999910321741958     
  7.578420534819174E-005  1.556282788400366E-005  0.999908652966768     
  7.719443107557211E-005  1.585242781016213E-005  0.999906953141115     
  7.863089641431642E-005  1.614741622793998E-005  0.999905221687358     
  8.009408950290298E-005  1.644789338006043E-005  0.999903458017117     
  8.158450755719580E-005  1.675396137335271E-005  0.999901661531070     
  8.310265703911645E-005  1.706572421338998E-005  0.999899831618747     
  8.464905382844211E-005  1.738328783976936E-005  0.999897967658331     
  8.622422339779277E-005  1.770676016204673E-005  0.999896069016440     
  8.782870099086522E-005  1.803625109633839E-005  0.999894135047913     
  8.946303180396972E-005  1.837187260260093E-005  0.999892165095594     
  9.112777117093794E-005  1.871373872260333E-005  0.999890158490107     
  9.282348475145643E-005  1.906196561860266E-005  0.999888114549630     
  9.455074872289515E-005  1.941667161273739E-005  0.999886032579664     
  9.631014997569353E-005  1.977797722715135E-005  0.999883911872797     
  9.810228631236709E-005  2.014600522486110E-005  0.999881751708463     
  9.992776665020584E-005  2.052088065138155E-005  0.999879551352699     
  1.017872112277320E-004  2.090273087712354E-005  0.999877310057895     
  1.036812518149814E-004  2.129168564057653E-005  0.999875027062545     
  1.056105319276858E-004  2.168787709229263E-005  0.999872701590980     
  1.075757070454268E-004  2.209143983968586E-005  0.999870332853115     
  1.095774448338279E-004  2.250251099266108E-005  0.999867920044174     
  1.116164253708696E-004  2.292123021008930E-005  0.999865462344419     
  1.136933413773982E-004  2.334773974714428E-005  0.999862958918876     
  1.158088984519012E-004  2.378218450351543E-005  0.999860408917045     
  1.179638153096389E-004  2.422471207251513E-005  0.999857811472618     
  1.201588240262043E-004  2.467547279109552E-005  0.999855165703183     
  1.223946702855925E-004  2.513461979079132E-005  0.999852470709924     
  1.246721136328695E-004  2.560230904960714E-005  0.999849725577318     
  1.269919277315206E-004  2.607869944486583E-005  0.999846929372824     
  1.293549006255608E-004  2.656395280703481E-005  0.999844081146567     
  1.317618350065054E-004  2.705823397455022E-005  0.999841179931019     
  1.342135484852816E-004  2.756171084965605E-005  0.999838224740665     
  1.367108738691731E-004  2.807455445527661E-005  0.999835214571676     
  1.392546594438942E-004  2.859693899294257E-005  0.999832148401563     
  1.418457692608889E-004  2.912904190178967E-005  0.999829025188837     
  1.444850834299396E-004  2.967104391864831E-005  0.999825843872651     
  1.471734984172003E-004  3.022312913924649E-005  0.999822603372443     
  1.499119273487427E-004  3.078548508054538E-005  0.999819302587571     
  1.527013003197157E-004  3.135830274422734E-005  0.999815940396936     
  1.555425647092311E-004  3.194177668135995E-005  0.999812515658610     
  1.584366855010725E-004  3.253610505825597E-005  0.999809027209440     
  1.613846456103356E-004  3.314148972355106E-005  0.999805473864666     
  1.643874462161118E-004  3.375813627652296E-005  0.999801854417507     
  1.674461071003281E-004  3.438625413667452E-005  0.999798167638763     
  1.705616669928441E-004  3.502605661460192E-005  0.999794412276392     
  1.737351839229421E-004  3.567776098417561E-005  0.999790587055093     
  1.769677355773042E-004  3.634158855605353E-005  0.999786690675867     
  1.802604196646140E-004  3.701776475255465E-005  0.999782721815583     
  1.836143542868982E-004  3.770651918391658E-005  0.999778679126529     
  1.870306783177243E-004  3.840808572596124E-005  0.999774561235956     
  1.905105517873938E-004  3.912270259919694E-005  0.999770366745614     
  1.940551562752513E-004  3.985061244938195E-005  0.999766094231275     
  1.976656953092365E-004  4.059206242957534E-005  0.999761742242261     
  2.013433947728217E-004  4.134730428370446E-005  0.999757309300944     
  2.050895033194659E-004  4.211659443167603E-005  0.999752793902249     
  2.089052927947145E-004  4.290019405605745E-005  0.999748194513149     
  2.127920586661007E-004  4.369836919035995E-005  0.999743509572143     
  2.167511204609821E-004  4.451139080895167E-005  0.999738737488730     
  2.207838222124526E-004  4.533953491862865E-005  0.999733876642869     
  2.248915329134909E-004  4.618308265187759E-005  0.999728925384434     
  2.290756469794887E-004  4.704232036185929E-005  0.999723882032658     
  2.333375847193052E-004  4.791753971914303E-005  0.999718744875562     
  2.376787928150177E-004  4.880903781022685E-005  0.999713512169375     
  2.421007448105219E-004  4.971711723787502E-005  0.999708182137952     
  2.466049416091331E-004  5.064208622330413E-005  0.999702752972168     
  2.511929119803697E-004  5.158425871025448E-005  0.999697222829309     
  2.558662130760790E-004  5.254395447098051E-005  0.999691589832453     
  2.606264309560668E-004  5.352149921419229E-005  0.999685852069830     
  2.654751811234254E-004  5.451722469498914E-005  0.999680007594181     
  2.704141090697123E-004  5.553146882681590E-005  0.999674054422103     
  2.754448908301778E-004  5.656457579548294E-005  0.999667990533374     
  2.805692335492217E-004  5.761689617528660E-005  0.999661813870275     
  2.857888760562501E-004  5.868878704726566E-005  0.999655522336896     
  2.911055894521435E-004  5.978061211963661E-005  0.999649113798428     
  2.965211777065190E-004  6.089274185044588E-005  0.999642586080443     
  3.020374782659747E-004  6.202555357247695E-005  0.999635936968162     
  3.076563626735328E-004  6.317943162045762E-005  0.999629164205706     
  3.133797371994751E-004  6.435476746060649E-005  0.999622265495340     
  3.192095434837779E-004  6.555195982256153E-005  0.999615238496694     
  3.251477591903559E-004  6.677141483373380E-005  0.999608080825976     
  3.311963986733400E-004  6.801354615613232E-005  0.999600790055170     
  3.373575136555928E-004  6.927877512570209E-005  0.999593363711218     
  3.436331939196900E-004  7.056753089422205E-005  0.999585799275186     
  3.500255680116011E-004  7.188025057381095E-005  0.999578094181415     
  3.565368039572837E-004  7.321737938408505E-005  0.999570245816658     
  3.631691099924416E-004  7.457937080201924E-005  0.999562251519205     
  3.699247353056712E-004  7.596668671455748E-005  0.999554108577980     
  3.768059707952469E-004  7.737979757402392E-005  0.999545814231631     
  3.838151498397934E-004  7.881918255638615E-005  0.999537365667604     
  3.909546490830862E-004  8.028532972241949E-005  0.999528760021195     
  3.982268892332424E-004  8.177873618182656E-005  0.999519994374585     
  4.056343358765662E-004  8.329990826036625E-005  0.999511065755863     
  4.131795003063011E-004  8.484936167004397E-005  0.999501971138024     
  4.208649403665644E-004  8.642762168241947E-005  0.999492707437951     
  4.286932613117437E-004  8.803522330509023E-005  0.999483271515383     
  4.366671166816218E-004  8.967271146140447E-005  0.999473660171857     
  4.447892091925155E-004  9.134064117346301E-005  0.999463870149634     
  4.530622916447302E-004  9.303957774847139E-005  0.999453898130607     
  4.614891678466027E-004  9.477009696849876E-005  0.999443740735185     
  4.700726935554404E-004  9.653278528370651E-005  0.999433394521161     
  4.788157774356681E-004  9.832824000911042E-005  0.999422855982555     
  4.877213820344735E-004  1.001570695249365E-004  0.999412121548441     
  4.967925247752754E-004  1.020198934806369E-004  0.999401187581744     
  5.060322789693395E-004  1.039173430026322E-004  0.999390050378028     
  5.154437748458499E-004  1.058500609058442E-004  0.999378706164248     
  5.250302006007782E-004  1.078187019090884E-004  0.999367151097490     
  5.347948034648904E-004  1.098239328543971E-004  0.999355381263681     
  5.447408907912177E-004  1.118664329303394E-004  0.999343392676278     
  5.548718311623472E-004  1.139468938994106E-004  0.999331181274938     
  5.651910555178939E-004  1.160660203295675E-004  0.999318742924152     
  5.757020583024970E-004  1.182245298299771E-004  0.999306073411868     
  5.864083986347120E-004  1.204231532910569E-004  0.999293168448074     
  5.973137014971818E-004  1.226626351288855E-004  0.999280023663374     
  6.084216589484443E-004  1.249437335340555E-004  0.999266634607518     
  6.197360313567750E-004  1.272672207250520E-004  0.999252996747919     
  6.312606486564503E-004  1.296338832062353E-004  0.999239105468137     
  6.429994116268263E-004  1.320445220305090E-004  0.999224956066343     
  6.549562931946450E-004  1.344999530667575E-004  0.999210543753739     
  6.671353397599710E-004  1.370010072721369E-004  0.999195863652968     
  6.795406725461679E-004  1.395485309693023E-004  0.999180910796484     
  6.921764889743683E-004  1.421433861286649E-004  0.999165680124897     
  7.050470640628296E-004  1.447864506557597E-004  0.999150166485281     
  7.181567518516407E-004  1.474786186838191E-004  0.999134364629465     
  7.315099868532223E-004  1.502208008716438E-004  0.999118269212275     
  7.451112855290618E-004  1.530139247068609E-004  0.999101874789764     
  7.589652477931474E-004  1.558589348146642E-004  0.999085175817392     
  7.730765585425869E-004  1.587567932721383E-004  0.999068166648185     
  7.874499892158559E-004  1.617084799282561E-004  0.999050841530856     
  8.020903993791750E-004  1.647149927296520E-004  0.999033194607891     
  8.170027383415237E-004  1.677773480522772E-004  0.999015219913606     
  8.321920467987526E-004  1.708965810390296E-004  0.998996911372162     
  8.476634585073266E-004  1.740737459434689E-004  0.998978262795549     
  8.634222019882182E-004  1.773099164797234E-004  0.998959267881532     
  8.794736022614491E-004  1.806061861786904E-004  0.998939920211560     
  8.958230826118413E-004  1.839636687506460E-004  0.998920213248638     
  9.124761663864871E-004  1.873834984543679E-004  0.998900140335159     
  9.294384788245271E-004  1.908668304728939E-004  0.998879694690703     
  9.467157489197400E-004  1.944148412960181E-004  0.998858869409784     
  9.643138113165680E-004  1.980287291096524E-004  0.998837657459574     
  9.822386082401068E-004  2.017097141921648E-004  0.998816051677568     
  1.000496191460662E-003  2.054590393178146E-004  0.998794044769221     
  1.019092724293482E-003  2.092779701674114E-004  0.998771629305539     
  1.038034483634229E-003  2.131677957463148E-004  0.998748797720619     
  1.057327862030840E-003  2.171298288099045E-004  0.998725542309159     
  1.076979369792375E-003  2.211654062966485E-004  0.998701855223911     
  1.096995637135486E-003  2.252758897688944E-004  0.998677728473096     
  1.117383416369159E-003  2.294626658615236E-004  0.998653153917769     
  1.138149584118362E-003  2.337271467385923E-004  0.998628123269143     
  1.159301143587265E-003  2.380707705580991E-004  0.998602628085855     
  1.180845226862707E-003  2.424950019450202E-004  0.998576659771192     
  1.202789097258585E-003  2.470013324727452E-004  0.998550209570268     
  1.225140151701838E-003  2.515912811530560E-004  0.998523268567145     
  1.247905923160763E-003  2.562663949347996E-004  0.998495827681904     
  1.271094083116339E-003  2.610282492113911E-004  0.998467877667672     
  1.294712444077277E-003  2.658784483372979E-004  0.998439409107585     
  1.318768962139568E-003  2.708186261536613E-004  0.998410412411707     
  1.343271739591220E-003  2.758504465231971E-004  0.998380877813886     
  1.368229027562954E-003  2.809756038745351E-004  0.998350795368562     
  1.393649228725644E-003  2.861958237561589E-004  0.998320154947518     
  1.419540900035237E-003  2.915128634000933E-004  0.998288946236564     
  1.445912755525951E-003  2.969285122955078E-004  0.998257158732179     
  1.472773669152563E-003  3.024445927724013E-004  0.998224781738075     
  1.500132677682570E-003  3.080629605955277E-004  0.998191804361722     
  1.527998983639028E-003  3.137855055687290E-004  0.998158215510792     
  1.556381958294960E-003  3.196141521498578E-004  0.998124003889555     
  1.585291144720079E-003  3.255508600764448E-004  0.998089157995204     
  1.614736260880745E-003  3.315976250022959E-004  0.998053666114117     
  1.644727202794024E-003  3.377564791452014E-004  0.998017516318061     
  1.675274047736625E-003  3.440294919459139E-004  0.997980696460318     
  1.706387057509739E-003  3.504187707386071E-004  0.997943194171752     
  1.738076681760569E-003  3.569264614329740E-004  0.997904996856806     
  1.770353561361489E-003  3.635547492081629E-004  0.997866091689430     
  1.803228531847760E-003  3.703058592187363E-004  0.997826465608933     
  1.836712626914752E-003  3.771820573128509E-004  0.997786105315772     
  1.870817081975528E-003  3.841856507628316E-004  0.997744997267262     
  1.905553337779845E-003  3.913189890083610E-004  0.997703127673212     
  1.940933044095510E-003  3.985844644124708E-004  0.997660482491492     
  1.976968063452963E-003  4.059845130305192E-004  0.997617047423517     
  2.013670474954265E-003  4.135216153923936E-004  0.997572807909653     
  2.051052578147299E-003  4.211982972981059E-004  0.997527749124554     
  2.089126896966305E-003  4.290171306270091E-004  0.997481855972407     
  2.127906183739761E-003  4.369807341608437E-004  0.997435113082100     
  2.167403423266582E-003  4.450917744208159E-004  0.997387504802313     
  2.207631836961732E-003  4.533529665189272E-004  0.997339015196520     
  2.248604887072311E-003  4.617670750237782E-004  0.997289628037904     
  2.290336280965126E-003  4.703369148410527E-004  0.997239326804194     
  2.332839975486861E-003  4.790653521089089E-004  0.997188094672404     
  2.376130181397951E-003  4.879553051085078E-004  0.997135914513493     
  2.420221367881212E-003  4.970097451898916E-004  0.997082768886929     
  2.465128267126325E-003  5.062316977134418E-004  0.997028640035160     
  2.510865878991398E-003  5.156242430071621E-004  0.996973509878002     
  2.557449475742576E-003  5.251905173399933E-004  0.996917360006918     
  2.604894606872934E-003  5.349337139114061E-004  0.996860171679216     
  2.653217104001854E-003  5.448570838575235E-004  0.996801925812141     
  2.702433085855839E-003  5.549639372739668E-004  0.996742602976870     
  2.752558963332195E-003  5.652576442557187E-004  0.996682183392412     
  2.803611444646519E-003  5.757416359541960E-004  0.996620646919399     
  2.855607540565361E-003  5.864194056518152E-004  0.996557973053783     
  2.908564569725092E-003  5.972945098542599E-004  0.996494140920421     
  2.962500164038353E-003  6.083705694007331E-004  0.996429129266561     
  3.017432274189075E-003  6.196512705923993E-004  0.996362916455219     
  3.073379175217523E-003  6.311403663393127E-004  0.996295480458443     
  3.130359472196403E-003  6.428416773260471E-004  0.996226798850478     
  3.188392105999321E-003  6.547590931962891E-004  0.996156848800804     
  3.247496359162884E-003  6.668965737566636E-004  0.996085607067080     
  3.307691861843595E-003  6.792581502000239E-004  0.996013049987956     
  3.368998597870808E-003  6.918479263484695E-004  0.995939153475781     
  3.431436910897047E-003  7.046700799163579E-004  0.995863893009187     
  3.495027510646933E-003  7.177288637935665E-004  0.995787243625560     
  3.559791479265818E-003  7.310286073492306E-004  0.995709179913385     
  3.625750277769684E-003  7.445737177562744E-004  0.995629676004474     
  3.692925752597280E-003  7.583686813369414E-004  0.995548705566066     
  3.761340142265907E-003  7.724180649296059E-004  0.995466241792804     
  3.831016084132141E-003  7.867265172771360E-004  0.995382257398591     
  3.901976621258630E-003  8.012987704370400E-004  0.995296724608304     
  3.974245209388330E-003  8.161396412136749E-004  0.995209615149398     
  4.047845724027472E-003  8.312540326127845E-004  0.995120900243359     
  4.122802467638327E-003  8.466469353185848E-004  0.995030550597043     
  4.199140176943293E-003  8.623234291937118E-004  0.994938536393863     
  4.276884030341322E-003  8.782886848022358E-004  0.994844827284856     
  4.356059655438100E-003  8.945479649560386E-004  0.994749392379606     
  4.436693136691048E-003  9.111066262847687E-004  0.994652200237024     
  4.518811023170566E-003  9.279701208296698E-004  0.994553218856000     
  4.602440336438588E-003  9.451439976614957E-004  0.994452415665900     
  4.687608578545683E-003  9.626339045227741E-004  0.994349757516932     
  4.774343740148049E-003  9.804455894946885E-004  0.994245210670357     
  4.862674308745273E-003  9.985849026887615E-004  0.994138740788566     
  4.952629277040417E-003  1.017057797963657E-003  0.994030312924996     
  5.044238151423253E-003  1.035870334667275E-003  0.993919891513910     
  5.137530960577933E-003  1.055028679404397E-003  0.993807440360017     
  5.232538264216279E-003  1.074539107830129E-003  0.993692922627954     
  5.329291161937607E-003  1.094408006469330E-003  0.993576300831593     
  5.427821302216268E-003  1.114641874562269E-003  0.993457536823222     
  5.528160891518017E-003  1.135247325936736E-003  0.993336591782546     
  5.630342703546095E-003  1.156231090906787E-003  0.993213426205547     
  5.734400088618048E-003  1.177600018198349E-003  0.993087999893184     
  5.840366983174398E-003  1.199361076901885E-003  0.992960271939924     
  5.948277919419876E-003  1.221521358452296E-003  0.992830200722128     
  6.058168035098215E-003  1.244088078636240E-003  0.992697743886266     
  6.170073083401429E-003  1.267068579627079E-003  0.992562858336971     
  6.284029443014306E-003  1.290470332047581E-003  0.992425500224938     
  6.400074128294806E-003  1.314300937060540E-003  0.992285624934645     
  6.518244799591396E-003  1.338568128487519E-003  0.992143187071921     
  6.638579773697645E-003  1.363279774955766E-003  0.991998140451347     
  6.761118034444904E-003  1.388443882073507E-003  0.991850438083481     
  6.885899243433702E-003  1.414068594633707E-003  0.991700032161932     
  7.012963750904224E-003  1.440162198846403E-003  0.991546874050249     
  7.142352606746341E-003  1.466733124599695E-003  0.991390914268654     
  7.274107571649886E-003  1.493789947749530E-003  0.991232102480601     
  7.408271128394937E-003  1.521341392438246E-003  0.991070387479167     
  7.544886493283019E-003  1.549396333442048E-003  0.990905717173275     
  7.683997627708903E-003  1.577963798547364E-003  0.990738038573744     
  7.825649249873336E-003  1.607052970956131E-003  0.990567297779171     
  7.969886846636806E-003  1.636673191720059E-003  0.990393439961643     
  8.116756685513985E-003  1.666833962203765E-003  0.990216409352283     
  8.266305826809081E-003  1.697544946576865E-003  0.990036149226614     
  8.418582135891473E-003  1.728815974334856E-003  0.989852601889774     
  8.573634295611745E-003  1.760657042848840E-003  0.989665708661540     
  8.731511818856976E-003  1.793078319943843E-003  0.989475409861199     
  8.892265061245642E-003  1.826090146505801E-003  0.989281644792248     
  9.055945233960605E-003  1.859703039116910E-003  0.989084351726923     
  9.222604416719895E-003  1.893927692719264E-003  0.988883467890561     
  9.392295570884310E-003  1.928774983306599E-003  0.988678929445809     
  9.565072552700643E-003  1.964255970643882E-003  0.988470671476655     
  9.740990126679351E-003  2.000381901014509E-003  0.988258627972306     
  9.920103979105671E-003  2.037164209994915E-003  0.988042731810900     
  1.010247073168225E-002  2.074614525256176E-003  0.987822914743061     
  1.028814795530193E-002  2.112744669392362E-003  0.987599107375306     
  1.047719418394902E-002  2.151566662775244E-003  0.987371239153276     
  1.066966892872674E-002  2.191092726434956E-003  0.987139238344838     
  1.086563269200900E-002  2.231335284966135E-003  0.986903032023025     
  1.106514698171423E-002  2.272306969459172E-003  0.986662546048826     
  1.126827432569850E-002  2.314020620455943E-003  0.986417705053845     
  1.147507828626546E-002  2.356489290929514E-003  0.986168432422805     
  1.168562347479034E-002  2.399726249287301E-003  0.985914650275922     
  1.189997556645428E-002  2.443744982396861E-003  0.985656279451149     
  1.211820131508664E-002  2.488559198633863E-003  0.985393239486279     
  1.234036856811073E-002  2.534182830951310E-003  0.985125448600938     
  1.256654628159002E-002  2.580630039969380E-003  0.984852823678440     
  1.279680453537004E-002  2.627915217084918E-003  0.984575280247545     
  1.303121454831247E-002  2.676052987599883E-003  0.984292732464087     
  1.326984869361604E-002  2.725058213867580E-003  0.984005093092516     
  1.351278051422003E-002  2.774945998455900E-003  0.983712273487324     
  1.376008473828527E-002  2.825731687326439E-003  0.983414183574388     
  1.401183729474642E-002  2.877430873028282E-003  0.983110731832226     
  1.426811532893103E-002  2.930059397905480E-003  0.982801825273163     
  1.452899721823854E-002  2.983633357316842E-003  0.982487369424444     
  1.479456258787277E-002  3.038169102866729E-003  0.982167268309260     
  1.506489232662211E-002  3.093683245645611E-003  0.981841424427732     
  1.534006860267937E-002  3.150192659478798E-003  0.981509738737842     
  1.562017487949441E-002  3.207714484181887E-003  0.981172110636324     
  1.590529593165190E-002  3.266266128821373E-003  0.980828437939527     
  1.619551786076575E-002  3.325865274978680E-003  0.980478616864256     
  1.649092811138166E-002  3.386529880015876E-003  0.980122542008603     
  1.679161548687942E-002  3.448278180341309E-003  0.979760106332779     
  1.709767016536486E-002  3.511128694673140E-003  0.979391201139962     
  1.740918371554188E-002  3.575100227298780E-003  0.979015716057160     
  1.772624911255504E-002  3.640211871328268E-003  0.978633539016117     
  1.804896075379054E-002  3.706483011939130E-003  0.978244556234270     
  1.837741447462596E-002  3.773933329610688E-003  0.977848652195764     
  1.871170756411623E-002  3.842582803345296E-003  0.977445709632539     
  1.905193878060382E-002  3.912451713873998E-003  0.977035609505522     
  1.939820836724052E-002  3.983560646844035E-003  0.976618230985916     
  1.975061806740785E-002  4.055930495985539E-003  0.976193451436606     
  2.010927114002202E-002  4.129582466254521E-003  0.975761146393723     
  2.047427237470912E-002  4.204538076949193E-003  0.975321189548342     
  2.084572810683643E-002  4.280819164796766E-003  0.974873452728367     
  2.122374623238292E-002  4.358447887007207E-003  0.974417805880610     
  2.160843622263478E-002  4.437446724291070E-003  0.973954117053074     
  2.199990913868763E-002  4.517838483837638E-003  0.973482252377475     
  2.239827764573892E-002  4.599646302249957E-003  0.973002076052011     
  2.280365602715295E-002  4.682893648433194E-003  0.972513450324414     
  2.321616019827866E-002  4.767604326432224E-003  0.972016235475289     
  2.363590772000250E-002  4.853802478214799E-003  0.971510289801783     
  2.406301781201480E-002  4.941512586395896E-003  0.970995469601589     
  2.449761136577067E-002  5.030759476899333E-003  0.970471629157330     
  2.493981095712203E-002  5.121568321551847E-003  0.969938620721326     
  2.538974085860086E-002  5.213964640605535E-003  0.969396294500794     
  2.584752705132886E-002  5.307974305183604E-003  0.968844498643487     
  2.631329723653094E-002  5.403623539644746E-003  0.968283079223824     
  2.678718084662815E-002  5.500938923861137E-003  0.967711880229510     
  2.726930905588412E-002  5.599947395404774E-003  0.967130743548711     
  2.775981479057946E-002  5.700676251636852E-003  0.966539508957783     
  2.825883273868789E-002  5.803153151694835E-003  0.965938014109617     
  2.876649935902463E-002  5.907406118371129E-003  0.965326094522604     
  2.928295288984063E-002  6.013463539877985E-003  0.964703583570281     
  2.980833335683211E-002  6.121354171492307E-003  0.964070312471676     
  3.034278258053510E-002  6.231107137074172E-003  0.963426110282390     
  3.088644418307427E-002  6.342751930452752E-003  0.962770803886473     
  3.143946359423411E-002  6.456318416673074E-003  0.962104217989093     
  3.200198805681908E-002  6.571836833096775E-003  0.961426175110084     
  3.257416663126921E-002  6.689337790349926E-003  0.960736495578381     
  3.315615019949689E-002  6.808852273110969E-003  0.960034997527392     
  3.374809146790773E-002  6.930411640731051E-003  0.959321496891361     
  3.435014496957108E-002  7.054047627679774E-003  0.958595807402749     
  3.496246706550041E-002  7.179792343808122E-003  0.957857740590691     
  3.558521594500744E-002  7.307678274421170E-003  0.957107105780571     
  3.621855162508797E-002  7.437738280151994E-003  0.956343710094760     
  3.686263594880233E-002  7.570005596629049E-003  0.955567358454568     
  3.751763258260553E-002  7.704513833927921E-003  0.954777853583466     
  3.818370701258855E-002  7.841296975799435E-003  0.953974996011612     
  3.886102653958490E-002  7.980389378664757E-003  0.953158584081750     
  3.954976027309962E-002  8.121825770368673E-003  0.952328413956531     
  4.025007912401615E-002  8.265641248681888E-003  0.951484279627301     
  4.096215579603404E-002  8.411871279542706E-003  0.950625972924423     
  4.168616477579142E-002  8.560551695028595E-003  0.949753283529179     
  4.242228232162525E-002  8.711718691048042E-003  0.948865998987326     
  4.317068645091934E-002  8.865408824742365E-003  0.947963904724337     
  4.393155692599163E-002  9.021659011587567E-003  0.947046784062420     
  4.470507523847131E-002  9.180506522186072E-003  0.946114418239342     
  4.549142459211306E-002  9.341988978737503E-003  0.945166586429149     
  4.629078988399798E-002  9.506144351178157E-003  0.944203065764823     
  4.710335768406858E-002  9.673010952978369E-003  0.943223631362952     
  4.792931621294389E-002  9.842627436586692E-003  0.942228056350468     
  4.876885531796117E-002  1.001503278850988E-002  0.941216111893527     
  4.962216644739079E-002  1.019026632401775E-002  0.940187567228590     
  5.048944262276629E-002  1.036836768146093E-002  0.939142189695772     
  5.137087840927755E-002  1.054937681619092E-002  0.938079744774530     
  5.226666988416822E-002  1.073333399407026E-002  0.936999996121760     
  5.317701460308137E-002  1.092027978456135E-002  0.935902705612356     
  5.410211156429717E-002  1.111025505338245E-002  0.934787633382319     
  5.504216117080463E-002  1.130330095471881E-002  0.933654537874475     
  5.599736519014956E-002  1.149945892297714E-002  0.932503175886871     
  5.696792671200089E-002  1.169877066407161E-002  0.931333302623925     
  5.795405010337919E-002  1.190127814622965E-002  0.930144671750389     
  5.895594096148562E-002  1.210702359030508E-002  0.928937035448207     
  5.997380606407815E-002  1.231604945958748E-002  0.927710144476332     
  6.100785331733355E-002  1.252839844909528E-002  0.926463748233568     
  6.205829170113887E-002  1.274411347434102E-002  0.925197594824517     
  6.312533121175637E-002  1.296323765955711E-002  0.923911431128683     
  6.420918280180300E-002  1.318581432537026E-002  0.922605002872823     
  6.531005831748933E-002  1.341188697591299E-002  0.921278054706594     
  6.642817043306333E-002  1.364149928536122E-002  0.919930330281571     
  6.756373258240214E-002  1.387469508388615E-002  0.918561572333707     
  6.871695888769921E-002  1.411151834300966E-002  0.917171522769286     
  6.988806408519467E-002  1.435201316035247E-002  0.915759922754448     
  7.107726344789567E-002  1.459622374376429E-002  0.914326512808335     
  7.228477270523719E-002  1.484419439482550E-002  0.912871032899932     
  7.351080795963559E-002  1.509596949171088E-002  0.911393222548647     
  7.475558559988553E-002  1.535159347140506E-002  0.909892820928702     
  7.601932221135667E-002  1.561111081126074E-002  0.908369566977375     
  7.730223448294579E-002  1.587456600989065E-002  0.906823199507156     
  7.860453911074422E-002  1.614200356738497E-002  0.905253457321862     
  7.992645269837938E-002  1.641346796484576E-002  0.903660079336765     
  8.126819165399717E-002  1.668900364323156E-002  0.902042804702761     
  8.262997208384823E-002  1.696865498150455E-002  0.900401372934637     
  8.401200968244958E-002  1.725246627407447E-002  0.898735524043465     
  8.541451961929206E-002  1.754048170753319E-002  0.897044998673162     
  8.683771642207136E-002  1.783274533667537E-002  0.895329538241240     
  8.828181385641901E-002  1.812930105980033E-002  0.893588885083767     
  8.974702480211727E-002  1.843019259329194E-002  0.891822782604575     
  9.123356112578605E-002  1.873546344547392E-002  0.890030975428724     
  9.274163355002875E-002  1.904515688973804E-002  0.888213209560216     
  9.427145151903807E-002  1.935931593694532E-002  0.886369232543998     
  9.582322306065395E-002  1.967798330709858E-002  0.884498793632228     
  9.739715464488649E-002  2.000120140028919E-002  0.882601643954803     
  9.899345103890646E-002  2.032901226691829E-002  0.880677536694152     
  0.100612315158524       2.066145757719699E-002  0.878726227264253     
  0.102253947916173       2.099857858992834E-002  0.876747473493872     
  0.103918548065423       2.134041612057786E-002  0.874741035813971     
  0.105606312042066       2.168701050863853E-002  0.872706677449265     
  0.107317433801799       2.203840158429791E-002  0.870644164613870     
  0.109052104654555       2.239462863441760E-002  0.868553266710991     
  0.110810513095541       2.275573036783439E-002  0.866433756536586     
  0.112592844633027       2.312174487999663E-002  0.864285410486935     
  0.114399281612963       2.349270961694784E-002  0.862108008770044     
  0.116230003040500       2.386866133867415E-002  0.859901335620778     
  0.118085184398479       2.424963608183043E-002  0.857665179519640     
  0.119964997462996       2.463566912186522E-002  0.855399333415084     
  0.121869610116131       2.502679493456264E-002  0.853103594949247     
  0.123799186155945       2.542304715702433E-002  0.850777766686968     
  0.125753885103854       2.582445854811298E-002  0.848421656347965     
  0.127733862009523       2.623106094838424E-002  0.846035077042019     
  0.129739267253377       2.664288523953284E-002  0.843617847507012     
  0.131770246346901       2.705996130338142E-002  0.841169792349634     
  0.133826939730854       2.748231798044323E-002  0.838690742288612     
  0.135909482571571       2.790998302809055E-002  0.836180534400241     
  0.138018004555508       2.834298307836335E-002  0.833639012366025     
  0.140152629682212       2.878134359545430E-002  0.831066026722222     
  0.142313476055900       2.922508883290808E-002  0.828461435111072     
  0.144500655675844       2.967424179057510E-002  0.825825102533453     
  0.146714274225763       3.012882417136201E-002  0.823156901602738     
  0.148954430862437       3.058885633782195E-002  0.820456712799593     
  0.151221218003771       3.105435726863163E-002  0.817724424727438     
  0.153514721116531       3.152534451500189E-002  0.814959934368297     
  0.155835018504003       3.200183415707195E-002  0.812163147338743     
  0.158182181093826       3.248384076033926E-002  0.809333978145639     
  0.160556272226255       3.297137733217737E-002  0.806472350441357     
  0.162957347443123       3.346445527849844E-002  0.803578197278153     
  0.165385454277782       3.396308436061586E-002  0.800651461361361     
  0.167840632046312       3.446727265236765E-002  0.797692095301062     
  0.170322911640288       3.497702649755924E-002  0.794700061861874     
  0.172832315321409       3.549235046778942E-002  0.791675334210503     
  0.175368856518297       3.601324732072174E-002  0.788617896160661     
  0.177932539625791       3.653971795886776E-002  0.785527742414999     
  0.180523359807052       3.707176138894826E-002  0.782404878803632     
  0.183141302798818       3.760937468190013E-002  0.779249322518888     
  0.185786344720132       3.815255293359853E-002  0.776061102345847     
  0.188458451884905       3.870128922636443E-002  0.772840258888277     
  0.191157580618647       3.925557459132924E-002  0.769586844789538     
  0.193883677079720       3.981539797172830E-002  0.766300924948031     
  0.196636677085479       4.038074618719657E-002  0.762982576726767     
  0.199416505943638       4.095160389914000E-002  0.759631890156623     
  0.202223078289255       4.152795357725763E-002  0.756248968132847     
  0.205056297927661       4.210977546728757E-002  0.752833926604365     
  0.207916057683736       4.269704756005291E-002  0.749386894755475     
  0.210802239257860       4.328974556188206E-002  0.745908015179469     
  0.213714713088936       4.388784286647784E-002  0.742397444043741     
  0.216653338224820       4.449131052831121E-002  0.738855351245963     
  0.219617962200541       4.510011723761109E-002  0.735281920560877     
  0.222608420924654       4.571422929702713E-002  0.731677349777280     
  0.225624538574081       4.633361060003452E-002  0.728041850824770     
  0.228666127497802       4.695822261115579E-002  0.724375649889849     
  0.231732988129717       4.758802434806681E-002  0.720678987520940     
  0.234824908911033       4.822297236565851E-002  0.716952118721941     
  0.237941666222497       4.886302074211998E-002  0.713195313033918     
  0.241083024326797       4.950812106711010E-002  0.709408854604525     
  0.244248735321430       5.015822243207942E-002  0.705593042244811     
  0.247438539102355       5.081327142280502E-002  0.701748189473042     
  0.250652163338700       5.147321211419735E-002  0.697874624545177     
  0.253889323458807       5.213798606743358E-002  0.693972690471699     
  0.257149722647873       5.280753232947400E-002  0.690042745020447     
  0.260433051857430       5.348178743500795E-002  0.686085160705201     
  0.263738989826897       5.416068541088061E-002  0.682100324759695     
  0.267067203117416       5.484415778304071E-002  0.678088639096839     
  0.270417346158169       5.553213358605249E-002  0.674050520252885     
  0.273789061305346       5.622453937520501E-002  0.669986399316351     
  0.277181978913936       5.692129924125468E-002  0.665896721841496     
  0.280595717422454       5.762233482782540E-002  0.661781947746175     
  0.284029883450752       5.832756535149371E-002  0.657642551193961     
  0.287484071910979       5.903690762457598E-002  0.653479020460388     
  0.290957866131774       5.975027608063223E-002  0.649291857783253     
  0.294450837995751       6.046758280269893E-002  0.645081579196907     
  0.297962548090273       6.118873755425245E-002  0.640848714350510     
  0.301492545871545       6.191364781290663E-002  0.636593806310239     
  0.305040369841983       6.264221880683576E-002  0.632317411345504     
  0.308605547740810       6.337435355391641E-002  0.628020098699203     
  0.312187596747814       6.410995290356902E-002  0.623702450342127     
  0.315786023700155       6.484891558128179E-002  0.619365060711625     
  0.319400325322091       6.559113823578647E-002  0.615008536434706     
  0.323029988467486       6.633651548885880E-002  0.610633496035727     
  0.326674490374900       6.708493998770268E-002  0.606240569628924     
  0.330333298935056       6.783630245987765E-002  0.601830398596011     
  0.334005872970469       6.859049177072130E-002  0.597403635249133     
  0.337691662526944       6.934739498321167E-002  0.592960942479504     
  0.341390109176693       7.010689742021381E-002  0.588502993392045     
  0.345100646332732       7.086888272904326E-002  0.584030470926421     
  0.348822699574236       7.163323294828057E-002  0.579544067464875     
  0.352555686982479       7.239982857675899E-002  0.575044484427294     
  0.356299019486991       7.316854864464997E-002  0.570532431853973     
  0.360052101221505       7.393927078655906E-002  0.566008627976572     
  0.363814329889271       7.471187131654680E-002  0.561473798777774     
  0.367585097137283       7.548622530497769E-002  0.556928677540219     
  0.371363788938940       7.626220665710373E-002  0.552374004385249     
  0.375149785984660       7.703968819327836E-002  0.547810525802089     
  0.378942464079912       7.781854173069618E-002  0.543238994168070     
  0.382741194550154       7.859863816654943E-002  0.538660167260536     
  0.386545344652119       7.937984756248874E-002  0.534074807761098     
  0.390354277990892       8.016203923027250E-002  0.529483682752906     
  0.394167354942193       8.094508181848596E-002  0.524887563211650     
  0.397983933079283       8.172884340020999E-002  0.520287223490978     
  0.401803367603894       8.251319156151390E-002  0.515683440803084     
  0.405625011780556       8.329799349064988E-002  0.511076994695178     
  0.409448217373725       8.408311606781850E-002  0.506468666522593     
  0.413272335087067       8.486842595537976E-002  0.501859238919297     
  0.417096715004272       8.565378968837738E-002  0.497249495266543     
  0.420920707030770       8.643907376524740E-002  0.492640219160459     
  0.424743661335693       8.722414473857978E-002  0.488032193879310     
  0.428564928793469       8.800886930580157E-002  0.483426201851231     
  0.432383861424387       8.879311439965086E-002  0.478823024123182     
  0.436199812833516       8.957674727831133E-002  0.474223439831898     
  0.440012138647337       9.035963561507813E-002  0.469628225677590     
  0.443820196947464       9.114164758742560E-002  0.465038155401155     
  0.447623348700842       9.192265196535147E-002  0.460453999265634     
  0.451420958185805       9.270251819887057E-002  0.455876523542664     
  0.455212393413400       9.348111650453744E-002  0.451306490004624     
  0.458997026543387       9.425831795087414E-002  0.446744655423215     
  0.462774234294343       9.503399454258830E-002  0.442191771075134     
  0.466543398347304       9.580801930346422E-002  0.437648582255539     
  0.470303905742407       9.658026635781580E-002  0.433115827799957     
  0.474055149268005       9.735061101039381E-002  0.428594239615263     
  0.477796527841730       9.811892982464099E-002  0.424084542220355     
  0.481527446883042       9.888510069919619E-002  0.419587452297110     
  0.485247318676760       9.964900294254883E-002  0.415103678252193     
  0.488955562727151       0.100410517345754       0.410633919790250     
  0.492651606102143       0.101169526253119       0.406178867499017     
  0.496334883767247       0.101925913630774       0.401739202446819     
  0.500004838908820       0.102679565133061       0.397315595792920     
  0.503660923246311       0.103430368166653       0.392908708411165     
  0.507302597333147       0.104178211952343       0.388519190527293     
  0.510929330845965       0.104922987584439       0.384147681370316     
  0.514540602861904       0.105664588087712       0.379794808838280     
  0.518135902123699       0.106402908471831       0.375461189178737     
  0.521714727292354       0.107137845783251       0.371147426684175     
  0.525276587187187       0.107869299154512       0.366854113402685     
  0.528821001013076       0.108597169850900       0.362581828864047     
  0.532347498574748       0.109321361314457       0.358331139821432     
  0.535855620477998       0.110041779205303       0.354102600008863     
  0.539344918317737       0.110758331440250       0.349896749914550     
  0.542814954852795       0.111470928228699       0.345714116570192     
  0.546265304167435       0.112179482105813       0.341555213356287     
  0.549695551819567       0.112883907962947       0.337420539823492     
  0.553105294975650       0.113584123075357       0.333310581530007     
  0.556494142532327       0.114280047127174       0.329225809894969     
  0.559861715224837       0.114971602233672       0.325166682067772     
  0.563207645722283       0.115658712960826       0.321133640813236     
  0.566531578709854       0.116341306342202       0.317127114412502     
  0.569833170958119       0.117019311893185       0.313147516579503     
  0.573112091379542       0.117692661622585       0.309195246392845     
  0.576368021072367       0.118361290041647       0.305270688242914     
  0.579600653352063       0.119025134170513       0.301374211793964     
  0.582809693770525       0.119684133542161       0.297506171960982     
  0.585994860123249       0.120338230203881       0.293666908901032     
  0.589155882444706       0.120987368716324       0.289856748018833     
  0.592292502992177       0.121631496150179       0.286075999986246     
  0.595404476218301       0.122270562080544       0.282324960775357     
  0.598491568732615       0.122904518579019       0.278603911704839     
  0.601553559252380       0.123533320203614       0.274913119499222     
  0.604590238542989       0.124156923986507       0.271252836360724     
  0.607601409348266       0.124775289419733       0.267623300053257     
  0.610586886310995       0.125388378438865       0.264024733998234     
  0.613546495883970       0.125996155404744       0.260457347381763     
  0.616480076231957       0.126598587083348       0.256921335272835     
  0.619387477124859       0.127195642623855       0.253416878752089     
  0.622268559822474       0.127787293534972       0.249944145050718     
  0.625123196951173       0.128373513659616       0.246503287699120     
  0.627951272372879       0.128954279148002       0.243094446684822     
  0.630752681046681       0.129529568429229       0.239717748619281     
  0.633527328883475       0.130099362181428       0.236373306913094     
  0.636275132593979       0.130663643300549       0.233061221959196     
  0.638996019530487       0.131222396867868       0.229781581323599     
  0.641689927522728       0.131775610116275       0.226534459943234     
  0.644356804708209       0.132323272395436       0.223319920330460     
  0.646996609357367       0.132865375135888       0.220138012783802     
  0.649609309693926       0.133401911812146       0.216988775604494     
  0.652194883710794       0.133932877904895       0.213872235318382     
  0.654753318981851       0.134458270862344       0.210788406902788     
  0.657284612469982       0.134978090060800       0.207737294017891     
  0.659788770331695       0.135492336764544       0.204718889242239     
  0.662265807718653       0.136001014085080       0.201733174311964     
  0.664715748576459       0.136504126939808       0.198780120363320     
  0.667138625441011       0.137001682010208       0.195859688178144     
  0.669534479232743       0.137493687699581       0.192971828431865     
  0.671903359049068       0.137980154090434       0.190116481943686     
  0.674245321955313       0.138461092901537       0.187293579928576     
  0.676560432774447       0.138936517444752       0.184503044250720     
  0.678848763875888       0.139406442581656       0.181744787678078     
  0.681110394963657       0.139870884680037       0.179018714137738     
  0.683345412864151       0.140329861570317       0.176324718971710     
  0.685553911313799       0.140783392501941       0.173662689192886     
  0.687735990746839       0.141231498099797       0.171032503740829     
  0.689891758083466       0.141674200320712       0.168434033737135     
  0.692021326518579       0.142111522410065       0.165867142740061     
  0.694124815311337       0.142543488858578       0.163331686998175     
  0.696202349575765       0.142970125359309       0.160827515702755     
  0.698254060072576       0.143391458764904       0.158354471238707     
  0.700280083002429       0.143807517045142       0.155912389433758     
  0.702280559800798       0.144218329244807       0.153501099805706     
  0.704255636934622       0.144623925441931       0.151120425807528     
  0.706205465700908       0.145024336706436       0.148770185070120     
  0.708130202027438       0.145419595059206       0.146450189642519     
  0.710030006275730       0.145809733431623       0.144160246229389     
  0.711905043046390       0.146194785625598       0.141900156425642     
  0.713755480986980       0.146574786274112       0.139669716948013     
  0.715581492602528       0.146949770802305       0.137468719863453     
  0.717383254068790       0.147319775389127       0.135296952814212     
  0.719160945048361       0.147684836929574       0.133154199239476     
  0.720914748509742       0.148044992997536       0.131040238593444     
  0.722644850549442       0.148400281809260       0.128954846559758     
  0.724351440217190       0.148750742187459       0.126897795262162     
  0.726034709344343       0.149096413526071       0.124868853471323     
  0.727694852375546       0.149437335755693       0.122867786807739     
  0.729332066203690       0.149773549309686       0.120894357940640     
  0.730946550008247       0.150105095090979       0.118948326782857     
  0.732538505096993       0.150432014439561       0.117029450681572     
  0.734108134751188       0.150754349100690       0.115137484604931     
  0.735655644074213       0.151072141193812       0.113272181324461     
  0.737181239843711       0.151385433182191       0.111433291593278     
  0.738685130367250       0.151694267843274       0.109620564320052     
  0.740167525341509       0.151998688239774       0.107833746738713     
  0.741628635715005       0.152298737691474       0.106072584573894     
  0.743068673554365       0.152594459747771       0.104336822202099     
  0.744487851914140       0.152885898160939       0.102626202808600     
  0.745886384710153       0.153173096860121       0.100940468540077     
  0.747264486596373       0.153456099926041       9.927936065299563E-002
  0.748622372845304       0.153734951566446       9.764261965775969E-002
  0.749960259231864       0.154009696092258       9.602998545864694E-002
  0.751278361920739       0.154280377894437       9.444119748955782E-002
  0.752576897357179       0.154547041421563       9.287599484560947E-002
  0.753856082161220       0.154809731158108       9.133411641060676E-002
  0.755116133025285       0.155068491603407       8.981530098042960E-002
  0.756357266615142       0.155323367251324       8.831928738237660E-002
  0.757579699474175       0.155574402570590       8.684581459051127E-002
  0.758783647930933       0.155821641985817       8.539462183705747E-002
  0.759969328009911       0.156065129859178       8.396544871989302E-002
  0.761136955345521       0.156304910472741       8.255803530619742E-002
  0.762286745099209       0.156541028011445       8.117212223230513E-002
  0.763418911879666       0.156773526546717       7.980745079982475E-002
  0.764533669666090       0.157002450020715       7.846376306808128E-002
  0.765631231734443       0.157227842231180       7.714080194294394E-002
  0.766711810586648       0.157449746816901       7.583831126209976E-002
  0.767775617882684       0.157668207243766       7.455603587683975E-002
  0.768822864375520       0.157883266791401       7.329372173042065E-002
  0.769853759848819       0.158094968540382       7.205111593306945E-002
  0.770868513057381       0.158303355359998       7.082796683369756E-002
  0.771867331670254       0.158508469896570       6.962402408839106E-002
  0.772850422216446       0.158710354562306       6.843903872574997E-002
  0.773817990033209       0.158909051524677       6.727276320913940E-002
  0.774770239216809       0.159104602696309       6.612495149592773E-002
  0.775707372575736       0.159297049725374       6.499535909377643E-002
  0.776629591586303       0.159486433986473       6.388374311405699E-002
  0.777537096350557       0.159672796571989       6.278986232245831E-002
  0.778430085556464       0.159856178283917       6.171347718686077E-002
  0.779308756440294       0.160036619626132       6.065434992254112E-002
  0.780173304751158       0.160214160797113       5.961224453478162E-002
  0.781023924717635       0.160388841683086       5.858692685895052E-002
  0.781860809016433       0.160560701851589       5.757816459812239E-002
  0.782684148743026       0.160729780545443       5.658572735830796E-002
  0.783494133384216       0.160896116677116       5.560938668135865E-002
  0.784290950792546       0.161059748823469       5.464891607561646E-002
  0.785074787162539       0.161220715220879       5.370409104437088E-002
  0.785845827008681       0.161379053760711       5.277468911219303E-002
  0.786604253145100       0.161534801985154       5.186048984920766E-002
  0.787350246666901       0.161687997083382       5.096127489337125E-002
  0.788083986933090       0.161838675888045       5.007682797081491E-002
  0.788805651551030       0.161986874872086       4.920693491431828E-002
  0.789515416362402       0.162132630145850       4.835138367997240E-002
  0.790213455430590       0.162275977454496       4.750996436209436E-002
  0.790899941029469       0.162416952175694       4.668246920645190E-002
  0.791575043633513       0.162555589317596       4.586869262185532E-002
  0.792238931909216       0.162691923517071       4.506843119017646E-002
  0.792891772707742       0.162825989038197       4.428148367484760E-002
  0.793533731058777       0.162957819770999       4.350765102789893E-002
  0.794164970165532       0.163087449230422       4.274673639558505E-002
  0.794785651400855       0.163214910555533       4.199854512265623E-002
  0.795395934304401       0.163340236508939       4.126288475532385E-002
  0.795995976580825       0.163463459476419       4.053956504297324E-002
  0.796585934098954       0.163584611466750       3.982839793867035E-002
  0.797165960891887       0.163703724111727       3.912919759851336E-002
  0.797736209158002       0.163820828666375       3.844178037987493E-002
  0.798296829262804       0.163935956009326       3.776596483858085E-002
  0.798847969741608       0.164049136643366       3.710157172507259E-002
  0.799389777302984       0.164160400696148       3.644842397959384E-002
  0.799922396832953       0.164269777921053       3.580634672644723E-002
  0.800445971399887       0.164377297698191       3.517516726736022E-002
  0.800960642260080       0.164482989035552       3.455471507400337E-002
  0.801466548863951       0.164586880570276       3.394482177969732E-002
  0.801963828862848       0.164689000570049       3.334532117034990E-002
  0.802452618116429       0.164789376934624       3.275604917465790E-002
  0.802933050700568       0.164888037197438       3.217684385361266E-002
  0.803405258915770       0.164985008527346       3.160754538934175E-002
  0.803869373296061       0.165080317730441       3.104799607332287E-002
  0.804325522618319       0.165173991251976       3.049804029400252E-002
  0.804773833912020       0.165266055178361       2.995752452385152E-002
  0.805214432469363       0.165356535239244       2.942629730588881E-002
  0.805647441855764       0.165445456809666       2.890420923970301E-002
  0.806072983920662       0.165532844912279       2.839111296700242E-002
  0.806491178808643       0.165618724219632       2.788686315671968E-002
  0.806902144970826       0.165703119056509       2.739131648970108E-002
  0.807305999176509       0.165786053402319       2.690433164300433E-002
  0.807702856525025       0.165867550893532       2.642576927383269E-002
  0.808092830457815       0.165947634826158       2.595549200312823E-002
  0.808476032770656       0.166026328158260       2.549336439885011E-002
  0.808852573626052       0.166103653512493       2.503925295895919E-002
  0.809222561565748       0.166179633178680       2.459302609413217E-002
  0.809586103523340       0.166254289116400       2.415455411022651E-002
  0.809943304836976       0.166327642957593       2.372370919051691E-002
  0.810294269262104       0.166399716009182       2.330036537772316E-002
  0.810639098984259       0.166470529255696       2.288439855584834E-002
  0.810977894631861       0.166540103361900       2.247568643184638E-002
  0.811310755289003       0.166608458675420       2.207410851713634E-002
  0.811637778508208       0.166675615229364       2.167954610898062E-002
  0.811959060323127       0.166741592744928       2.129188227174329E-002
  0.812274695261168       0.166806410633990       2.091100181804494E-002
  0.812584776356023       0.166870088001683       2.053679128982824E-002
  0.812889395160076       0.166932643648944       2.016913893934953E-002
  0.813188641756673       0.166994096075031       1.980793471011015E-002
  0.813482604772222       0.167054463480010       1.945307021774036E-002
  0.813771371388118       0.167113763767203       1.910443873084934E-002
  0.814055027352449       0.167172014545592       1.876193515185301E-002
  0.814333656991480       0.167229233132179       1.842545599779162E-002
  0.814607343220881       0.167285436554288       1.809489938114785E-002
  0.814876167556679       0.167340641551818       1.777016499067667E-002
  0.815140210125915       0.167394864579429       1.745115407225672E-002
  0.815399549676963       0.167448121808662       1.713776940977308E-002
  0.815654263589521       0.167500429129991       1.682991530604051E-002
  0.815904427884211       0.167551802154793       1.652749756377607E-002
  0.816150117231791       0.167602256217243       1.623042346662963E-002
  0.816391404961932       0.167651806376111       1.593860176027995E-002
  0.816628363071550       0.167700467416479       1.565194263360405E-002
  0.816861062232650       0.167748253851348       1.537035769992687E-002
  0.817089571799664       0.167795179923145       1.509375997835826E-002
  0.817313959816240       0.167841259605121       1.482206387522342E-002
  0.817534293021473       0.167886506602624       1.455518516559323E-002
  0.817750636855512       0.167930934354257       1.429304097491959E-002
  0.817963055464546       0.167974556032898       1.403554976078187E-002
  0.818171611705102       0.168017384546583       1.378263129474906E-002
  0.818376367147642       0.168059432539248       1.353420664436260E-002
  0.818577382079403       0.168100712391306       1.329019815524434E-002
  0.818774715506454       0.168141236220075       1.305052943333354E-002
  0.818968425154915       0.168181015880027       1.281512532725761E-002
  0.819158567471305       0.168220062962857       1.258391191083915E-002
  0.819345197621967       0.168258388797368       1.235681646574371E-002
  0.819528369491522       0.168296004449152       1.213376746427061E-002
  0.819708135680303       0.168332920720062       1.191469455229041E-002
  0.819884547500717       0.168369148147469       1.169952853233121E-002
  0.820057654972474       0.168404697003276       1.148820134681660E-002
  0.820227506816627       0.168439577292700       1.128064606145723E-002
  0.820394150448366       0.168473798752789       1.107679684879831E-002
  0.820557631968489       0.168507370850672       1.087658897192488E-002
  0.820717996153495       0.168540302781521       1.067995876832627E-002
  0.820875286444218       0.168572603466223       1.048684363392167E-002
  0.821029544932924       0.168604281548725       1.029718200724765E-002
  0.821180812348803       0.168635345393058       1.011091335380944E-002
  0.821329128041758       0.168665803080004       9.927978150596191E-003
  0.821474529964407       0.168695662403405       9.748317870761908E-003
  0.821617054652208       0.168724930866078       9.571874968471918E-003
  0.821756737201600       0.168753615675329       9.398592863916358E-003
  0.821893611246063       0.168781723738031       9.228415928490233E-003
  0.822027708929982       0.168809261655264       9.061289470141122E-003
  0.822159060880197       0.168836235716469       8.897159718884204E-003
  0.822287696175125       0.168862651893106       8.735973812484811E-003
  0.822413642311313       0.168888515831788       8.577679782308905E-003
  0.822536925167290       0.168913832846854       8.422226539340478E-003
  0.822657568964579       0.168938607912369       8.269563860366645E-003
  0.822775596225705       0.168962845653493       8.119642374329107E-003
  0.822891027729051       0.168986550337216       7.972413548842565E-003
  0.823003882460378       0.169009725862399       7.827829676878608E-003
  0.823114177560845       0.169032375749102       7.685843863615296E-003
  0.823221928271323       0.169054503127147       7.546410013451079E-003
  0.823327147872823       0.169076110723883       7.409482817183030E-003
  0.823429847622801       0.169097200851111       7.275017739347772E-003
  0.823530036687149       0.169117775391111       7.142971005724961E-003
  0.823627722067607       0.169137835781741       7.013299591001866E-003
  0.823722908524368       0.169157383000540       6.885961206598166E-003
  0.823815598493603       0.169176417547794       6.760914288650207E-003
  0.823905791999642       0.169194939428498       6.638117986153005E-003
  0.823993486561499       0.169212948133165       6.517532149259450E-003
  0.824078677093458       0.169230442617407       6.399117317734913E-003
  0.824161355799379       0.169247421280230       6.282834709566605E-003
  0.824241512060381       0.169263881940971       6.168646209725742E-003
  0.824319132315556       0.169279821814802       6.056514359081721E-003
  0.824394199935317       0.169295237486717       5.946402343466444E-003
  0.824466695086981       0.169310124883934       5.838273982887887E-003
  0.824536594592180       0.169324479246608       5.732093720890956E-003
  0.824603871775623       0.169338295096780       5.627826614064417E-003
  0.824668496304770       0.169351566205444       5.525438321692456E-003
  0.824730434019905       0.169364285557659       5.424895095549028E-003
  0.824789646754078       0.169376445315570       5.326163769833843E-003
  0.824846092142391       0.169388036779241       5.229211751247982E-003
  0.824899723420016       0.169399050345182       5.134007009207901E-003
  0.824950489208365       0.169409475462432       5.040518066195882E-003
  0.824998333288740       0.169419300586080       4.948713988245678E-003
  0.825043194362806       0.169428513128076       4.858564375561225E-003
  0.825085005799172       0.169437099405187       4.770039353267226E-003
  0.825123695365308       0.169445044583947       4.683109562289545E-003
  0.825159184944048       0.169452332622438       4.597746150364027E-003
  0.825191390233808       0.169458946208729       4.513920763171865E-003
  0.825220220431681       0.169464866695792       4.431605535599873E-003
  0.825245577898462       0.169470074032720       4.350773083123999E-003
  0.825267357804673       0.169474546692031       4.271396493314361E-003
  0.825285447756541       0.169478261592861       4.193449317460090E-003
  0.825299727400899       0.169481194019827       4.116905562312282E-003
  0.825310068007875       0.169483317537332       4.041739681943456E-003
  0.825316332030211       0.169484603899061       3.967926569721628E-003
  0.825318372637983       0.169485022952443       3.895441550397697E-003
  0.825316033227445       0.169484542537779       3.824260372304004E-003
  0.825309146902641       0.169483128381792       3.754359199662879E-003
  0.825297535928400       0.169480743985296       3.685714605003203E-003
  0.825281011153217       0.169477350504678       3.618303561683598E-003
  0.825259371400510       0.169472906626890       3.552103436520585E-003
  0.825232402826630       0.169467368437612       3.487091982520082E-003
  0.825199878243958       0.169460689282241       3.423247331710864E-003
  0.825161556407344       0.169452819619365       3.360547988078379E-003
  0.825117181262060       0.169443706866316       3.298972820597535E-003
  0.825066481151400       0.169433295236448       3.238501056362942E-003
  0.825009167981927       0.169421525567717       3.179112273815449E-003
  0.824944936344357       0.169408335142145       3.120786396063425E-003
  0.824873462587945       0.169393657495739       3.063503684297703E-003
  0.824794403846196       0.169377422218415       3.007244731298909E-003
  0.824707397011624       0.169359554743458       2.951990455036170E-003
  0.824612057657236       0.169339976126040       2.897722092356012E-003
  0.824507978902326       0.169318602810299       2.844421192760565E-003
  0.824394730220105       0.169295346384486       2.792069612274345E-003
  0.824271856184648       0.169270113323633       2.740649507398568E-003
  0.824138875154532       0.169242804719234       2.690143329152694E-003
  0.823995277890550       0.169213315995381       2.640533817202406E-003
  0.823840526104801       0.169181536610807       2.591803994073786E-003
  0.823674050938410       0.169147349746281       2.543937159453468E-003
  0.823495251365165       0.169110631976775       2.496916884574607E-003
  0.823303492518277       0.169071252927860       2.450727006688840E-003
  0.823098103937515       0.169029074915740       2.405351623624485E-003
  0.822878377733982       0.168983952570371       2.360775088431598E-003
  0.822643566669827       0.168935732441125       2.316982004114408E-003
  0.822392882150257       0.168884252584428       2.273957218452383E-003
  0.822125492125307       0.168829342132876       2.231685818910931E-003
  0.821840518898946       0.168770820845319       2.190153127643397E-003
  0.821537036843228       0.168708498637449       2.149344696586240E-003
  0.821214070015437       0.168642175092456       2.109246302649438E-003
  0.820870589676357       0.168571638951395       2.069843943004901E-003
  0.820505511708130       0.168496667582919       2.031123830475543E-003
  0.820117693930463       0.168417026432149       1.993072389028697E-003
  0.819705933314396       0.168332468448492       1.955676249377581E-003
  0.819268963093257       0.168242733492365       1.918922244694999E-003
  0.818805449771039       0.168147547720838       1.882797406444408E-003
  0.818313990029009       0.168046622952386       1.847288960333582E-003
  0.817793107532133       0.167939656011063       1.812384322396901E-003
  0.817241249637695       0.167826328050598       1.778071095212980E-003
  0.816656784009461       0.167706303859086       1.744337064264919E-003
  0.816037995141789       0.167579231145189       1.711170194451251E-003
  0.815383080799302       0.167444739807000       1.678558626756437E-003
  0.814690148379091       0.167302441184992       1.646490675090336E-003
  0.813957211203947       0.167151927300811       1.614954823307367E-003
  0.813182184756791       0.166992770083984       1.583939722416440E-003
  0.812362882868374       0.166824520589041       1.553434187993982E-003
  0.811497013872403       0.166646708205940       1.523427197813251E-003
  0.810582176744541       0.166458839867183       1.493907889703951E-003
  0.809615857244275       0.166260399255521       1.464865559657411E-003
  0.808595424081430       0.166050846016722       1.436289660193281E-003
  0.807518125132139       0.165829614982493       1.408169799004962E-003
  0.806381083732386       0.165596115409329       1.380495737901858E-003
  0.805181295080848       0.165349730239817       1.353257392067478E-003
  0.803915622786606       0.165089815393678       1.326444829653427E-003
  0.802580795601507       0.164815699096738       1.300048271730215E-003
  0.801173404381396       0.164526681256894       1.274058092616474E-003
  0.799689899325202       0.164222032897140       1.248464820609106E-003
  0.798126587545917       0.163900995656751       1.223259139137136E-003
  0.796479631032810       0.163562781372809       1.198431888362807E-003
  0.794745045069785       0.163206571755402       1.173974067253367E-003
  0.792918697180567       0.162831518171009       1.149876836147021E-003
  0.790996306677348       0.162436741549812       1.126131519836319E-003
  0.788973444895622       0.162021332433922       1.102729611191438E-003
  0.786845536204036       0.161584351184757       1.079662775344758E-003
  0.784607859884197       0.161124828369076       1.056922854456705E-003
  0.782255552981369       0.160641765344388       1.034501873080693E-003
  0.779783614232672       0.160134135065638       1.012392044142463E-003
  0.777186909184791       0.159600883136162       9.905857755458177E-004
  0.774460176617937       0.159040929126898       9.690756774126026E-004
  0.771598036396918       0.158453168188653       9.478545699603041E-004
  0.768594998873277       0.157836472982905       9.269154920146751E-004
  0.765445475964393       0.157189695956974       9.062517101482208E-004
  0.762143794036013       0.156511671989538       8.858567284280187E-004
  0.758684208713442       0.155801221432225       8.657242987472993E-004
  0.755060921743503       0.155057153572326       8.458484317058108E-004
  0.751268100023791       0.154278270540600       8.262234079928206E-004
  0.747299896907645       0.153463371686391       8.068437902147538E-004
  0.743150475882063       0.152611258440066       7.877044350963044E-004
  0.738814036701303       0.151720739679732       7.688005059695676E-004
  0.734284844040777       0.150790637615517       7.501274854506583E-004
  0.729557258713738       0.149819794200143       7.316811881872366E-004
  0.724625771466934       0.148807078069102       7.134577735435292E-004
  0.719485039340646       0.147751392007454       6.954537580723488E-004
  0.714129924543233       0.146651680932985       6.776660276062290E-004
  0.708555535750279       0.145506940377289       6.600918487824203E-004
  0.702757271694052       0.144316225437171       6.427288798000173E-004
  0.696730866859980       0.143078660158746       6.255751801915043E-004
  0.690472439054110       0.141793447305755       6.086292193771197E-004
  0.683978538549069       0.140459878452041       5.918898837580983E-004
  0.677246198456968       0.139077344325984       5.753564820955148E-004
  0.670272985916736       0.137645345322187       5.590287489154060E-004
  0.663057053621710       0.136163502083030       5.429068456786947E-004
  0.655597191152311       0.134631566040207       5.269913594571059E-004
  0.647892875519841       0.133049429794253       5.112832988640266E-004
  0.639944320272621       0.131417137198842       4.957840870031060E-004
  0.631752522466726       0.129734893006560       4.804955512174704E-004
  0.623319306762529       0.128003071924448       4.654199094493216E-004
  0.614647365877135       0.126222226921197       4.505597530534259E-004
  0.605740296603886       0.124393096624012       4.359180259491198E-004
  0.596602630605038       0.122516611642106       4.214980000429099E-004
  0.587239859194810       0.120593899656077       4.073032469082035E-004
  0.577658451358271       0.118626289118216       3.933376057685183E-004
  0.567865864298697       0.116615311418482       3.796051478954678E-004
  0.557870545872437       0.114562701384518       3.661101376013675E-004
  0.547681928356255       0.112470396001731       3.528569900768498E-004
  0.537310413097371       0.110340531261067       3.398502263953283E-004
  0.526767345719477       0.108175437067393       3.270944260758031E-004
  0.516064981697325       0.105977630169986       3.145941776620071E-004
  0.505216442265498       0.103749805108093       3.023540278368787E-004
  0.494235660790444       0.101494823198038       2.903784296447458E-004
  0.483137319904797       9.921569962330649E-002  2.786716904373929E-004
  0.471936779875658       9.691558872446553E-002  2.672379201928351E-004
  0.460649998848383       9.459776762065011E-002  2.560809808750557E-004
  0.449293445770643       9.226561832789981E-002  2.452044375087382E-004
  0.437884006952314       8.992260857056442E-002  2.346115116335858E-004
  0.426438887351060       8.757227150959276E-002  2.243050377784322E-004
  0.414975507786944       8.521818463481876E-002  2.142874235561400E-004
  0.403511399377933       8.286394808653984E-002  2.045606139265718E-004
  0.392064096549534       8.051316268427927E-002  1.951260601085890E-004
  0.380651030003165       7.816940794707862E-002  1.859846935441326E-004
  0.369289421028899       7.583622038986315E-002  1.771369052305372E-004
  0.357996178518326       7.351707237429912E-002  1.685825306434601E-004
  0.346787799973825       7.121535178033901E-002  1.603208403748858E-004
  0.335680277723220       6.893434274673267E-002  1.523505365113050E-004
  0.324689011436980       6.667720770580834E-002  1.446697546792770E-004
  0.313828727911695       6.444697091043738E-002  1.372760715914139E-004
  0.303113408933676       6.224650362030851E-002  1.301665178383212E-004
  0.292556227873965       6.007851108126059E-002  1.233375955928193E-004
  0.282169495496319       5.794552139656546E-002  1.167853008240072E-004
  0.271964615287322       5.584987635364654E-002  1.105051495615206E-004
  0.261952048447396       5.379372423473312E-002  1.044922077056316E-004
  0.252141288517659       5.177901460630503E-002  9.874112384716426E-005
  0.242540845463935       4.980749505062954E-002  9.324616454245237E-005
  0.233158238898983       4.788070977389836E-002  8.800125148235442E-005
  0.224000000000000       4.600000000000000E-002  8.300000000000000E-005
