  0.392770956568484       8.794177862134898E-037
  0.392770953589352       9.643513254197807E-037
  0.392770950540757       1.057487684754031E-036
  0.392770947421080       1.159619086661446E-036
  0.392770944228662       1.271614265856235E-036
  0.392770940961808       1.394425858820598E-036
  0.392770937618782       1.529098506976252E-036
  0.392770934197809       1.676777742454216E-036
  0.392770930697069       1.838719732045710E-036
  0.392770927114705       2.016301962216620E-036
  0.392770923448813       2.211034956072901E-036
  0.392770919697444       2.424575121941582E-036
  0.392770915858607       2.658738842858470E-036
  0.392770911930260       2.915517926808040E-036
  0.392770907910319       3.197096549135991E-036
  0.392770903796646       3.505869831247708E-036
  0.392770899587056       3.844464213623111E-036
  0.392770895279314       4.215759796442658E-036
  0.392770890871130       4.622914837854083E-036
  0.392770886360162       5.069392618263583E-036
  0.392770881744013       5.558990899160110E-036
  0.392770877020232       6.095874227051288E-036
  0.392770872186309       6.684609357288572E-036
  0.392770867239676       7.330204099099660E-036
  0.392770862177704       8.038149912244652E-036
  0.392770856997704       8.814468617625245E-036
  0.392770851696924       9.665763619170095E-036
  0.392770846272549       1.059927607269008E-035
  0.392770840721696       1.162294647948052E-035
  0.392770835041416       1.274548222858639E-035
  0.392770829228692       1.397643166224868E-035
  0.392770823280435       1.532626529453519E-035
  0.392770817193485       1.680646487400638E-035
  0.392770810964608       1.842962104798349E-035
  0.392770804590496       2.020954045915996E-035
  0.392770798067761       2.216136318552063E-035
  0.392770791392939       2.430169152251885E-035
  0.392770784562483       2.664873120293963E-035
  0.392770777572764       2.922244625566556E-035
  0.392770770420069       3.204472882058732E-035
  0.392770763100598       3.513958536410592E-035
  0.392770755610463       3.853334087918553E-035
  0.392770747945683       4.225486280688929E-035
  0.392770740102187       4.633580658408728E-035
  0.392770732075808       5.081088490596637E-035
  0.392770723862282       5.571816299371027E-035
  0.392770715457245       6.109938237890035E-035
  0.392770706856231       6.700031595876116E-035
  0.392770698054672       7.347115734237003E-035
  0.392770689047891       8.056694779960926E-035
  0.392770679831103       8.834804444452410E-035
  0.392770670399411       9.688063363545674E-035
  0.392770660747805       1.062372939589626E-034
  0.392770650871157       1.164976135862678E-034
  0.392770640764220       1.277488672535343E-034
  0.392770630421625       1.400867586243250E-034
  0.392770619837876       1.536162343488651E-034
  0.392770609007350       1.684523767444878E-034
  0.392770597924295       1.847213826904467E-034
  0.392770586582821       2.025616370636182E-034
  0.392770574976904       2.221248898457360E-034
  0.392770563100377       2.435775469147233E-034
  0.392770550946930       2.671020854995959E-034
  0.392770538510108       2.928986063388588E-034
  0.392770525783303       3.211865357450968E-034
  0.392770512759752       3.522064920536005E-034
  0.392770499432539       3.862223323310336E-034
  0.392770485794581       4.235233967535918E-034
  0.392770471838633       4.644269697453391E-034
  0.392770457557281       5.092809788112558E-034
  0.392770442942939       5.584669540213877E-034
  0.392770427987841       6.124032733194452E-034
  0.392770412684042       6.715487212606857E-034
  0.392770397023413       7.364063914496874E-034
  0.392770380997632       8.075279658723045E-034
  0.392770364598187       8.855184075218926E-034
  0.392770347816364       9.710411062354728E-034
  0.392770330643247       1.064823521510276E-033
  0.392770313069714       1.167663370298836E-033
  0.392770295086428       1.280435412415975E-033
  0.392770276683835       1.404098891274600E-033
  0.392770257852158       1.539705693241429E-033
  0.392770238581393       1.688409295016078E-033
  0.392770218861301       1.851474575140428E-033
  0.392770198681407       2.030288573094938E-033
  0.392770178030988       2.226372287499047E-033
  0.392770156899075       2.441393613771565E-033
  0.392770135274440       2.677181531298557E-033
  0.392770113145595       2.935741660785642E-033
  0.392770090500784       3.219273324125362E-033
  0.392770067327976       3.530188251891284E-033
  0.392770043614860       3.871131097585064E-033
  0.392770019348838       4.245001933130883E-033
  0.392769994517019       4.654980916964598E-033
  0.392769969106210       5.104555344543799E-033
  0.392769943102911       5.597549311371916E-033
  0.392769916493308       6.138156240849500E-033
  0.392769889263264       6.730974553635145E-033
  0.392769861398312       7.381046781920539E-033
  0.392769832883649       8.093902461324470E-033
  0.392769803704126       8.875605165246501E-033
  0.392769773844241       9.732804081753349E-033
  0.392769743288130       1.067279057171167E-032
  0.392769712019560       1.170356018925179E-032
  0.392769680021919       1.283388069210630E-032
  0.392769647278209       1.407336662032256E-032
  0.392769613771032       1.543256107771360E-032
  0.392769579482589       1.692302541168073E-032
  0.392769544394662       1.855743755422601E-032
  0.392769508488612       2.034969986063890E-032
  0.392769471745362       2.231505736313751E-032
  0.392769434145393       2.447022744532561E-032
  0.392769395668728       2.683354204047697E-032
  0.392769356294927       2.942510356318367E-032
  0.392769316003072       3.226695590072391E-032
  0.392769274771757       3.538327191859417E-032
  0.392769232579079       3.880055907513317E-032
  0.392769189402620       4.254788489418675E-032
  0.392769145219444       4.665712421368362E-032
  0.392769100006078       5.116323031321192E-032
  0.392769053738502       5.610453222680821E-032
  0.392769006392135       6.152306076988397E-032
  0.392768957941825       6.746490605348173E-032
  0.392768908361832       7.398060952685845E-032
  0.392768857625816       8.112559388310311E-032
  0.392768805706823       8.896063448456007E-032
  0.392768752577272       9.755237631797278E-032
  0.392768698208935       1.069739008765741E-031
  0.392768642572931       1.173053477909869E-031
  0.392768585639702       1.286345964965123E-031
  0.392768527379002       1.410580137350484E-031
  0.392768467759880       1.546812732498406E-031
  0.392768406750662       1.696202546453825E-031
  0.392768344318938       1.860020290581107E-031
  0.392768280431540       2.039659400219664E-031
  0.392768215054528       2.236647887226342E-031
  0.392768148153170       2.452661337221270E-031
  0.392768079691926       2.689537162091630E-031
  0.392768009634424       2.949290228983952E-031
  0.392767937943447       3.234129998724417E-031
  0.392767864580908       3.546479319445534E-031
  0.392767789507834       3.888995035276534E-031
  0.392767712684343       4.264590585394010E-031
  0.392767634069623       4.676460785657993E-031
  0.392767553621908       5.128109003625380E-031
  0.392767471298462       5.623376958088618E-031
  0.392767387055551       6.166477396612461E-031
  0.392767300848421       6.762029929021826E-031
  0.392767212631274       7.415100321636181E-031
  0.392767122357247       8.131243586485564E-031
  0.392767029978381       8.916551232020069E-031
  0.392766935445602       9.777703077223320E-031
  0.392766838708688       1.072202406985667E-030
  0.392766739716249       1.175754659212252E-030
  0.392766638415698       1.289307878371485E-030
  0.392766534753218       1.413827946340412E-030
  0.392766428673741       1.550374028643156E-030
  0.392766320120913       1.700107583653487E-030
  0.392766209037066       1.864302241891682E-030
  0.392766095363189       2.044354639447986E-030
  0.392765979038894       2.241796297680006E-030
  0.392765860002386       2.458306650231751E-030
  0.392765738190428       2.695727328180016E-030
  0.392765613538311       2.956077824815745E-030
  0.392765485979815       3.241572673302982E-030
  0.392765355447177       3.554640283325495E-030
  0.392765221871054       3.897943596943512E-030
  0.392765085180488       4.274402739355556E-030
  0.392764945302863       4.687219857229256E-030
  0.392764802163874       5.139906355872223E-030
  0.392764655687482       5.636312766916861E-030
  0.392764505795874       6.180661500569570E-030
  0.392764352409426       6.777582761008236E-030
  0.392764195446654       7.432153930417850E-030
  0.392764034824177       8.149942756658093E-030
  0.392763870456670       8.937054711906929E-030
  0.392763702256818       9.800184925105387E-030
  0.392763530135269       1.074667512992860E-029
  0.392763354000591       1.178457611267065E-029
  0.392763173759219       1.292271619121233E-029
  0.392762989315406       1.417077630753448E-029
  0.392762800571173       1.553937237250363E-029
  0.392762607426259       1.704014556332580E-029
  0.392762409778063       1.868586134172377E-029
  0.392762207521593       2.049051803505720E-029
  0.392762000549410       2.246946590395094E-029
  0.392761788751569       2.463953770918449E-029
  0.392761572015565       2.701919188841441E-029
  0.392761350226265       2.962866956054576E-029
  0.392761123265858       3.249016669318804E-029
  0.392760891013782       3.562802289759935E-029
  0.392760653346666       3.906892845695392E-029
  0.392760410138265       4.284215134884244E-029
  0.392760161259387       4.697978619299481E-029
  0.392759906577833       5.151702724168439E-029
  0.392759645958317       5.649246773477903E-029
  0.392759379262405       6.194842816565284E-029
  0.392759106348431       6.793131625005234E-029
  0.392758827071430       7.449202165971292E-029
  0.392758541283056       8.168634887813754E-029
  0.392758248831505       8.957549186027357E-029
  0.392757949561436       9.822655453334323E-029
  0.392757643313885       1.077131215659781E-028
  0.392757329926184       1.181158842604067E-028
  0.392757009231871       1.295233268912423E-028
  0.392756681060606       1.420324793285730E-028
  0.392756345238078       1.557497423468206E-028
  0.392756001585913       1.707917926390598E-028
  0.392755649921577       1.872865752344265E-028
  0.392755290058285       2.053743917595990E-028
  0.392754921804894       2.252090938005966E-028
  0.392754544965809       2.469593915149855E-028
  0.392754159340874       2.708102886248553E-028
  0.392753764725270       2.969646559958662E-028
  0.392753360909401       3.256449571862838E-028
  0.392752947678787       3.570951406426207E-028
  0.392752524813950       3.915827146357268E-028
  0.392752092090294       4.294010225855069E-028
  0.392751649277990       4.708717381268047E-028
  0.392751196141852       5.163476011378189E-028
  0.392750732441212       5.662154180020502E-028
  0.392750257929794       6.208993516219289E-028
  0.392749772355580       6.808645291667585E-028
  0.392749275460680       7.466209982400197E-028
  0.392748766981192       8.187280651142081E-028
  0.392748246647066       8.977990519312471E-028
  0.392747714181955       9.845065133295009E-028
  0.392747169303075       1.079587956866048E-027
  0.392746611721048       1.183852115887608E-027
  0.392746041139756       1.298185828202061E-027
  0.392745457256177       1.423561579054940E-027
  0.392744859760228       1.561045772564779E-027
  0.392744248334600       1.711807801967264E-027
  0.392743622654589       1.877129995811508E-027
  0.392742982387925       2.058418524701245E-027
  0.392742327194594       2.257215361344479E-027
  0.392741656726660       2.475211395631023E-027
  0.392740970628077       2.714260816282916E-027
  0.392740268534504       2.976396881392997E-027
  0.392739550073111       3.263849211979656E-027
  0.392738814862378       3.579062755638719E-027
  0.392738062511895       3.924718581576064E-027
  0.392737292622158       4.303756683881301E-027
  0.392736504784351       4.719400986980610E-027
  0.392735698580135       5.175186765936121E-027
  0.392734873581421       5.674990714796642E-027
  0.392734029350148       6.223063918723245E-027
  0.392733165438048       6.824068010310811E-027
  0.392732281386409       7.483114817603712E-027
  0.392731376725831       8.205809841000098E-027
  0.392730450975978       8.998299928800659E-027
  0.392729503645325       9.867325556864404E-027
  0.392728534230893       1.082027815698913E-026
  0.392727542217989       1.186526298156704E-026
  0.392726527079926       1.301116803915175E-026
  0.392725488277749       1.426773968719634E-026
  0.392724425259950       1.564566552483734E-026
  0.392723337462170       1.715666529068021E-026
  0.392722224306907       1.881359053861160E-026
  0.392721085203204       2.063053393931910E-026
  0.392719919546342       2.262294913704717E-026
  0.392718726717514       2.480778218088259E-026
  0.392717506083500       2.720361564829036E-026
  0.392716256996333       2.983082668654560E-026
  0.392714978792953       3.271176031607187E-026
  0.392713670794858       3.587091946946658E-026
  0.392712332307743       3.933517338231277E-026
  0.392710962621133       4.313398610793001E-026
  0.392709561008010       4.729966709933846E-026
  0.392708126724421       5.186764598936094E-026
  0.392706659009093       5.687677390553890E-026
  0.392705157083024       6.236965388219156E-026
  0.392703620149070       6.839300317935095E-026
  0.392702047391530       7.499805058960049E-026
  0.392700437975707       8.224097211140261E-026
  0.392698791047471       9.018336869364532E-026
  0.392697105732805       9.889279011395267E-026
  0.392695381137342       1.084433094455100E-025
  0.392693616345895       1.189161529973254E-025
  0.392691810421972       1.304003910845244E-025
  0.392689962407278       1.429936955024540E-025
  0.392688071321210       1.568031701455837E-025
  0.392686136160342       1.719462618340407E-025
  0.392684155897890       1.885517590926031E-025
  0.392682129483169       2.067608873747789E-025
  0.392680055841041       2.267285100445365E-025
  0.392677933871347       2.486244453275099E-025
  0.392675762448322       2.726349104293764E-025
  0.392673540420004       2.989641051003324E-025
  0.392671266607621       3.278359481101314E-025
  0.392668939804976       3.594959813980532E-025
  0.392666558777802       3.942134580879374E-025
  0.392664122263114       4.322836321211460E-025
  0.392661628968543       4.740302689747670E-025
  0.392659077571654       5.198083988116323E-025
  0.392656466719244       5.700073354696357E-025
  0.392653795026632       6.250539869581358E-025
  0.392651061076929       6.854164856066960E-025
  0.392648263420287       7.516081687293734E-025
  0.392645400573136       8.241919436469343E-025
  0.392642471017404       9.037850741768644E-025
  0.392639473199711       9.910644292837201E-025
  0.392636405530557       1.086772238510642E-024
  0.392633266383479       1.191722403121028E-024
  0.392630054094196       1.306807416602502E-024
  0.392626766959733       1.433005953365073E-024
  0.392623403237522       1.571391190144970E-024
  0.392619961144485       1.723139930852926E-024
  0.392616438856095       1.889542612435270E-024
  0.392612834505418       2.072014276803509E-024
  0.392609146182126       2.272106602099264E-024
  0.392605371931495       2.491521095564704E-024
  0.392601509753377       2.732123560160635E-024
  0.392597557601144       2.995959957900195E-024
  0.392593513380618       3.285273804735276E-024
  0.392589374948962       3.602525244849274E-024
  0.392585140113564       3.950411966481176E-024
  0.392580806630876       4.331892137055167E-024
  0.392576372205239       4.750209552549935E-024
  0.392571834487677       5.208921214857479E-024
  0.392567191074666       5.711927571512548E-024
  0.392562439506869       6.263505674796747E-024
  0.392557577267845       6.868345542027433E-024
  0.392552601782735       7.531590026040715E-024
  0.392547510416905       8.258878534702865E-024
  0.392542300474566       9.056394970987445E-024
  0.392536969197365       9.930920301013001E-024
  0.392531513762936       1.088989019675534E-023
  0.392525931283424       1.194145824326187E-023
  0.392520218803970       1.309456524746500E-023
  0.392514373301168       1.435901523753116E-023
  0.392508391681482       1.574555879851166E-023
  0.392502270779625       1.726598445238458E-023
  0.392496007356908       1.893321885890838E-023
  0.392489598099547       2.076143668863105E-023
  0.392483039616929       2.276618110155435E-023
  0.392476328439842       2.496449585503235E-023
  0.392469461018667       2.737507016325132E-023
  0.392462433721522       3.001839753893881E-023
  0.392455242832371       3.291694996669603E-023
  0.392447884549081       3.609536888754630E-023
  0.392440354981450       3.958067461705694E-023
  0.392432650149170       4.340249597592320E-023
  0.392424765979761       4.759332208353221E-023
  0.392416698306452       5.218877845321543E-023
  0.392408442866010       5.722792973422960E-023
  0.392399995296526       6.275361167175059E-023
  0.392391351135148       6.881279510422384E-023
  0.392382505815762       7.545698508939320E-023
  0.392373454666623       8.274265854855202E-023
  0.392364192907934       9.073174414552153E-023
  0.392354715649360       9.949214847538658E-023
  0.392345017887501       1.090983330310681E-022
  0.392335094503299       1.196319468468197E-022
  0.392324940259385       1.311825201902567E-022
  0.392314549797375       1.438482251926215E-022
  0.392303917635095       1.577367098750655E-022
  0.392293038163754       1.729660126515318E-022
  0.392281905645042       1.896655650716939E-022
  0.392270514208176       2.079772913161038E-022
  0.392258857846868       2.280568137766271E-022
  0.392246930416233       2.500747749551528E-022
  0.392234725629627       2.742182869004549E-022
  0.392222237055408       3.006925204848487E-022
  0.392209458113635       3.297224480085293E-022
  0.392196382072683       3.615547539198962E-022
  0.392183002045795       3.964599298660330E-022
  0.392169310987544       4.347345718506579E-022
  0.392155301690223       4.767038989908470E-022
  0.392140966780161       5.227245152427052E-022
  0.392126298713944       5.731874375262992E-022
  0.392111289774567       6.285214159388250E-022
  0.392095932067488       6.891965742208700E-022
  0.392080217516602       7.557284013557079E-022
  0.392064137860130       8.286821281574552E-022
  0.392047684646407       9.086775259671950E-022
  0.392030849229589       9.963941681530277E-022
  0.392013622765255       1.092577199032295E-021
  0.391995996205924       1.198043659133131E-021
  0.391977960296462       1.313689420426677E-021
  0.391959505569402       1.440496790328223E-021
  0.391940622340152       1.579542848931068E-021
  0.391921300702099       1.732008590147176E-021
  0.391901530521617       1.899188944237108E-021
  0.391881301432953       2.082503766676090E-021
  0.391860602833013       2.283509886484887E-021
  0.391839423876033       2.503914316125062E-021
  0.391817753468129       2.745588734890629E-021
  0.391795580261739       3.010585368509386E-021
  0.391772892649940       3.301154399482711E-021
  0.391749678760646       3.619763055648910E-021
  0.391725926450681       3.969116538654284E-021
  0.391701623299724       4.352180969584874E-021
  0.391676756604129       4.772208546074793E-021
  0.391651313370613       5.232765123915488E-021
  0.391625280309806       5.737760456693208E-021
  0.391598643829671       6.291481349461530E-021
  0.391571390028784       6.898628007094564E-021
  0.391543504689469       7.564353884973228E-021
  0.391514973270793       8.294309379265381E-021
  0.391485780901414       9.094689726507504E-021
  0.391455912372281       9.972287517770804E-021
  0.391425352129180       1.093455027168003E-020
  0.391394084265129       1.198964355329380E-020
  0.391362092512611       1.314652017269411E-020
  0.391329360235653       1.441499604848270E-020
  0.391295870421742       1.580583337765233E-020
  0.391261605673569       1.733083181498851E-020
  0.391226548200616       1.900292843276411E-020
  0.391190679810562       2.083630730558470E-020
  0.391153981900523       2.284651964646657E-020
  0.391116435448111       2.505061550922998E-020
  0.391078021002317       2.746728816986116E-020
  0.391038718674208       3.011703240640516E-020
  0.390998508127443       3.302231801414662E-020
  0.390957368568603       3.620778002124896E-020
  0.390915278737322       3.970042721078816E-020
  0.390872216896232       4.352987070934715E-020
  0.390828160820712       4.772857457139691E-020
  0.390783087788433       5.233213047394071E-020
  0.390736974568704       5.737955883890748E-020
  0.390689797411614       6.291363892327258E-020
  0.390641532036964       6.898127066067502E-020
  0.390592153622992       7.563387130547817E-020
  0.390541636794881       8.292781022297113E-020
  0.390489955613053       9.092488549024344E-020
  0.390437083561249       9.969284632376726E-020
  0.390382993534379       1.093059657349705E-019
  0.390327657826154       1.198456682371056E-019
  0.390271048116493       1.314012178892598E-019
  0.390213135458698       1.440704724700489E-019
  0.390153890266397       1.579607101287894E-019
  0.390093282300261       1.731895354702848E-019
  0.390031280654474       1.898858726958747E-019
  0.389967853742973       2.081910541536659E-019
  0.389902969285449       2.282600134509075E-019
  0.389836594293098       2.502625931580482E-019
  0.389768695054139       2.743849780942353E-019
  0.389699237119073       3.008312662361013E-019
  0.389628185285710       3.298251904441215E-019
  0.389555503583934       3.616120054633931E-019
  0.389481155260228       3.964605560386933E-019
  0.389405102761939       4.346655434987221E-019
  0.389327307721296       4.765500098240069E-019
  0.389247730939176       5.224680600307380E-019
  0.389166332368611       5.728078456940357E-019
  0.389083071098044       6.279948346150214E-019
  0.388997905334332       6.884953940250031E-019
  0.388910792385492       7.548207173362318E-019
  0.388821688643192       8.275311273144061E-019
  0.388730549564992       9.072407916862462E-019
  0.388637329656326       9.946228906325539E-019
  0.388541982452244       1.090415279380990E-018
  0.388444460498886       1.195426693235005E-018
  0.388344715334725       1.310543546888795E-018
  0.388242697471554       1.436737384821354E-018
  0.388138356375227       1.575073044974808E-018
  0.388031640446168       1.726717603848555E-018
  0.387922496999633       1.892950177630068E-018
  0.387810872245744       2.075172661087340E-018
  0.387696711269289       2.274921493727260E-018
  0.387579958009298       2.493880551239820E-018
  0.387460555238402       2.733895269571843E-018
  0.387338444541969       2.996988119179946E-018
  0.387213566297045       3.285375558186296E-018
  0.387085859651077       3.601486605390550E-018
  0.386955262500460       3.947983187479425E-018
  0.386821711468881       4.327782429429874E-018
  0.386685141885500       4.744081073138852E-018
  0.386545487762952       5.200382226868987E-018
  0.386402681775201       5.700524667309036E-018
  0.386256655235242       6.248714937074494E-018
  0.386107338072667       6.849562503480480E-018
  0.385954658811116       7.508118269597276E-018
  0.385798544545613       8.229916756147174E-018
  0.385638920919808       9.021022302947395E-018
  0.385475712103145       9.888079671582839E-018
  0.385308840767963       1.083836946707726E-017
  0.385138228066555       1.187986883580926E-017
  0.384963793608198       1.302131794009966E-017
  0.384785455436180       1.427229275714294E-017
  0.384603130004835       1.564328480162224E-017
  0.384416732156618       1.714578842787127E-017
  0.384226175099244       1.879239642925559E-017
  0.384031370382894       2.059690472005767E-017
  0.383832227877554       2.257442695907131E-017
  0.383628655750468       2.474152005496669E-017
  0.383420560443775       2.711632158187843E-017
  0.383207846652332       2.971870023033240E-017
  0.382990417301760       3.257042052429875E-017
  0.382768173526770       3.569532315068618E-017
  0.382541014649762       3.911952237389378E-017
  0.382308838159772       4.287162214607561E-017
  0.382071539691788       4.698295267468211E-017
  0.381829013006471       5.148782937374082E-017
  0.381581149970339       5.642383630559791E-017
  0.381327840536441       6.183213641676847E-017
  0.381068972725579       6.775781108679109E-017
  0.380804432608127       7.425023174410355E-017
  0.380534104286478       8.136346655988937E-017
  0.380257869878202       8.915672551148966E-017
  0.379975609499940       9.769484741357026E-017
  0.379687201252116       1.070488328500967E-016
  0.379392521204500       1.172964273059165E-016
  0.379091443382712       1.285227591961824E-016
  0.378783839755699       1.408210379279755E-016
  0.378469580224284       1.542933176048029E-016
  0.378148532610832       1.690513325045193E-016
  0.377820562650104       1.852174110289578E-016
  0.377485533981396       2.029254754431042E-016
  0.377143308142008       2.223221353980547E-016
  0.376793744562149       2.435678839700307E-016
  0.376436700561333       2.668384057533406E-016
  0.376072031346375       2.923260074239841E-016
  0.375699590011062       3.202411821496452E-016
  0.375319227537578       3.508143202679714E-016
  0.374930792799795       3.842975797961381E-016
  0.374534132568514       4.209669315795447E-016
  0.374129091518748       4.611243952447014E-016
  0.373715512239157       5.051004836018318E-016
  0.373293235243730       5.532568747564502E-016
  0.372862098985822       6.059893329489000E-016
  0.372421939874658       6.637309010586788E-016
  0.371972592294396       7.269553898012060E-016
  0.371513888625887       7.961811909227310E-016
  0.371045659271223       8.719754441819684E-016
  0.370567732681206       9.549585906120027E-016
  0.370079935385846       1.045809347502653E-015
  0.369582092028017       1.145270143753621E-015
  0.369074025400383       1.254153057744441E-015
  0.368555556485733       1.373346303674459E-015
  0.368026504500836       1.503821316470927E-015
  0.367486686943953       1.646640489876498E-015
  0.366935919646134       1.802965627238985E-015
  0.366374016826418       1.974067169873411E-015
  0.365800791151084       2.161334273683305E-015
  0.365216053797069       2.366285811059484E-015
  0.364619614519691       2.590582381960300E-015
  0.364011281724808       2.836039425568637E-015
  0.363390862545533       3.104641532067592E-015
  0.362758162923656       3.398558062935296E-015
  0.362112987695874       3.720160197791055E-015
  0.361455140684982       4.072039536294443E-015
  0.360784424796131       4.457028394979510E-015
  0.360100642118288       4.878221951270932E-015
  0.359403594031012       5.339002400367480E-015
  0.358693081316658       5.843065305271907E-015
  0.357968904278143       6.394448336103410E-015
  0.357230862862353       6.997562612043933E-015
  0.356478756789315       7.657226877965504E-015
  0.355712385687236       8.378704768080829E-015
  0.354931549233477       9.167745430987238E-015
  0.354136047301577       1.003062781438146E-014
  0.353325680114387       1.097420893366017E-014
  0.352500248403391       1.200597647676368E-014
  0.351659553574270       1.313410612813851E-014
  0.350803397878775       1.436752402779767E-014
  0.349931584592932       1.571597481734215E-014
  0.349043918201624       1.719009576371450E-014
  0.348140204589570       1.880149749361854E-014
  0.347220251238696       2.056285191723737E-014
  0.346283867431904       2.248798796938280E-014
  0.345330864463208       2.459199584984198E-014
  0.344361055854220       2.689134050276390E-014
  0.343374257576901       2.940398513781735E-014
  0.342370288282554       3.214952566394592E-014
  0.341348969536926       3.514933698023163E-014
  0.340310126061358       3.842673214814701E-014
  0.339253585979828       4.200713555576028E-014
  0.338179181071766       4.591827127781885E-014
  0.337086747030461       5.019036793659601E-014
  0.335976123726889       5.485638147758100E-014
  0.334847155478744       5.995223739212408E-014
  0.333699691324454       6.551709404675333E-014
  0.332533585301915       7.159362891679336E-014
  0.331348696731670       7.822834967089492E-014
  0.330144890504241       8.547193221409672E-014
  0.328922037371272       9.337958797087927E-014
  0.327680014240134       1.020114628774662E-013
  0.326418704471620       1.114330707553411E-013
  0.325137998180313       1.217157639568132E-013
  0.323837792537205       1.329372444096523E-013
  0.322517992074102       1.451821184427333E-013
  0.321178508989331       1.585424990495929E-013
  0.319819263454239       1.731186595434612E-013
  0.318440183919943       1.890197428772900E-013
  0.317041207423770       2.063645312472068E-013
  0.315622279894793       2.252822809698592E-013
  0.314183356457851       2.459136280249399E-013
  0.312724401735416       2.684115700863542E-013
  0.311245390146632       2.929425313310366E-013
  0.309746306202862       3.196875168161030E-013
  0.308227144799019       3.488433637553321E-013
  0.306687911499953       3.806240976080413E-013
  0.305128622821174       4.152624015200213E-013
  0.303549306503107       4.530112083310827E-013
  0.301950001778146       4.941454250901134E-013
  0.300330759629687       5.389638008004022E-013
  0.298691643042342       5.877909489595631E-013
  0.297032727242540       6.409795373636691E-013
  0.295354099928673       6.989126586195938E-013
  0.293655861489989       7.620063958572688E-013
  0.291938125213391       8.307125992611181E-013
  0.290201017477330       9.055218902517723E-013
  0.288444677931974       9.869669114532217E-013
  0.286669259664841       1.075625841981798E-012
  0.284874929351098       1.172126199100569E-012
  0.283061867387742       1.277148948902357E-012
  0.281230268010894       1.391432950425611E-012
  0.279380339395455       1.515779759478724E-012
  0.277512303736415       1.651058820458746E-012
  0.275626397311098       1.798213076611478E-012
  0.273722870521696       1.958265031500611E-012
  0.271801987917455       2.132323296948219E-012
  0.269864028195926       2.321589665386688E-012
  0.267909284182724       2.527366747440735E-012
  0.265938062789298       2.751066218647572E-012
  0.263950684948255       2.994217722543218E-012
  0.261947485525829       3.258478480906101E-012
  0.259928813211148       3.545643665777670E-012
  0.257895030382011       3.857657591987531E-012
  0.255846512946939       4.196625793323957E-012
  0.253783650163334       4.564828050227105E-012
  0.251706844431646       4.964732441966472E-012
  0.249616511065506       5.399010501724732E-012
  0.247513078037870       5.870553558866950E-012
  0.245396985703272       6.382490358966260E-012
  0.243268686496373       6.938206058904985E-012
  0.241128644607043       7.541362701617521E-012
  0.238977335632326       8.195921282814073E-012
  0.236815246205664       8.906165530372340E-012
  0.234642873603876       9.676727526034752E-012
  0.232460725332432       1.051261530866156E-011
  0.230269318689641       1.141924260860031E-011
  0.228069180310468       1.240246087379462E-011
  0.225860845690720       1.346859376013161E-011
  0.223644858692466       1.462447427125875E-011
  0.221421771031568       1.587748474677503E-011
  0.219192141748312       1.723559991235772E-011
  0.216956536662158       1.870743322112404E-011
  0.214715527811693       2.030228673239748E-011
  0.212469692880942       2.203020479216400E-011
  0.210219614613225       2.390203179891677E-011
  0.207965880213792       2.592947435943739E-011
  0.205709080742533       2.812516816140521E-011
  0.203449810498078       3.050274991371167E-011
  0.201188666394638       3.307693473107729E-011
  0.198926247332970       3.586359936715803E-011
  0.196663153566876       3.887987172992841E-011
  0.194399986066646       4.214422714486729E-011
  0.192137345880891       4.567659186553384E-011
  0.189875833498194       4.949845436762779E-011
  0.187616048210030       5.363298500182209E-011
  0.185358587476379       5.810516462264500E-011
  0.183104046295466       6.294192285577736E-011
  0.180853016579032       6.817228671443879E-011
  0.178606086534528       7.382754032738191E-011
  0.176363840055585       7.994139659660261E-011
  0.174126856122098       8.655018166248617E-011
  0.171895708211212       9.369303311805420E-011
  0.169670963720465       1.014121129825311E-010
  0.167453183404286       1.097528365180021E-010
  0.165242920825015       1.187641180517587E-010
  0.163040721819536       1.284986350515211E-010
  0.160847123982575       1.390131117913771E-010
  0.158662656167638       1.503686240435397E-010
  0.156487838006524       1.626309263352744E-010
  0.154323179448241       1.758708034221727E-010
  0.152169180318136       1.901644477488412E-010
  0.150026329897935       2.055938647966202E-010
  0.147895106527342       2.222473083558103E-010
  0.145775977227760       2.402197479076663E-010
  0.143669397348635       2.596133704599403E-010
  0.141575810236836       2.805381193496244E-010
  0.139495646929420       3.031122727088003E-010
  0.137429325870052       3.274630644847945E-010
  0.135377252649272       3.537273511153297E-010
  0.133339819768740       3.820523271838616E-010
  0.131317406429505       4.125962936211395E-010
  0.129310378344289       4.455294822770376E-010
  0.127319087573686       4.810349409635607E-010
  0.125343872386138       5.193094833665490E-010
  0.123385057141464       5.605647085416939E-010
  0.121442952197672       6.050280950515743E-010
  0.119517853840702       6.529441751658750E-010
  0.117610044236740       7.045757949390435E-010
  0.115719791406620       7.602054663996922E-010
  0.113847349221855       8.201368185365916E-010
  0.111992957421739       8.846961542488779E-010
  0.110156841650947       9.542341209459537E-010
  0.108339213517004       1.029127503037285E-009
  0.106540270666983       1.109781145147305E-009
  0.104760196882720       1.196630015528527E-009
  0.102999162193855       1.290141419829135E-009
  0.101257323007937       1.390817376104770E-009
  9.953482225684436E-002  1.499197162749201E-009
  9.783178955872571E-002  1.615860051861076E-009
  9.614834139467925E-002  1.741428241466595E-009
  9.448458129935421E-002  1.876570000985047E-009
  9.284060006466079E-002  2.022003045362228E-009
  9.121647595576964E-002  2.178498154407751E-009
  8.961227493857575E-002  2.346883055064634E-009
  8.802805091780833E-002  2.528046585616308E-009
  8.646384598496323E-002  2.722943162206431E-009
  8.491969067524895E-002  2.932597569513714E-009
  8.339560423274038E-002  3.158110098997727E-009
  8.189159488294616E-002  3.400662059818057E-009
  8.040766011201213E-002  3.661521689335980E-009
  7.894378695178936E-002  3.942050492046450E-009
  7.749995227002243E-002  4.243710037863714E-009
  7.607612306492378E-002  4.568069252910304E-009
  7.467225676342369E-002  4.916812238344761E-009
  7.328830152240433E-002  5.291746655320980E-009
  7.192419653225202E-002  5.694812716911760E-009
  7.057987232207927E-002  6.128092830768747E-009
  6.925525106599700E-002  6.593821939438347E-009
  6.795024688984384E-002  7.094398608627209E-009
  6.666476617779533E-002  7.632396917331607E-009
  6.539870787831414E-002  8.210579207617709E-009
  6.415196380892169E-002  8.831909755997324E-009
  6.292441895929639E-002  9.499569432798265E-009
  6.171595179223667E-002  1.021697142069972E-008
  6.052643454204847E-002  1.098777806872055E-008
  5.935573350994438E-002  1.181591896343223E-008
  5.820370935607293E-002  1.270561030504195E-008
  5.707021738781061E-002  1.366137568229753E-008
  5.595510784399182E-002  1.468806834690558E-008
  5.485822617476174E-002  1.579089509540127E-008
  5.377941331677000E-002  1.697544187415546E-008
  5.271850596344957E-002  1.824770123151537E-008
  5.167533683013725E-002  1.961410174999182E-008
  5.064973491383288E-002  2.108153960093706E-008
  4.964152574739796E-002  2.265741237440624E-008
  4.865053164803289E-002  2.434965534784399E-008
  4.767657195987799E-002  2.616678036900696E-008
  4.671946329061595E-002  2.811791754111398E-008
  4.577901974196602E-002  3.021285991172016E-008
  4.485505313397763E-002  3.246211138128495E-008
  4.394737322305598E-002  3.487693806289206E-008
  4.305578791365906E-002  3.746942334121952E-008
  4.218010346363053E-002  4.025252689664452E-008
  4.132012468314382E-002  4.324014797946455E-008
  4.047565512724587E-002  4.644719323967519E-008
  3.964649728200612E-002  4.988964943965615E-008
  3.883245274428618E-002  5.358466140061670E-008
  3.803332239515880E-002  5.755061555883405E-008
  3.724890656701713E-002  6.180722953468272E-008
  3.647900520442006E-002  6.637564814641133E-008
  3.572341801873900E-002  7.127854633155747E-008
  3.498194463666870E-002  7.654023947216801E-008
  3.425438474268332E-002  8.218680165553211E-008
  3.354053821551896E-002  8.824619244031955E-008
  3.284020525877353E-002  9.474839273889211E-008
  3.215318652572386E-002  1.017255504703332E-007
  3.147928323845864E-002  1.092121366857622E-007
  3.081829730143911E-002  1.172451129177362E-007
  3.017003140959519E-002  1.258641105595555E-007
  2.953428915107630E-002  1.351116231380040E-007
  2.891087510477552E-002  1.450332124050252E-007
  2.829959493274776E-002  1.556777292402217E-007
  2.770025546764839E-002  1.670975504271585E-007
  2.711266479531792E-002  1.793488324427037E-007
  2.653663233264103E-002  1.924917834803325E-007
  2.597196890081011E-002  2.065909550158309E-007
  2.541848679412214E-002  2.217155543177156E-007
  2.487599984444065E-002  2.379397794051668E-007
  2.434432348145281E-002  2.553431780640660E-007
  2.382327478885343E-002  2.740110326471479E-007
  2.331267255658494E-002  2.940347725080719E-007
  2.281233732926267E-002  3.155124160518285E-007
  2.232209145091638E-002  3.385490445258960E-007
  2.184175910617216E-002  3.632573098290568E-007
  2.137116635800448E-002  3.897579787777456E-007
  2.091014118217971E-002  4.181805164449643E-007
  2.045851349851640E-002  4.486637113739854E-007
  2.001611519908320E-002  4.813563456700360E-007
  1.958278017345219E-002  5.164179131884875E-007
  1.915834433112714E-002  5.540193892684796E-007
  1.874264562125895E-002  5.943440557084662E-007
  1.833552404976303E-002  6.375883849447267E-007
  1.793682169394853E-002  6.839629876779194E-007
  1.754638271476622E-002  7.336936284970391E-007
  1.716405336678190E-002  7.870223143759624E-007
  1.678968200597681E-002  8.442084612672957E-007
  1.642311909547688E-002  9.055301443924064E-007
  1.606421720930724E-002  9.712854382279305E-007
  1.571283103426705E-002  1.041793852618965E-006
  1.536881737001856E-002  1.117397871909461E-006
  1.503203512747818E-002  1.198464604474788E-006
  1.470234532559844E-002  1.285387550569716E-006
  1.437961108662434E-002  1.378588496972586E-006
  1.406369762990575E-002  1.478519547513936E-006
  1.375447226434669E-002  1.585665299228341E-006
  1.345180437956605E-002  1.700545174566963E-006
  1.315556543584604E-002  1.823715920854697E-006
  1.286562895293792E-002  1.955774288978315E-006
  1.258187049779564E-002  2.097359904149377E-006
  1.230416767130369E-002  2.249158342506208E-006
  1.203240009406270E-002  2.411904428305555E-006
  1.176644939129587E-002  2.586385767509728E-006
  1.150619917693442E-002  2.773446534708859E-006
  1.125153503694021E-002  2.973991531529365E-006
  1.100234451192056E-002  3.188990535980505E-006
  1.075851707908739E-002  3.419482963584135E-006
  1.051994413361206E-002  3.666582862624711E-006
  1.028651896942385E-002  3.931484267456899E-006
  1.005813675949951E-002  4.215466935521202E-006
  9.834694535687586E-003  4.519902495555638E-006
  9.616091168110267E-003  4.846261036459499E-006
  9.402227344184354E-003  5.196118168372241E-006
  9.193005547299009E-003  5.571162589793654E-006
  8.988330035188594E-003  5.973204196989127E-006
  8.788106818035334E-003  6.404182774521081E-006
  8.592243636335508E-003  6.866177308527405E-006
  8.400649938562162E-003  7.361415967343950E-006
  8.213236858653784E-003  7.892286797265097E-006
  8.029917193359175E-003  8.461349184650515E-006
  7.850605379465015E-003  9.071346139257282E-006
  7.675217470933119E-003  9.725217457597504E-006
  7.503671115972142E-003  1.042611382933145E-005
  7.335885534066802E-003  1.117741195421499E-005
  7.171781492987347E-003  1.198273074194735E-005
  7.011281285799972E-003  1.284594867244276E-005
  6.854308707898424E-003  1.377122239959081E-005
  6.700789034075036E-003  1.476300668751498E-005
  6.550648995649190E-003  1.582607577469925E-005
  6.403816757669668E-003  1.696554626817326E-005
  6.260221896206353E-003  1.818690167725261E-005
  6.119795375746184E-003  1.949601870415310E-005
  5.982469526706795E-003  2.089919541718749E-005
  5.848178023080463E-003  2.240318144123453E-005
  5.716855860220965E-003  2.401521030978431E-005
  5.588439332783635E-003  2.574303413318703E-005
  5.462866012829612E-003  2.759496074875767E-005
  5.340074728103558E-003  2.957989353022948E-005
  5.220005540493553E-003  3.170737404671630E-005
  5.102599724681951E-003  3.398762777490387E-005
  4.987799746993961E-003  3.643161308274691E-005
  4.875549244451657E-003  3.905107371849094E-005
  4.765793004038818E-003  4.185859505554266E-005
  4.658476942183343E-003  4.486766436153453E-005
  4.553548084461604E-003  4.809273537908702E-005
  4.450954545529902E-003  5.154929752622720E-005
  4.350645509287055E-003  5.525395004636320E-005
  4.252571209271804E-003  5.922448146119598E-005
  4.156682909298533E-003  6.347995470507944E-005
  4.062932884333843E-003  6.804079834627854E-005
  3.971274401616711E-003  7.292890432937167E-005
  3.881661702024184E-003  7.816773270390295E-005
  3.794049981684289E-003  8.378242383741326E-005
  3.708395373837723E-003  8.979991864630517E-005
  3.624654930949176E-003  9.624908741584296E-005
  3.542786607068981E-003  1.031608678210657E-004
  3.462749240445918E-003  1.105684128036643E-004
  3.384502536390842E-003  1.185072490062844E-004
  3.308007050391568E-003  1.270154465152059E-004
  3.233224171478141E-003  1.361338007154742E-004
  3.160116105838521E-003  1.459060271191571E-004
  3.088645860683453E-003  1.563789700881554E-004
  3.018777228359732E-003  1.676028264377733E-004
  2.950474770710853E-003  1.796313849765580E-004
  2.883703803683271E-003  1.925222831121022E-004
  2.818430382177288E-003  2.063372817315183E-004
  2.754621285140486E-003  2.211425596500371E-004
  2.692244000902086E-003  2.370090290114235E-004
  2.631266712746235E-003  2.540126731204319E-004
  2.571658284722097E-003  2.722349082905444E-004
  2.513388247688644E-003  2.917629714001224E-004
  2.456426785591747E-003  3.126903349674820E-004
  2.400744721971072E-003  3.351171516805347E-004
  2.346313506694542E-003  3.591507304499295E-004
  2.293105202917416E-003  3.849060461970776E-004
  2.241092474263601E-003  4.125062857397135E-004
  2.190248572226231E-003  4.420834322992253E-004
  2.140547323784802E-003  4.737788913256076E-004
  2.091963119235947E-003  5.077441605187035E-004
  2.044470900234866E-003  5.441415471187452E-004
  1.998046148044587E-003  5.831449357455265E-004
  1.952664871989721E-003  6.249406102851856E-004
  1.908303598111999E-003  6.697281335557533E-004
  1.864939358024218E-003  7.177212887298931E-004
  1.822549677959552E-003  7.691490867543539E-004
  1.781112568013208E-003  8.242568442823029E-004
  1.740606511572962E-003  8.833073369277150E-004
  1.701010454935759E-003  9.465820329592736E-004
  1.662303797106904E-003  1.014382412877927E-003
  1.624466379778831E-003  1.087031380665129E-003
  1.587478477486225E-003  1.164874772850165E-003
  1.551320787934308E-003  1.248282971924322E-003
  1.515974422497263E-003  1.337652631026989E-003
  1.481420896883555E-003  1.433408517244955E-003
  1.447642121965110E-003  1.536005481300236E-003
  1.414620394767427E-003  1.645930561853059E-003
  1.382338389617457E-003  1.763705233116624E-003
  1.350779149446517E-003  1.889887804964520E-003
  1.319926077245243E-003  2.025075985212721E-003
  1.289762927667894E-003  2.169909614270882E-003
  1.260273798783334E-003  2.325073582882330E-003
  1.231443123970080E-003  2.491300944204582E-003
  1.203255663953074E-003  2.669376232018565E-003
  1.175696498979731E-003  2.860138997393435E-003
  1.148751021133305E-003  3.064487576663513E-003
  1.122404926781455E-003  3.283383104096808E-003
  1.096644209158353E-003  3.517853783134153E-003
  1.071455151078754E-003  3.768999430551845E-003
  1.046824317782754E-003  4.037996308334732E-003
  1.022738549910287E-003  4.326102258428360E-003
  9.991849566046151E-004  4.634662155856195E-003
  9.761509087445430E-004  4.965113695919079E-003
  9.536240323054171E-004  5.318993531323781E-003
  9.315922018494094E-004  5.697943775090002E-003
  9.100435341461412E-004  6.103718884933432E-003
  8.889663819251223E-004  6.538192944490000E-003
  8.683493277622238E-004  7.003367356192019E-003
  8.481811781029646E-004  7.501378959797220E-003
  8.284509574261681E-004  8.034508589458223E-003
  8.091479025523866E-004  8.605190080750513E-003
  7.902614571022974E-004  9.216019737200813E-003
  7.717812661113438E-004  9.869766263499910E-003
  7.536971708079152E-004  1.056938116968284E-002
  7.359992035635321E-004  1.131800964702894E-002
  7.186775830248321E-004  1.211900191218344E-002
  7.017227094383955E-004  1.297592501094740E-002
  6.851251601811585E-004  1.389257506718834E-002
  6.688756855105535E-004  1.487298995531198E-002
  6.529652045503969E-004  1.592146236654184E-002
  6.373848015303208E-004  1.704255322976928E-002
  6.221257222985056E-004  1.824110543680873E-002
  6.071793711295809E-004  1.952225780936538E-002
  5.925373078516302E-004  2.089145923075949E-002
  5.781912453186095E-004  2.235448284926029E-002
  5.641330472566382E-004  2.391744024165417E-002
  5.503547265150873E-004  2.558679540519714E-002
  5.368484437556764E-004  2.736937842329023E-002
  5.236065066150252E-004  2.927239862491995E-002
  5.106213693783718E-004  3.130345703002501E-002
  4.978856332041149E-004  3.347055784244789E-002
  4.853920469406014E-004  3.578211871898706E-002
  4.731335085780155E-004  3.824697950733472E-002
  4.611030673790335E-004  4.087440910755871E-002
  4.492939267323961E-004  4.367411007142909E-002
  4.376994477729256E-004  4.665622051180327E-002
  4.263131538102400E-004  4.983131285088673E-002
  4.151287356058866E-004  5.321038889227028E-002
  4.041400575346482E-004  5.680487065815259E-002
  3.933411646604717E-004  6.062658639116363E-002
  3.827262907499972E-004  6.468775108132506E-002
  3.722898672374207E-004  6.900094084446902E-002
  3.620265331425212E-004  7.357906045115196E-002
  3.519311459294158E-004  7.843530328696298E-002
  3.419987932763042E-004  8.358310301902898E-002
  3.322248057061377E-004  8.903607625246469E-002
  3.226047700047040E-004  9.480795548781791E-002
  3.131345433256891E-004  0.100912511739972     
  3.038102678522915E-004  0.107363466254016     
  2.946283858517043E-004  0.114174390858255     
  2.855856549227487E-004  0.121358596632282     
  2.766791631986533E-004  0.128929010742175     
  2.679063442270275E-004  0.136898041508114     
  2.592649912085169E-004  0.145277432023649     
  2.507532702357200E-004  0.154078102941110     
  2.423697321359969E-004  0.163309985373067     
  2.341133224879562E-004  0.172981845232068     
  2.259833893531793E-004  0.183101100734951     
  2.179796882449122E-004  0.193673635225384     
  2.101023838459077E-004  0.204703607908240     
  2.023520479910883E-004  0.216193265527780     
  1.947296534494127E-004  0.228142758441534     
  1.872365630752731E-004  0.240549964923825     
  1.798745139548905E-004  0.253410327855055     
  1.726455962482552E-004  0.266716708192623     
  1.655522265228778E-004  0.280459259752813     
  1.585971154910269E-004  0.294625329838530     
  1.517832301956863E-004  0.309199390105405     
  1.451137508392237E-004  0.324163001753250     
  1.385920226084976E-004  0.339494818651938     
  1.322215030155949E-004  0.355170631358442     
  1.260057054382325E-004  0.371163454161988     
  1.199481397009105E-004  0.387443656323692     
  1.140522506797426E-004  0.403979137581877     
  1.083213560328792E-004  0.420735546810423     
  1.027585842475804E-004  0.437676541488939     
  9.736681424824893E-005  0.454764084420116     
  9.214861782234814E-005  0.471958772965488     
  8.710620609058271E-005  0.489220195019147     
  8.224138117308848E-005  0.506507305051600     
  7.755549408671501E-005  0.523778812876419     
  7.304940975347858E-005  0.540993577356212     
  6.872347981331911E-005  0.558110997093798     
  6.457752372308057E-005  0.575091390258757     
  6.061081839743743E-005  0.591896356073057     
  5.682209641619739E-005  0.608489111102535     
  5.320955259584036E-005  0.624834794342109     
  4.977085851088800E-005  0.640900736098583     
  4.650318436087281E-005  0.656656686816878     
  4.340322741813941E-005  0.672075003209469     
  4.046724616533697E-005  0.687130790280845     
  3.769109914207259E-005  0.701801999037757     
  3.507028746864659E-005  0.716069480796263     
  3.260000000000000E-005  0.729917000000000     
