    1.000000E+00    1.000000E+00    1.000000E+00    1.000000E+00    1.000000E+00    1.000000E+00
    1.002078E+00    1.002078E+00    1.002078E+00    1.002078E+00    1.002078E+00    1.002078E+00
    1.003931E+00    1.003931E+00    1.003931E+00    1.003931E+00    1.003931E+00    1.003931E+00
    1.005582E+00    1.005582E+00    1.005582E+00    1.005582E+00    1.005582E+00    1.005582E+00
    1.007054E+00    1.007054E+00    1.007054E+00    1.007054E+00    1.007054E+00    1.007054E+00
    1.008365E+00    1.008365E+00    1.008365E+00    1.008365E+00    1.008365E+00    1.008365E+00
    1.009535E+00    1.009535E+00    1.009535E+00    1.009535E+00    1.009535E+00    1.009535E+00
    1.010577E+00    1.010577E+00    1.010577E+00    1.010577E+00    1.010577E+00    1.010577E+00
    1.011506E+00    1.011506E+00    1.011506E+00    1.011506E+00    1.011506E+00    1.011506E+00
    1.012334E+00    1.012334E+00    1.012334E+00    1.012334E+00    1.012334E+00    1.012334E+00
    1.013072E+00    1.013072E+00    1.013072E+00    1.013072E+00    1.013072E+00    1.013072E+00
    1.013730E+00    1.013730E+00    1.013730E+00    1.013730E+00    1.013730E+00    1.013730E+00
    1.014317E+00    1.014317E+00    1.014317E+00    1.014317E+00    1.014316E+00    1.014316E+00
    1.014839E+00    1.014839E+00    1.014839E+00    1.014839E+00    1.014839E+00    1.014839E+00
    1.015305E+00    1.015305E+00    1.015305E+00    1.015305E+00    1.015305E+00    1.015305E+00
    1.015720E+00    1.015720E+00    1.015720E+00    1.015720E+00    1.015720E+00    1.015720E+00
    1.016090E+00    1.016090E+00    1.016090E+00    1.016090E+00    1.016090E+00    1.016090E+00
    1.016420E+00    1.016420E+00    1.016420E+00    1.016420E+00    1.016420E+00    1.016420E+00
    1.016714E+00    1.016714E+00    1.016714E+00    1.016714E+00    1.016714E+00    1.016714E+00
    1.016976E+00    1.016976E+00    1.016976E+00    1.016976E+00    1.016976E+00    1.016976E+00
    1.017210E+00    1.017210E+00    1.017210E+00    1.017210E+00    1.017209E+00    1.017209E+00
    1.017418E+00    1.017418E+00    1.017418E+00    1.017418E+00    1.017418E+00    1.017417E+00
    1.017603E+00    1.017603E+00    1.017603E+00    1.017603E+00    1.017603E+00    1.017603E+00
    1.017768E+00    1.017768E+00    1.017768E+00    1.017768E+00    1.017768E+00    1.017768E+00
    1.017916E+00    1.017916E+00    1.017916E+00    1.017916E+00    1.017916E+00    1.017915E+00
    1.018047E+00    1.018047E+00    1.018047E+00    1.018047E+00    1.018047E+00    1.018046E+00
    1.018164E+00    1.018164E+00    1.018164E+00    1.018164E+00    1.018164E+00    1.018163E+00
    1.018268E+00    1.018268E+00    1.018268E+00    1.018268E+00    1.018268E+00    1.018267E+00
    1.018361E+00    1.018361E+00    1.018361E+00    1.018361E+00    1.018361E+00    1.018360E+00
    1.018443E+00    1.018443E+00    1.018443E+00    1.018443E+00    1.018443E+00    1.018443E+00
    1.018517E+00    1.018517E+00    1.018517E+00    1.018517E+00    1.018517E+00    1.018517E+00
    1.018583E+00    1.018583E+00    1.018583E+00    1.018582E+00    1.018582E+00    1.018582E+00
    1.018641E+00    1.018641E+00    1.018641E+00    1.018641E+00    1.018641E+00    1.018640E+00
    1.018693E+00    1.018693E+00    1.018693E+00    1.018693E+00    1.018693E+00    1.018692E+00
    1.018739E+00    1.018739E+00    1.018739E+00    1.018739E+00    1.018739E+00    1.018739E+00
    1.018780E+00    1.018780E+00    1.018780E+00    1.018780E+00    1.018780E+00    1.018780E+00
    1.018817E+00    1.018817E+00    1.018817E+00    1.018817E+00    1.018817E+00    1.018816E+00
    1.018850E+00    1.018850E+00    1.018850E+00    1.018850E+00    1.018850E+00    1.018849E+00
    1.018879E+00    1.018879E+00    1.018879E+00    1.018879E+00    1.018878E+00    1.018878E+00
    1.018904E+00    1.018904E+00    1.018904E+00    1.018904E+00    1.018904E+00    1.018904E+00
    1.018927E+00    1.018927E+00    1.018927E+00    1.018927E+00    1.018927E+00    1.018926E+00
    1.018948E+00    1.018948E+00    1.018948E+00    1.018948E+00    1.018947E+00    1.018947E+00
    1.018966E+00    1.018966E+00    1.018966E+00    1.018966E+00    1.018965E+00    1.018965E+00
    1.018982E+00    1.018982E+00    1.018982E+00    1.018982E+00    1.018981E+00    1.018981E+00
    1.018996E+00    1.018996E+00    1.018996E+00    1.018996E+00    1.018996E+00    1.018995E+00
    1.019008E+00    1.019008E+00    1.019008E+00    1.019008E+00    1.019008E+00    1.019007E+00
    1.019019E+00    1.019019E+00    1.019019E+00    1.019019E+00    1.019019E+00    1.019018E+00
    1.019029E+00    1.019029E+00    1.019029E+00    1.019029E+00    1.019029E+00    1.019028E+00
    1.019038E+00    1.019038E+00    1.019038E+00    1.019038E+00    1.019037E+00    1.019036E+00
    1.019045E+00    1.019045E+00    1.019045E+00    1.019045E+00    1.019045E+00    1.019044E+00
    1.019052E+00    1.019052E+00    1.019052E+00    1.019052E+00    1.019052E+00    1.019050E+00
    1.019058E+00    1.019058E+00    1.019058E+00    1.019058E+00    1.019057E+00    1.019056E+00
    1.019063E+00    1.019063E+00    1.019063E+00    1.019063E+00    1.019062E+00    1.019061E+00
    1.019067E+00    1.019067E+00    1.019067E+00    1.019067E+00    1.019067E+00    1.019065E+00
    1.019071E+00    1.019071E+00    1.019071E+00    1.019071E+00    1.019071E+00    1.019069E+00
    1.019074E+00    1.019074E+00    1.019074E+00    1.019074E+00    1.019074E+00    1.019072E+00
    1.019077E+00    1.019077E+00    1.019077E+00    1.019077E+00    1.019076E+00    1.019074E+00
    1.019079E+00    1.019079E+00    1.019079E+00    1.019079E+00    1.019079E+00    1.019076E+00
    1.019081E+00    1.019081E+00    1.019081E+00    1.019081E+00    1.019081E+00    1.019078E+00
    1.019082E+00    1.019082E+00    1.019082E+00    1.019082E+00    1.019082E+00    1.019079E+00
    1.019084E+00    1.019084E+00    1.019084E+00    1.019084E+00    1.019083E+00    1.019080E+00
    1.019085E+00    1.019085E+00    1.019084E+00    1.019084E+00    1.019084E+00    1.019081E+00
    1.019085E+00    1.019085E+00    1.019085E+00    1.019085E+00    1.019085E+00    1.019081E+00
    1.019085E+00    1.019085E+00    1.019085E+00    1.019085E+00    1.019085E+00    1.019081E+00
    1.019086E+00    1.019086E+00    1.019086E+00    1.019086E+00    1.019085E+00    1.019081E+00
    1.019086E+00    1.019086E+00    1.019086E+00    1.019085E+00    1.019085E+00    1.019081E+00
    1.019085E+00    1.019085E+00    1.019085E+00    1.019085E+00    1.019085E+00    1.019080E+00
    1.019085E+00    1.019085E+00    1.019085E+00    1.019085E+00    1.019084E+00    1.019079E+00
    1.019084E+00    1.019084E+00    1.019084E+00    1.019084E+00    1.019084E+00    1.019078E+00
    1.019083E+00    1.019083E+00    1.019083E+00    1.019083E+00    1.019083E+00    1.019077E+00
    1.019083E+00    1.019083E+00    1.019083E+00    1.019082E+00    1.019082E+00    1.019076E+00
    1.019081E+00    1.019081E+00    1.019081E+00    1.019081E+00    1.019081E+00    1.019074E+00
    1.019080E+00    1.019080E+00    1.019080E+00    1.019080E+00    1.019079E+00    1.019073E+00
    1.019079E+00    1.019079E+00    1.019079E+00    1.019079E+00    1.019078E+00    1.019071E+00
    1.019077E+00    1.019077E+00    1.019077E+00    1.019077E+00    1.019076E+00    1.019069E+00
    1.019076E+00    1.019076E+00    1.019076E+00    1.019076E+00    1.019075E+00    1.019066E+00
    1.019074E+00    1.019074E+00    1.019074E+00    1.019074E+00    1.019073E+00    1.019064E+00
    1.019072E+00    1.019072E+00    1.019072E+00    1.019072E+00    1.019071E+00    1.019061E+00
    1.019070E+00    1.019070E+00    1.019070E+00    1.019070E+00    1.019069E+00    1.019058E+00
    1.019068E+00    1.019068E+00    1.019068E+00    1.019068E+00    1.019067E+00    1.019055E+00
    1.019066E+00    1.019066E+00    1.019066E+00    1.019066E+00    1.019064E+00    1.019052E+00
    1.019064E+00    1.019064E+00    1.019064E+00    1.019064E+00    1.019062E+00    1.019049E+00
    1.019062E+00    1.019062E+00    1.019062E+00    1.019061E+00    1.019059E+00    1.019045E+00
    1.019059E+00    1.019059E+00    1.019059E+00    1.019059E+00    1.019057E+00    1.019042E+00
    1.019056E+00    1.019056E+00    1.019056E+00    1.019056E+00    1.019054E+00    1.019038E+00
    1.019054E+00    1.019054E+00    1.019054E+00    1.019053E+00    1.019051E+00    1.019034E+00
    1.019051E+00    1.019051E+00    1.019051E+00    1.019050E+00    1.019048E+00    1.019029E+00
    1.019048E+00    1.019048E+00    1.019048E+00    1.019047E+00    1.019045E+00    1.019025E+00
    1.019045E+00    1.019045E+00    1.019045E+00    1.019044E+00    1.019041E+00    1.019020E+00
    1.019041E+00    1.019041E+00    1.019041E+00    1.019041E+00    1.019038E+00    1.019014E+00
    1.019038E+00    1.019038E+00    1.019038E+00    1.019037E+00    1.019034E+00    1.019009E+00
    1.019034E+00    1.019034E+00    1.019034E+00    1.019034E+00    1.019030E+00    1.019003E+00
    1.019031E+00    1.019031E+00    1.019031E+00    1.019030E+00    1.019026E+00    1.018997E+00
    1.019027E+00    1.019027E+00    1.019027E+00    1.019026E+00    1.019022E+00    1.018991E+00
    1.019023E+00    1.019023E+00    1.019023E+00    1.019022E+00    1.019018E+00    1.018984E+00
    1.019019E+00    1.019019E+00    1.019019E+00    1.019018E+00    1.019013E+00    1.018977E+00
    1.019014E+00    1.019014E+00    1.019014E+00    1.019013E+00    1.019009E+00    1.018970E+00
    1.019010E+00    1.019010E+00    1.019010E+00    1.019009E+00    1.019004E+00    1.018962E+00
    1.019005E+00    1.019005E+00    1.019005E+00    1.019004E+00    1.018999E+00    1.018954E+00
    1.019000E+00    1.019000E+00    1.019000E+00    1.018999E+00    1.018993E+00    1.018945E+00
    1.018995E+00    1.018995E+00    1.018995E+00    1.018994E+00    1.018988E+00    1.018936E+00
    1.018990E+00    1.018990E+00    1.018990E+00    1.018989E+00    1.018982E+00    1.018926E+00
    1.018985E+00    1.018985E+00    1.018985E+00    1.018983E+00    1.018976E+00    1.018916E+00
    1.018979E+00    1.018979E+00    1.018979E+00    1.018977E+00    1.018970E+00    1.018905E+00
    1.018973E+00    1.018973E+00    1.018973E+00    1.018971E+00    1.018963E+00    1.018893E+00
    1.018967E+00    1.018967E+00    1.018967E+00    1.018965E+00    1.018956E+00    1.018881E+00
    1.018961E+00    1.018961E+00    1.018961E+00    1.018959E+00    1.018949E+00    1.018868E+00
    1.018955E+00    1.018955E+00    1.018955E+00    1.018952E+00    1.018942E+00    1.018855E+00
    1.018948E+00    1.018948E+00    1.018948E+00    1.018945E+00    1.018934E+00    1.018840E+00
    1.018941E+00    1.018941E+00    1.018941E+00    1.018938E+00    1.018926E+00    1.018825E+00
    1.018934E+00    1.018934E+00    1.018934E+00    1.018931E+00    1.018918E+00    1.018809E+00
    1.018926E+00    1.018926E+00    1.018926E+00    1.018923E+00    1.018909E+00    1.018792E+00
    1.018918E+00    1.018918E+00    1.018918E+00    1.018915E+00    1.018900E+00    1.018774E+00
    1.018910E+00    1.018910E+00    1.018910E+00    1.018906E+00    1.018891E+00    1.018755E+00
    1.018902E+00    1.018902E+00    1.018902E+00    1.018898E+00    1.018881E+00    1.018735E+00
    1.018893E+00    1.018893E+00    1.018893E+00    1.018889E+00    1.018870E+00    1.018713E+00
    1.018884E+00    1.018884E+00    1.018884E+00    1.018879E+00    1.018860E+00    1.018690E+00
    1.018875E+00    1.018875E+00    1.018875E+00    1.018870E+00    1.018848E+00    1.018666E+00
    1.018865E+00    1.018865E+00    1.018865E+00    1.018859E+00    1.018837E+00    1.018641E+00
    1.018855E+00    1.018855E+00    1.018855E+00    1.018849E+00    1.018824E+00    1.018614E+00
    1.018844E+00    1.018844E+00    1.018844E+00    1.018838E+00    1.018812E+00    1.018585E+00
    1.018833E+00    1.018833E+00    1.018833E+00    1.018827E+00    1.018798E+00    1.018554E+00
    1.018822E+00    1.018822E+00    1.018822E+00    1.018815E+00    1.018784E+00    1.018522E+00
    1.018810E+00    1.018810E+00    1.018810E+00    1.018803E+00    1.018770E+00    1.018487E+00
    1.018798E+00    1.018798E+00    1.018798E+00    1.018790E+00    1.018754E+00    1.018450E+00
    1.018786E+00    1.018786E+00    1.018786E+00    1.018777E+00    1.018738E+00    1.018411E+00
    1.018773E+00    1.018773E+00    1.018773E+00    1.018763E+00    1.018722E+00    1.018370E+00
    1.018759E+00    1.018759E+00    1.018759E+00    1.018749E+00    1.018704E+00    1.018325E+00
    1.018745E+00    1.018745E+00    1.018745E+00    1.018734E+00    1.018686E+00    1.018278E+00
    1.018731E+00    1.018731E+00    1.018731E+00    1.018718E+00    1.018667E+00    1.018228E+00
    1.018715E+00    1.018715E+00    1.018715E+00    1.018702E+00    1.018647E+00    1.018175E+00
    1.018700E+00    1.018700E+00    1.018700E+00    1.018686E+00    1.018626E+00    1.018118E+00
    1.018684E+00    1.018684E+00    1.018683E+00    1.018668E+00    1.018604E+00    1.018057E+00
    1.018667E+00    1.018667E+00    1.018667E+00    1.018650E+00    1.018582E+00    1.017993E+00
    1.018649E+00    1.018649E+00    1.018649E+00    1.018632E+00    1.018558E+00    1.017924E+00
    1.018631E+00    1.018631E+00    1.018631E+00    1.018612E+00    1.018533E+00    1.017851E+00
    1.018612E+00    1.018612E+00    1.018612E+00    1.018592E+00    1.018506E+00    1.017773E+00
    1.018593E+00    1.018593E+00    1.018593E+00    1.018571E+00    1.018479E+00    1.017689E+00
    1.018573E+00    1.018573E+00    1.018572E+00    1.018549E+00    1.018450E+00    1.017600E+00
    1.018552E+00    1.018552E+00    1.018551E+00    1.018526E+00    1.018419E+00    1.017505E+00
    1.018530E+00    1.018530E+00    1.018530E+00    1.018503E+00    1.018388E+00    1.017404E+00
    1.018507E+00    1.018507E+00    1.018507E+00    1.018478E+00    1.018354E+00    1.017296E+00
    1.018484E+00    1.018484E+00    1.018484E+00    1.018452E+00    1.018319E+00    1.017180E+00
    1.018460E+00    1.018460E+00    1.018459E+00    1.018426E+00    1.018283E+00    1.017057E+00
    1.018434E+00    1.018434E+00    1.018434E+00    1.018398E+00    1.018244E+00    1.016925E+00
    1.018408E+00    1.018408E+00    1.018408E+00    1.018369E+00    1.018203E+00    1.016785E+00
    1.018381E+00    1.018381E+00    1.018381E+00    1.018339E+00    1.018161E+00    1.016634E+00
    1.018353E+00    1.018353E+00    1.018353E+00    1.018308E+00    1.018116E+00    1.016474E+00
    1.018324E+00    1.018324E+00    1.018324E+00    1.018275E+00    1.018069E+00    1.016302E+00
    1.018294E+00    1.018294E+00    1.018294E+00    1.018242E+00    1.018019E+00    1.016118E+00
    1.018263E+00    1.018263E+00    1.018263E+00    1.018206E+00    1.017967E+00    1.015922E+00
    1.018230E+00    1.018230E+00    1.018230E+00    1.018170E+00    1.017912E+00    1.015712E+00
    1.018197E+00    1.018197E+00    1.018197E+00    1.018131E+00    1.017855E+00    1.015487E+00
    1.018162E+00    1.018162E+00    1.018162E+00    1.018092E+00    1.017794E+00    1.015247E+00
    1.018126E+00    1.018126E+00    1.018126E+00    1.018050E+00    1.017730E+00    1.014990E+00
    1.018088E+00    1.018088E+00    1.018088E+00    1.018007E+00    1.017662E+00    1.014715E+00
    1.018049E+00    1.018049E+00    1.018049E+00    1.017962E+00    1.017591E+00    1.014420E+00
    1.018009E+00    1.018009E+00    1.018009E+00    1.017915E+00    1.017516E+00    1.014105E+00
    1.017968E+00    1.017968E+00    1.017967E+00    1.017866E+00    1.017437E+00    1.013768E+00
    1.017924E+00    1.017924E+00    1.017924E+00    1.017815E+00    1.017354E+00    1.013407E+00
    1.017880E+00    1.017879E+00    1.017879E+00    1.017762E+00    1.017266E+00    1.013021E+00
    1.017833E+00    1.017833E+00    1.017833E+00    1.017707E+00    1.017173E+00    1.012607E+00
    1.017785E+00    1.017785E+00    1.017785E+00    1.017649E+00    1.017075E+00    1.012164E+00
    1.017735E+00    1.017735E+00    1.017735E+00    1.017589E+00    1.016972E+00    1.011690E+00
    1.017683E+00    1.017683E+00    1.017683E+00    1.017526E+00    1.016862E+00    1.011182E+00
    1.017630E+00    1.017630E+00    1.017629E+00    1.017461E+00    1.016747E+00    1.010638E+00
    1.017574E+00    1.017574E+00    1.017574E+00    1.017393E+00    1.016624E+00    1.010055E+00
    1.017517E+00    1.017517E+00    1.017516E+00    1.017322E+00    1.016495E+00    1.009431E+00
    1.017457E+00    1.017457E+00    1.017456E+00    1.017247E+00    1.016358E+00    1.008762E+00
    1.017395E+00    1.017395E+00    1.017395E+00    1.017170E+00    1.016214E+00    1.008046E+00
    1.017331E+00    1.017331E+00    1.017331E+00    1.017089E+00    1.016061E+00    1.007279E+00
    1.017265E+00    1.017265E+00    1.017264E+00    1.017004E+00    1.015899E+00    1.006457E+00
    1.017196E+00    1.017196E+00    1.017196E+00    1.016916E+00    1.015728E+00    1.005577E+00
    1.017125E+00    1.017125E+00    1.017124E+00    1.016823E+00    1.015546E+00    1.004634E+00
    1.017052E+00    1.017052E+00    1.017051E+00    1.016727E+00    1.015354E+00    1.003623E+00
    1.016975E+00    1.016975E+00    1.016974E+00    1.016626E+00    1.015150E+00    1.002540E+00
    1.016896E+00    1.016896E+00    1.016895E+00    1.016521E+00    1.014934E+00    1.001381E+00
    1.016814E+00    1.016814E+00    1.016813E+00    1.016411E+00    1.014705E+00    1.000138E+00
    1.016730E+00    1.016730E+00    1.016728E+00    1.016296E+00    1.014462E+00    9.988073E-01
    1.016642E+00    1.016642E+00    1.016640E+00    1.016176E+00    1.014204E+00    9.973815E-01
    1.016551E+00    1.016551E+00    1.016549E+00    1.016050E+00    1.013931E+00    9.958542E-01
    1.016457E+00    1.016457E+00    1.016455E+00    1.015919E+00    1.013641E+00    9.942183E-01
    1.016359E+00    1.016359E+00    1.016358E+00    1.015781E+00    1.013333E+00    9.924661E-01
    1.016259E+00    1.016259E+00    1.016257E+00    1.015637E+00    1.013006E+00    9.905895E-01
    1.016154E+00    1.016154E+00    1.016152E+00    1.015486E+00    1.012659E+00    9.885797E-01
    1.016046E+00    1.016046E+00    1.016044E+00    1.015328E+00    1.012291E+00    9.864277E-01
    1.015934E+00    1.015934E+00    1.015932E+00    1.015163E+00    1.011900E+00    9.841234E-01
    1.015819E+00    1.015819E+00    1.015816E+00    1.014990E+00    1.011484E+00    9.816564E-01
    1.015699E+00    1.015699E+00    1.015696E+00    1.014809E+00    1.011043E+00    9.790155E-01
    1.015575E+00    1.015575E+00    1.015572E+00    1.014619E+00    1.010573E+00    9.761889E-01
    1.015447E+00    1.015447E+00    1.015444E+00    1.014420E+00    1.010075E+00    9.731639E-01
    1.015315E+00    1.015315E+00    1.015311E+00    1.014211E+00    1.009544E+00    9.699271E-01
    1.015178E+00    1.015177E+00    1.015174E+00    1.013993E+00    1.008981E+00    9.664643E-01
    1.015036E+00    1.015036E+00    1.015032E+00    1.013763E+00    1.008382E+00    9.627603E-01
    1.014889E+00    1.014889E+00    1.014885E+00    1.013523E+00    1.007745E+00    9.587994E-01
    1.014738E+00    1.014738E+00    1.014734E+00    1.013271E+00    1.007067E+00    9.545644E-01
    1.014581E+00    1.014581E+00    1.014577E+00    1.013006E+00    1.006347E+00    9.500377E-01
    1.014419E+00    1.014419E+00    1.014414E+00    1.012728E+00    1.005580E+00    9.452004E-01
    1.014252E+00    1.014252E+00    1.014247E+00    1.012437E+00    1.004765E+00    9.400327E-01
    1.014079E+00    1.014079E+00    1.014073E+00    1.012131E+00    1.003898E+00    9.345137E-01
    1.013900E+00    1.013900E+00    1.013894E+00    1.011810E+00    1.002976E+00    9.286216E-01
    1.013716E+00    1.013716E+00    1.013709E+00    1.011473E+00    1.001994E+00    9.223335E-01
    1.013525E+00    1.013525E+00    1.013518E+00    1.011118E+00    1.000951E+00    9.156253E-01
    1.013328E+00    1.013328E+00    1.013321E+00    1.010746E+00    9.998402E-01    9.084722E-01
    1.013125E+00    1.013125E+00    1.013117E+00    1.010355E+00    9.986588E-01    9.008482E-01
    1.012915E+00    1.012915E+00    1.012907E+00    1.009945E+00    9.974022E-01    8.927263E-01
    1.012699E+00    1.012698E+00    1.012689E+00    1.009513E+00    9.960653E-01    8.840789E-01
    1.012475E+00    1.012475E+00    1.012465E+00    1.009059E+00    9.946433E-01    8.748774E-01
    1.012244E+00    1.012244E+00    1.012234E+00    1.008582E+00    9.931307E-01    8.650926E-01
    1.012007E+00    1.012006E+00    1.011995E+00    1.008081E+00    9.915219E-01    8.546947E-01
    1.011761E+00    1.011761E+00    1.011749E+00    1.007553E+00    9.898109E-01    8.436536E-01
    1.011508E+00    1.011507E+00    1.011495E+00    1.006999E+00    9.879914E-01    8.319393E-01
    1.011247E+00    1.011246E+00    1.011233E+00    1.006416E+00    9.860567E-01    8.195217E-01
    1.010978E+00    1.010977E+00    1.010963E+00    1.005802E+00    9.839998E-01    8.063712E-01
    1.010701E+00    1.010700E+00    1.010684E+00    1.005157E+00    9.818133E-01    7.924591E-01
    1.010415E+00    1.010414E+00    1.010398E+00    1.004478E+00    9.794893E-01    7.777578E-01
    1.010121E+00    1.010120E+00    1.010102E+00    1.003764E+00    9.770197E-01    7.622417E-01
    1.009817E+00    1.009817E+00    1.009798E+00    1.003012E+00    9.743958E-01    7.458874E-01
    1.009505E+00    1.009504E+00    1.009484E+00    1.002222E+00    9.716086E-01    7.286743E-01
    1.009184E+00    1.009183E+00    1.009162E+00    1.001390E+00    9.686485E-01    7.105856E-01
    1.008854E+00    1.008853E+00    1.008829E+00    1.000514E+00    9.655056E-01    6.916088E-01
    1.008513E+00    1.008512E+00    1.008487E+00    9.995928E-01    9.621696E-01    6.717367E-01
    1.008164E+00    1.008162E+00    1.008136E+00    9.986233E-01    9.586295E-01    6.509684E-01
    1.007804E+00    1.007803E+00    1.007774E+00    9.976032E-01    9.548739E-01    6.293099E-01
    1.007434E+00    1.007433E+00    1.007402E+00    9.965297E-01    9.508912E-01    6.067758E-01
    1.007054E+00    1.007053E+00    1.007020E+00    9.954001E-01    9.466690E-01    5.833896E-01
    1.006664E+00    1.006662E+00    1.006627E+00    9.942116E-01    9.421946E-01    5.591855E-01
    1.006263E+00    1.006261E+00    1.006224E+00    9.929612E-01    9.374549E-01    5.342092E-01
    1.005851E+00    1.005849E+00    1.005810E+00    9.916457E-01    9.324362E-01    5.085190E-01
    1.005428E+00    1.005426E+00    1.005384E+00    9.902619E-01    9.271245E-01    4.821869E-01
    1.004995E+00    1.004993E+00    1.004948E+00    9.888064E-01    9.215056E-01    4.552995E-01
    1.004550E+00    1.004548E+00    1.004500E+00    9.872756E-01    9.155647E-01    4.279591E-01
    1.004094E+00    1.004092E+00    1.004040E+00    9.856660E-01    9.092867E-01    4.002837E-01
    1.003627E+00    1.003624E+00    1.003570E+00    9.839736E-01    9.026565E-01    3.724080E-01
    1.003148E+00    1.003145E+00    1.003087E+00    9.821945E-01    8.956587E-01    3.444833E-01
    1.002658E+00    1.002655E+00    1.002593E+00    9.803247E-01    8.882778E-01    3.166771E-01
    1.002156E+00    1.002153E+00    1.002086E+00    9.783600E-01    8.804982E-01    2.891721E-01
    1.001642E+00    1.001639E+00    1.001568E+00    9.762958E-01    8.723046E-01    2.621654E-01
    1.001116E+00    1.001113E+00    1.001037E+00    9.741279E-01    8.636819E-01    2.358664E-01
    1.000579E+00    1.000575E+00    1.000495E+00    9.718514E-01    8.546152E-01    2.104940E-01
    1.000029E+00    1.000025E+00    9.999399E-01    9.694616E-01    8.450902E-01    1.862738E-01
    9.994679E-01    9.994638E-01    9.993729E-01    9.669537E-01    8.350934E-01    1.634336E-01
    9.988946E-01    9.988903E-01    9.987936E-01    9.643226E-01    8.246120E-01    1.421986E-01
    9.983094E-01    9.983048E-01    9.982020E-01    9.615631E-01    8.136344E-01    1.227863E-01
    9.977123E-01    9.977074E-01    9.975981E-01    9.586701E-01    8.021505E-01    1.053994E-01
    9.971034E-01    9.970982E-01    9.969820E-01    9.556381E-01    7.901514E-01    9.021931E-02
    9.964826E-01    9.964771E-01    9.963536E-01    9.524619E-01    7.776304E-01    7.739837E-02
    9.958500E-01    9.958442E-01    9.957131E-01    9.491358E-01    7.645829E-01    6.705226E-02
    9.952058E-01    9.951996E-01    9.950605E-01    9.456543E-01    7.510067E-01    5.925213E-02
    9.945501E-01    9.945435E-01    9.943959E-01    9.420118E-01    7.369024E-01    5.401725E-02
    9.938829E-01    9.938759E-01    9.937194E-01    9.382027E-01    7.222738E-01    5.130835E-02
    9.932044E-01    9.931970E-01    9.930310E-01    9.342214E-01    7.071284E-01    5.102239E-02
    9.925149E-01    9.925070E-01    9.923311E-01    9.300622E-01    6.914773E-01    5.298909E-02
    9.918143E-01    9.918060E-01    9.916196E-01    9.257197E-01    6.753360E-01    5.696986E-02
    9.911031E-01    9.910943E-01    9.908969E-01    9.211883E-01    6.587246E-01    6.265981E-02
    9.903813E-01    9.903720E-01    9.901631E-01    9.164626E-01    6.416680E-01    6.969315E-02
    9.896493E-01    9.896394E-01    9.894184E-01    9.115375E-01    6.241967E-01    7.765254E-02
    9.889072E-01    9.888968E-01    9.886630E-01    9.064078E-01    6.063463E-01    8.608250E-02
    9.881554E-01    9.881444E-01    9.878973E-01    9.010686E-01    5.881587E-01    9.450689E-02
    9.873942E-01    9.873825E-01    9.871214E-01    8.955154E-01    5.696814E-01    1.024501E-01
    9.866238E-01    9.866115E-01    9.863357E-01    8.897439E-01    5.509681E-01    1.094611E-01
    9.858447E-01    9.858317E-01    9.855405E-01    8.837501E-01    5.320787E-01    1.151397E-01
    9.850571E-01    9.850434E-01    9.847362E-01    8.775303E-01    5.130793E-01    1.191623E-01
    9.842614E-01    9.842470E-01    9.839230E-01    8.710816E-01    4.940418E-01    1.213063E-01
    9.834581E-01    9.834428E-01    9.831013E-01    8.644013E-01    4.750438E-01    1.214706E-01
    9.826475E-01    9.826314E-01    9.822715E-01    8.574873E-01    4.561681E-01    1.196891E-01
    9.818301E-01    9.818131E-01    9.814341E-01    8.503382E-01    4.375022E-01    1.161354E-01
    9.810062E-01    9.809884E-01    9.805894E-01    8.429533E-01    4.191376E-01    1.111167E-01
    9.801764E-01    9.801576E-01    9.797378E-01    8.353325E-01    4.011688E-01    1.050557E-01
    9.793410E-01    9.793213E-01    9.788798E-01    8.274769E-01    3.836925E-01    9.845934E-02
    9.785006E-01    9.784799E-01    9.780159E-01    8.193880E-01    3.668062E-01    9.187720E-02
    9.776557E-01    9.776339E-01    9.771465E-01    8.110686E-01    3.506067E-01    8.585074E-02
    9.768067E-01    9.767838E-01    9.762720E-01    8.025225E-01    3.351891E-01    8.085880E-02
    9.759541E-01    9.759301E-01    9.753930E-01    7.937544E-01    3.206444E-01    7.726460E-02
    9.750985E-01    9.750733E-01    9.745099E-01    7.847703E-01    3.070584E-01    7.527145E-02
    9.742404E-01    9.742140E-01    9.736233E-01    7.755775E-01    2.945094E-01    7.489382E-02
    9.733802E-01    9.733526E-01    9.727337E-01    7.661845E-01    2.830665E-01    7.595005E-02
    9.725186E-01    9.724897E-01    9.718415E-01    7.566011E-01    2.727875E-01    7.808069E-02
    9.716561E-01    9.716257E-01    9.709473E-01    7.468385E-01    2.637170E-01    8.079310E-02
    9.707931E-01    9.707614E-01    9.700516E-01    7.369094E-01    2.558849E-01    8.352908E-02
    9.699302E-01    9.698970E-01    9.691549E-01    7.268279E-01    2.493045E-01    8.574742E-02
    9.690680E-01    9.690333E-01    9.682578E-01    7.166096E-01    2.439710E-01    8.700943E-02
    9.682069E-01    9.681707E-01    9.673607E-01    7.062715E-01    2.398608E-01    8.705284E-02
    9.673476E-01    9.673098E-01    9.664642E-01    6.958322E-01    2.369305E-01    8.583925E-02
    9.664904E-01    9.664510E-01    9.655687E-01    6.853117E-01    2.351167E-01    8.356310E-02
    9.656360E-01    9.655949E-01    9.646749E-01    6.747314E-01    2.343363E-01    8.061612E-02
    9.647849E-01    9.647420E-01    9.637831E-01    6.641140E-01    2.344878E-01    7.751033E-02
    9.639375E-01    9.638928E-01    9.628940E-01    6.534837E-01    2.354520E-01    7.477176E-02
    9.630943E-01    9.630478E-01    9.620079E-01    6.428657E-01    2.370950E-01    7.282633E-02
    9.622558E-01    9.622075E-01    9.611254E-01    6.322862E-01    2.392704E-01    7.190385E-02
    9.614225E-01    9.613722E-01    9.602469E-01    6.217727E-01    2.418232E-01    7.198524E-02
    9.605949E-01    9.605426E-01    9.593730E-01    6.113530E-01    2.445935E-01    7.280994E-02
    9.597733E-01    9.597190E-01    9.585039E-01    6.010560E-01    2.474215E-01    7.394645E-02
    9.589583E-01    9.589019E-01    9.576403E-01    5.909106E-01    2.501519E-01    7.490961E-02
    9.581502E-01    9.580917E-01    9.567825E-01    5.809461E-01    2.526389E-01    7.529622E-02
    9.573495E-01    9.572888E-01    9.559309E-01    5.711917E-01    2.547519E-01    7.490123E-02
    9.565564E-01    9.564935E-01    9.550859E-01    5.616762E-01    2.563794E-01    7.377387E-02
    9.557715E-01    9.557064E-01    9.542480E-01    5.524279E-01    2.574340E-01    7.219380E-02
    9.549951E-01    9.549276E-01    9.534174E-01    5.434743E-01    2.578555E-01    7.057114E-02
    9.542269E-01    9.541571E-01    9.525941E-01    5.348417E-01    2.576138E-01    6.930202E-02
    9.541260E-01    9.540558E-01    9.524858E-01    5.337252E-01    2.575319E-01    6.917611E-02
    9.540252E-01    9.539547E-01    9.523777E-01    5.326149E-01    2.574383E-01    6.906128E-02
    9.539246E-01    9.538538E-01    9.522697E-01    5.315108E-01    2.573332E-01    6.895772E-02
    9.538242E-01    9.537531E-01    9.521618E-01    5.304128E-01    2.572166E-01    6.886555E-02
    9.537239E-01    9.536525E-01    9.520541E-01    5.293211E-01    2.570885E-01    6.878480E-02
    9.536238E-01    9.535521E-01    9.519466E-01    5.282357E-01    2.569492E-01    6.871545E-02
    9.535239E-01    9.534518E-01    9.518392E-01    5.271567E-01    2.567986E-01    6.865738E-02
    9.534242E-01    9.533518E-01    9.517319E-01    5.260841E-01    2.566368E-01    6.861038E-02
    9.533246E-01    9.532519E-01    9.516248E-01    5.250180E-01    2.564640E-01    6.857420E-02
    9.532252E-01    9.531522E-01    9.515179E-01    5.239584E-01    2.562803E-01    6.854850E-02
    9.531260E-01    9.530527E-01    9.514112E-01    5.229053E-01    2.560859E-01    6.853285E-02
    9.530270E-01    9.529533E-01    9.513046E-01    5.218589E-01    2.558807E-01    6.852680E-02
    9.529282E-01    9.528542E-01    9.511982E-01    5.208191E-01    2.556651E-01    6.852980E-02
    9.528295E-01    9.527552E-01    9.510919E-01    5.197860E-01    2.554391E-01    6.854124E-02
    9.527311E-01    9.526564E-01    9.509859E-01    5.187597E-01    2.552029E-01    6.856050E-02
    9.526329E-01    9.525579E-01    9.508800E-01    5.177402E-01    2.549566E-01    6.858685E-02
    9.525348E-01    9.524595E-01    9.507743E-01    5.167275E-01    2.547005E-01    6.861957E-02
    9.524370E-01    9.523614E-01    9.506689E-01    5.157217E-01    2.544348E-01    6.865788E-02
    9.523394E-01    9.522635E-01    9.505636E-01    5.147229E-01    2.541596E-01    6.870097E-02
    9.522421E-01    9.521658E-01    9.504585E-01    5.137310E-01    2.538751E-01    6.874801E-02
    9.521449E-01    9.520683E-01    9.503536E-01    5.127461E-01    2.535816E-01    6.879815E-02
    9.520480E-01    9.519710E-01    9.502490E-01    5.117683E-01    2.532792E-01    6.885052E-02
    9.519513E-01    9.518740E-01    9.501446E-01    5.107976E-01    2.529683E-01    6.890426E-02
    9.518549E-01    9.517773E-01    9.500404E-01    5.098340E-01    2.526489E-01    6.895850E-02
    9.517588E-01    9.516808E-01    9.499364E-01    5.088776E-01    2.523214E-01    6.901240E-02
    9.516628E-01    9.515845E-01    9.498327E-01    5.079284E-01    2.519860E-01    6.906511E-02
    9.515672E-01    9.514886E-01    9.497292E-01    5.069864E-01    2.516429E-01    6.911582E-02
    9.514718E-01    9.513929E-01    9.496260E-01    5.060517E-01    2.512925E-01    6.916374E-02
    9.513767E-01    9.512974E-01    9.495231E-01    5.051244E-01    2.509349E-01    6.920812E-02
    9.512819E-01    9.512023E-01    9.494204E-01    5.042044E-01    2.505705E-01    6.924824E-02
    9.511874E-01    9.511075E-01    9.493180E-01    5.032918E-01    2.501995E-01    6.928344E-02
    9.510932E-01    9.510129E-01    9.492159E-01    5.023866E-01    2.498222E-01    6.931311E-02
    9.509994E-01    9.509187E-01    9.491140E-01    5.014889E-01    2.494389E-01    6.933669E-02
    9.509058E-01    9.508248E-01    9.490125E-01    5.005986E-01    2.490499E-01    6.935369E-02
    9.508125E-01    9.507312E-01    9.489113E-01    4.997159E-01    2.486555E-01    6.936367E-02
    9.507196E-01    9.506379E-01    9.488104E-01    4.988408E-01    2.482559E-01    6.936628E-02
    9.506271E-01    9.505450E-01    9.487099E-01    4.979732E-01    2.478515E-01    6.936123E-02
    9.505349E-01    9.504525E-01    9.486096E-01    4.971132E-01    2.474426E-01    6.934829E-02
    9.504430E-01    9.503603E-01    9.485097E-01    4.962608E-01    2.470295E-01    6.932731E-02
    9.503515E-01    9.502685E-01    9.484102E-01    4.954161E-01    2.466125E-01    6.929825E-02
    9.502604E-01    9.501770E-01    9.483110E-01    4.945791E-01    2.461919E-01    6.926108E-02
    9.501697E-01    9.500860E-01    9.482122E-01    4.937498E-01    2.457681E-01    6.921591E-02
    9.500794E-01    9.499953E-01    9.481138E-01    4.929283E-01    2.453414E-01    6.916288E-02
    9.499895E-01    9.499051E-01    9.480158E-01    4.921145E-01    2.449121E-01    6.910222E-02
    9.499001E-01    9.498153E-01    9.479182E-01    4.913085E-01    2.444805E-01    6.903422E-02
    9.498111E-01    9.497259E-01    9.478210E-01    4.905103E-01    2.440470E-01    6.895924E-02
    9.497225E-01    9.496370E-01    9.477242E-01    4.897199E-01    2.436118E-01    6.887770E-02
    9.496343E-01    9.495485E-01    9.476279E-01    4.889374E-01    2.431754E-01    6.879008E-02
    9.495467E-01    9.494605E-01    9.475320E-01    4.881627E-01    2.427381E-01    6.869691E-02
    9.494595E-01    9.493730E-01    9.474366E-01    4.873959E-01    2.423001E-01    6.859876E-02
    9.493729E-01    9.492859E-01    9.473416E-01    4.866370E-01    2.418618E-01    6.849624E-02
    9.492867E-01    9.491994E-01    9.472472E-01    4.858861E-01    2.414236E-01    6.839000E-02
    9.492011E-01    9.491134E-01    9.471533E-01    4.851431E-01    2.409858E-01    6.828072E-02
    9.491160E-01    9.490280E-01    9.470598E-01    4.844080E-01    2.405486E-01    6.816909E-02
    9.490314E-01    9.489431E-01    9.469670E-01    4.836809E-01    2.401125E-01    6.805581E-02
    9.489475E-01    9.488588E-01    9.468746E-01    4.829618E-01    2.396778E-01    6.794159E-02
    9.488641E-01    9.487750E-01    9.467829E-01    4.822506E-01    2.392448E-01    6.782714E-02
    9.487813E-01    9.486919E-01    9.466917E-01    4.815475E-01    2.388137E-01    6.771314E-02
    9.486992E-01    9.486094E-01    9.466011E-01    4.808524E-01    2.383850E-01    6.760027E-02
    9.486176E-01    9.485275E-01    9.465111E-01    4.801653E-01    2.379589E-01    6.748919E-02
    9.485368E-01    9.484463E-01    9.464218E-01    4.794862E-01    2.375358E-01    6.738049E-02
    9.484566E-01    9.483658E-01    9.463331E-01    4.788152E-01    2.371160E-01    6.727477E-02
    9.483771E-01    9.482859E-01    9.462451E-01    4.781522E-01    2.366997E-01    6.717254E-02
    9.482984E-01    9.482068E-01    9.461578E-01    4.774973E-01    2.362872E-01    6.707430E-02
    9.482203E-01    9.481284E-01    9.460712E-01    4.768504E-01    2.358790E-01    6.698044E-02
    9.481431E-01    9.480507E-01    9.459854E-01    4.762116E-01    2.354751E-01    6.689135E-02
    9.480666E-01    9.479739E-01    9.459002E-01    4.755808E-01    2.350761E-01    6.680730E-02
    9.479908E-01    9.478978E-01    9.458159E-01    4.749582E-01    2.346820E-01    6.672853E-02
    9.479160E-01    9.478225E-01    9.457324E-01    4.743436E-01    2.342931E-01    6.665520E-02
    9.478419E-01    9.477481E-01    9.456496E-01    4.737371E-01    2.339099E-01    6.658740E-02
    9.477688E-01    9.476746E-01    9.455678E-01    4.731386E-01    2.335324E-01    6.652514E-02
    9.476965E-01    9.476019E-01    9.454867E-01    4.725483E-01    2.331609E-01    6.646838E-02
    9.476251E-01    9.475302E-01    9.454066E-01    4.719660E-01    2.327957E-01    6.641699E-02
    9.475547E-01    9.474594E-01    9.453274E-01    4.713918E-01    2.324370E-01    6.637080E-02
    9.474852E-01    9.473895E-01    9.452491E-01    4.708256E-01    2.320851E-01    6.632956E-02
    9.474167E-01    9.473206E-01    9.451717E-01    4.702676E-01    2.317401E-01    6.629298E-02
    9.473492E-01    9.472527E-01    9.450953E-01    4.697176E-01    2.314022E-01    6.626071E-02
    9.472827E-01    9.471859E-01    9.450200E-01    4.691756E-01    2.310716E-01    6.623235E-02
    9.472173E-01    9.471201E-01    9.449456E-01    4.686418E-01    2.307486E-01    6.620749E-02
    9.471529E-01    9.470554E-01    9.448723E-01    4.681159E-01    2.304332E-01    6.618566E-02
    9.470897E-01    9.469917E-01    9.448001E-01    4.675981E-01    2.301257E-01    6.616638E-02
    9.470276E-01    9.469292E-01    9.447289E-01    4.670884E-01    2.298262E-01    6.614917E-02
    9.469666E-01    9.468678E-01    9.446589E-01    4.665867E-01    2.295347E-01    6.613354E-02
    9.469068E-01    9.468076E-01    9.445900E-01    4.660930E-01    2.292515E-01    6.611898E-02
    9.468481E-01    9.467486E-01    9.445222E-01    4.656073E-01    2.289767E-01    6.610502E-02
    9.467907E-01    9.466908E-01    9.444556E-01    4.651296E-01    2.287103E-01    6.609121E-02
    9.467345E-01    9.466342E-01    9.443902E-01    4.646598E-01    2.284524E-01    6.607711E-02
    9.466796E-01    9.465789E-01    9.443261E-01    4.641981E-01    2.282030E-01    6.606233E-02
    9.466259E-01    9.465248E-01    9.442631E-01    4.637443E-01    2.279623E-01    6.604652E-02
    9.465735E-01    9.464720E-01    9.442014E-01    4.632985E-01    2.277303E-01    6.602936E-02
    9.465224E-01    9.464205E-01    9.441410E-01    4.628606E-01    2.275069E-01    6.601061E-02
    9.464726E-01    9.463703E-01    9.440818E-01    4.624306E-01    2.272923E-01    6.599004E-02
    9.464242E-01    9.463215E-01    9.440240E-01    4.620085E-01    2.270863E-01    6.596752E-02
    9.463771E-01    9.462740E-01    9.439674E-01    4.615942E-01    2.268890E-01    6.594296E-02
    9.463313E-01    9.462278E-01    9.439122E-01    4.611879E-01    2.267003E-01    6.591631E-02
    9.462870E-01    9.461830E-01    9.438583E-01    4.607893E-01    2.265201E-01    6.588758E-02
    9.462440E-01    9.461397E-01    9.438057E-01    4.603986E-01    2.263484E-01    6.585685E-02
    9.462024E-01    9.460976E-01    9.437545E-01    4.600157E-01    2.261851E-01    6.582422E-02
    9.461622E-01    9.460570E-01    9.437047E-01    4.596405E-01    2.260301E-01    6.578985E-02
    9.461234E-01    9.460178E-01    9.436562E-01    4.592731E-01    2.258833E-01    6.575392E-02
    9.460860E-01    9.459800E-01    9.436091E-01    4.589134E-01    2.257445E-01    6.571665E-02
    9.460500E-01    9.459436E-01    9.435633E-01    4.585613E-01    2.256135E-01    6.567827E-02
    9.460155E-01    9.459087E-01    9.435190E-01    4.582169E-01    2.254902E-01    6.563903E-02
    9.459824E-01    9.458751E-01    9.434760E-01    4.578802E-01    2.253745E-01    6.559919E-02
    9.459506E-01    9.458430E-01    9.434343E-01    4.575510E-01    2.252660E-01    6.555900E-02
    9.459203E-01    9.458123E-01    9.433941E-01    4.572293E-01    2.251647E-01    6.551870E-02
    9.458915E-01    9.457829E-01    9.433552E-01    4.569152E-01    2.250702E-01    6.547851E-02
    9.458640E-01    9.457550E-01    9.433177E-01    4.566085E-01    2.249823E-01    6.543864E-02
    9.458379E-01    9.457285E-01    9.432815E-01    4.563093E-01    2.249008E-01    6.539927E-02
    9.458132E-01    9.457034E-01    9.432466E-01    4.560174E-01    2.248254E-01    6.536054E-02
    9.457899E-01    9.456796E-01    9.432131E-01    4.557329E-01    2.247558E-01    6.532257E-02
    9.457680E-01    9.456573E-01    9.431810E-01    4.554557E-01    2.246918E-01    6.528543E-02
    9.457474E-01    9.456363E-01    9.431501E-01    4.551857E-01    2.246330E-01    6.524915E-02
    9.457282E-01    9.456166E-01    9.431206E-01    4.549229E-01    2.245791E-01    6.521375E-02
    9.457103E-01    9.455983E-01    9.430923E-01    4.546672E-01    2.245298E-01    6.517920E-02
    9.456937E-01    9.455812E-01    9.430653E-01    4.544186E-01    2.244848E-01    6.514544E-02
    9.456784E-01    9.455655E-01    9.430395E-01    4.541771E-01    2.244438E-01    6.511237E-02
    9.456645E-01    9.455511E-01    9.430150E-01    4.539425E-01    2.244064E-01    6.507991E-02
    9.456517E-01    9.455379E-01    9.429917E-01    4.537147E-01    2.243722E-01    6.504793E-02
    9.456403E-01    9.455260E-01    9.429696E-01    4.534939E-01    2.243410E-01    6.501629E-02
    9.456301E-01    9.455153E-01    9.429487E-01    4.532797E-01    2.243125E-01    6.498488E-02
    9.456210E-01    9.455058E-01    9.429290E-01    4.530723E-01    2.242861E-01    6.495355E-02
    9.456132E-01    9.454975E-01    9.429103E-01    4.528714E-01    2.242617E-01    6.492219E-02
    9.456065E-01    9.454904E-01    9.428928E-01    4.526772E-01    2.242389E-01    6.489069E-02
    9.456010E-01    9.454844E-01    9.428764E-01    4.524893E-01    2.242173E-01    6.485897E-02
    9.455965E-01    9.454795E-01    9.428610E-01    4.523079E-01    2.241966E-01    6.482697E-02
    9.455932E-01    9.454757E-01    9.428467E-01    4.521327E-01    2.241765E-01    6.479463E-02
    9.455910E-01    9.454730E-01    9.428334E-01    4.519638E-01    2.241567E-01    6.476196E-02
    9.455897E-01    9.454713E-01    9.428211E-01    4.518009E-01    2.241369E-01    6.472897E-02
    9.455895E-01    9.454706E-01    9.428097E-01    4.516441E-01    2.241167E-01    6.469569E-02
    9.455903E-01    9.454709E-01    9.427993E-01    4.514933E-01    2.240959E-01    6.466221E-02
    9.455920E-01    9.454721E-01    9.427898E-01    4.513483E-01    2.240743E-01    6.462861E-02
    9.455947E-01    9.454743E-01    9.427812E-01    4.512090E-01    2.240515E-01    6.459500E-02
    9.455983E-01    9.454774E-01    9.427734E-01    4.510754E-01    2.240272E-01    6.456151E-02
    9.456027E-01    9.454814E-01    9.427664E-01    4.509473E-01    2.240014E-01    6.452827E-02
    9.456081E-01    9.454862E-01    9.427603E-01    4.508246E-01    2.239737E-01    6.449542E-02
    9.456142E-01    9.454918E-01    9.427549E-01    4.507073E-01    2.239440E-01    6.446311E-02
    9.456211E-01    9.454983E-01    9.427503E-01    4.505952E-01    2.239120E-01    6.443146E-02
    9.456289E-01    9.455055E-01    9.427464E-01    4.504882E-01    2.238776E-01    6.440060E-02
    9.456373E-01    9.455135E-01    9.427432E-01    4.503862E-01    2.238407E-01    6.437064E-02
    9.456465E-01    9.455221E-01    9.427406E-01    4.502891E-01    2.238012E-01    6.434165E-02
    9.456563E-01    9.455315E-01    9.427387E-01    4.501967E-01    2.237589E-01    6.431372E-02
    9.456669E-01    9.455415E-01    9.427374E-01    4.501090E-01    2.237137E-01    6.428686E-02
    9.456780E-01    9.455521E-01    9.427366E-01    4.500258E-01    2.236655E-01    6.426111E-02
    9.456898E-01    9.455634E-01    9.427365E-01    4.499470E-01    2.236144E-01    6.423643E-02
    9.457021E-01    9.455752E-01    9.427368E-01    4.498725E-01    2.235603E-01    6.421280E-02
    9.457150E-01    9.455876E-01    9.427377E-01    4.498022E-01    2.235032E-01    6.419014E-02
    9.457285E-01    9.456005E-01    9.427390E-01    4.497358E-01    2.234431E-01    6.416836E-02
    9.457424E-01    9.456140E-01    9.427408E-01    4.496734E-01    2.233800E-01    6.414736E-02
    9.457568E-01    9.456279E-01    9.427430E-01    4.496147E-01    2.233140E-01    6.412700E-02
    9.457717E-01    9.456422E-01    9.427456E-01    4.495597E-01    2.232451E-01    6.410716E-02
    9.457870E-01    9.456570E-01    9.427486E-01    4.495081E-01    2.231735E-01    6.408768E-02
    9.458027E-01    9.456722E-01    9.427520E-01    4.494600E-01    2.230991E-01    6.406842E-02
    9.458188E-01    9.456877E-01    9.427557E-01    4.494151E-01    2.230223E-01    6.404924E-02
    9.458353E-01    9.457036E-01    9.427597E-01    4.493733E-01    2.229429E-01    6.402999E-02
    9.458520E-01    9.457199E-01    9.427639E-01    4.493344E-01    2.228613E-01    6.401056E-02
    9.458691E-01    9.457364E-01    9.427684E-01    4.492984E-01    2.227776E-01    6.399082E-02
    9.458865E-01    9.457533E-01    9.427732E-01    4.492651E-01    2.226919E-01    6.397068E-02
    9.459042E-01    9.457704E-01    9.427782E-01    4.492344E-01    2.226044E-01    6.395007E-02
    9.459221E-01    9.457877E-01    9.427833E-01    4.492061E-01    2.225154E-01    6.392893E-02
    9.459402E-01    9.458053E-01    9.427887E-01    4.491802E-01    2.224249E-01    6.390722E-02
    9.459585E-01    9.458231E-01    9.427942E-01    4.491564E-01    2.223332E-01    6.388495E-02
    9.459770E-01    9.458410E-01    9.427998E-01    4.491346E-01    2.222406E-01    6.386212E-02
    9.459957E-01    9.458591E-01    9.428055E-01    4.491147E-01    2.221471E-01    6.383878E-02
    9.460145E-01    9.458774E-01    9.428113E-01    4.490966E-01    2.220531E-01    6.381497E-02
    9.460334E-01    9.458957E-01    9.428172E-01    4.490801E-01    2.219588E-01    6.379078E-02
    9.460524E-01    9.459142E-01    9.428231E-01    4.490651E-01    2.218643E-01    6.376627E-02
    9.460715E-01    9.459327E-01    9.428291E-01    4.490515E-01    2.217698E-01    6.374157E-02
    9.460907E-01    9.459514E-01    9.428351E-01    4.490391E-01    2.216757E-01    6.371676E-02
    9.461099E-01    9.459700E-01    9.428411E-01    4.490278E-01    2.215820E-01    6.369196E-02
    9.461292E-01    9.459887E-01    9.428470E-01    4.490175E-01    2.214890E-01    6.366728E-02
    9.461484E-01    9.460074E-01    9.428530E-01    4.490081E-01    2.213968E-01    6.364282E-02
    9.461677E-01    9.460261E-01    9.428588E-01    4.489994E-01    2.213058E-01    6.361868E-02
    9.461870E-01    9.460447E-01    9.428646E-01    4.489913E-01    2.212159E-01    6.359495E-02
    9.462062E-01    9.460634E-01    9.428703E-01    4.489837E-01    2.211274E-01    6.357169E-02
    9.462253E-01    9.460820E-01    9.428760E-01    4.489765E-01    2.210404E-01    6.354898E-02
    9.462444E-01    9.461005E-01    9.428815E-01    4.489695E-01    2.209551E-01    6.352685E-02
    9.462634E-01    9.461189E-01    9.428868E-01    4.489627E-01    2.208716E-01    6.350533E-02
    9.462823E-01    9.461372E-01    9.428920E-01    4.489559E-01    2.207900E-01    6.348441E-02
    9.463011E-01    9.461554E-01    9.428971E-01    4.489489E-01    2.207104E-01    6.346410E-02
    9.463198E-01    9.461735E-01    9.429020E-01    4.489418E-01    2.206329E-01    6.344435E-02
    9.463383E-01    9.461914E-01    9.429067E-01    4.489344E-01    2.205576E-01    6.342513E-02
    9.463567E-01    9.462092E-01    9.429112E-01    4.489266E-01    2.204844E-01    6.340638E-02
    9.463749E-01    9.462269E-01    9.429154E-01    4.489183E-01    2.204135E-01    6.338803E-02
    9.463930E-01    9.462443E-01    9.429195E-01    4.489094E-01    2.203448E-01    6.337002E-02
    9.464108E-01    9.462616E-01    9.429233E-01    4.488998E-01    2.202784E-01    6.335227E-02
    9.464285E-01    9.462786E-01    9.429269E-01    4.488894E-01    2.202142E-01    6.333471E-02
    9.464459E-01    9.462954E-01    9.429302E-01    4.488781E-01    2.201523E-01    6.331728E-02
    9.464632E-01    9.463121E-01    9.429332E-01    4.488659E-01    2.200926E-01    6.329993E-02
    9.464802E-01    9.463284E-01    9.429360E-01    4.488526E-01    2.200349E-01    6.328261E-02
    9.464969E-01    9.463446E-01    9.429384E-01    4.488382E-01    2.199794E-01    6.326529E-02
    9.465134E-01    9.463604E-01    9.429406E-01    4.488226E-01    2.199258E-01    6.324796E-02
    9.465296E-01    9.463760E-01    9.429424E-01    4.488057E-01    2.198742E-01    6.323064E-02
    9.465456E-01    9.463914E-01    9.429440E-01    4.487875E-01    2.198243E-01    6.321333E-02
    9.465612E-01    9.464064E-01    9.429452E-01    4.487679E-01    2.197761E-01    6.319609E-02
    9.465766E-01    9.464211E-01    9.429460E-01    4.487468E-01    2.197295E-01    6.317896E-02
    9.465917E-01    9.464356E-01    9.429465E-01    4.487242E-01    2.196843E-01    6.316199E-02
    9.466064E-01    9.464497E-01    9.429467E-01    4.487000E-01    2.196404E-01    6.314528E-02
    9.466208E-01    9.464635E-01    9.429464E-01    4.486742E-01    2.195977E-01    6.312887E-02
    9.466350E-01    9.464770E-01    9.429459E-01    4.486467E-01    2.195559E-01    6.311284E-02
    9.466928E-01    9.465321E-01    9.429387E-01    4.485054E-01    2.193811E-01    6.304813E-02
    9.467437E-01    9.465801E-01    9.429235E-01    4.483284E-01    2.192107E-01    6.299236E-02
    9.467870E-01    9.466205E-01    9.429000E-01    4.481146E-01    2.190338E-01    6.293998E-02
    9.468222E-01    9.466529E-01    9.428677E-01    4.478643E-01    2.188430E-01    6.288212E-02
    9.468492E-01    9.466768E-01    9.428262E-01    4.475788E-01    2.186345E-01    6.281626E-02
    9.468674E-01    9.466921E-01    9.427752E-01    4.472611E-01    2.184097E-01    6.274908E-02
    9.468768E-01    9.466985E-01    9.427147E-01    4.469153E-01    2.181741E-01    6.269029E-02
    9.468772E-01    9.466959E-01    9.426443E-01    4.465461E-01    2.179362E-01    6.264332E-02
    9.468684E-01    9.466840E-01    9.425641E-01    4.461594E-01    2.177065E-01    6.260264E-02
    9.468504E-01    9.466629E-01    9.424740E-01    4.457614E-01    2.174951E-01    6.256127E-02
    9.468232E-01    9.466325E-01    9.423739E-01    4.453588E-01    2.173103E-01    6.251840E-02
    9.467867E-01    9.465928E-01    9.422640E-01    4.449582E-01    2.171574E-01    6.247895E-02
    9.467410E-01    9.465439E-01    9.421443E-01    4.445663E-01    2.170377E-01    6.244475E-02
    9.466862E-01    9.464859E-01    9.420150E-01    4.441890E-01    2.169487E-01    6.241154E-02
    9.466225E-01    9.464189E-01    9.418760E-01    4.438319E-01    2.168847E-01    6.237594E-02
    9.465498E-01    9.463430E-01    9.417277E-01    4.434998E-01    2.168379E-01    6.233725E-02
    9.464685E-01    9.462584E-01    9.415703E-01    4.431964E-01    2.167998E-01    6.230208E-02
    9.463786E-01    9.461652E-01    9.414038E-01    4.429244E-01    2.167626E-01    6.227448E-02
    9.462804E-01    9.460636E-01    9.412286E-01    4.426853E-01    2.167201E-01    6.225295E-02
    9.461741E-01    9.459539E-01    9.410449E-01    4.424794E-01    2.166685E-01    6.223261E-02
    9.460599E-01    9.458364E-01    9.408529E-01    4.423061E-01    2.166067E-01    6.221069E-02
    9.459380E-01    9.457111E-01    9.406529E-01    4.421636E-01    2.165356E-01    6.218842E-02
    9.458087E-01    9.455783E-01    9.404453E-01    4.420491E-01    2.164584E-01    6.216834E-02
    9.456722E-01    9.454384E-01    9.402302E-01    4.419592E-01    2.163787E-01    6.215038E-02
    9.455288E-01    9.452916E-01    9.400080E-01    4.418900E-01    2.163008E-01    6.213216E-02
    9.453787E-01    9.451381E-01    9.397790E-01    4.418370E-01    2.162286E-01    6.211451E-02
    9.452223E-01    9.449782E-01    9.395435E-01    4.417959E-01    2.161650E-01    6.210026E-02
    9.450597E-01    9.448121E-01    9.393018E-01    4.417626E-01    2.161118E-01    6.209169E-02
    9.448912E-01    9.446402E-01    9.390541E-01    4.417332E-01    2.160697E-01    6.208502E-02
    9.447172E-01    9.444627E-01    9.388009E-01    4.417043E-01    2.160378E-01    6.207567E-02
    9.445379E-01    9.442799E-01    9.385424E-01    4.416736E-01    2.160143E-01    6.206499E-02
    9.443535E-01    9.440921E-01    9.382790E-01    4.416394E-01    2.159967E-01    6.205718E-02
    9.441643E-01    9.438994E-01    9.380108E-01    4.416008E-01    2.159825E-01    6.205214E-02
    9.439706E-01    9.437022E-01    9.377383E-01    4.415580E-01    2.159695E-01    6.204715E-02
    9.437726E-01    9.435008E-01    9.374618E-01    4.415122E-01    2.159570E-01    6.204329E-02
    9.435706E-01    9.432954E-01    9.371815E-01    4.414648E-01    2.159455E-01    6.204313E-02
    9.433649E-01    9.430862E-01    9.368978E-01    4.414185E-01    2.159374E-01    6.204487E-02
    9.431556E-01    9.428735E-01    9.366109E-01    4.413757E-01    2.159356E-01    6.204497E-02
    9.429431E-01    9.426576E-01    9.363211E-01    4.413396E-01    2.159429E-01    6.204412E-02
    9.427276E-01    9.424386E-01    9.360288E-01    4.413128E-01    2.159609E-01    6.204545E-02
    9.425093E-01    9.422169E-01    9.357341E-01    4.412982E-01    2.159889E-01    6.204944E-02
    9.422884E-01    9.419926E-01    9.354375E-01    4.412977E-01    2.160240E-01    6.205439E-02
    9.420651E-01    9.417660E-01    9.351390E-01    4.413131E-01    2.160614E-01    6.205983E-02
    9.418398E-01    9.415373E-01    9.348391E-01    4.413452E-01    2.160961E-01    6.206717E-02
    9.416125E-01    9.413067E-01    9.345380E-01    4.413941E-01    2.161246E-01    6.207509E-02
    9.413835E-01    9.410744E-01    9.342359E-01    4.414593E-01    2.161461E-01    6.208204E-02
    9.411530E-01    9.408407E-01    9.339330E-01    4.415396E-01    2.161631E-01    6.208953E-02
    9.409211E-01    9.406056E-01    9.336297E-01    4.416331E-01    2.161804E-01    6.210002E-02
    9.406881E-01    9.403694E-01    9.333262E-01    4.417376E-01    2.162035E-01    6.211198E-02
    9.404542E-01    9.401323E-01    9.330226E-01    4.418509E-01    2.162365E-01    6.212330E-02
    9.402195E-01    9.398945E-01    9.327193E-01    4.419704E-01    2.162804E-01    6.213576E-02
    9.399842E-01    9.396561E-01    9.324164E-01    4.420940E-01    2.163330E-01    6.214909E-02
    9.397484E-01    9.394173E-01    9.321141E-01    4.422197E-01    2.163901E-01    6.216193E-02
    9.395123E-01    9.391782E-01    9.318127E-01    4.423461E-01    2.164475E-01    6.217602E-02
    9.392761E-01    9.389390E-01    9.315124E-01    4.424721E-01    2.165020E-01    6.219243E-02
    9.390399E-01    9.386999E-01    9.312134E-01    4.425974E-01    2.165564E-01    6.220904E-02
    9.388038E-01    9.384610E-01    9.309158E-01    4.427219E-01    2.166113E-01    6.222534E-02
    9.385679E-01    9.382224E-01    9.306199E-01    4.428461E-01    2.166706E-01    6.224253E-02
    9.383325E-01    9.379842E-01    9.303258E-01    4.429708E-01    2.167362E-01    6.226040E-02
    9.380976E-01    9.377466E-01    9.300337E-01    4.430970E-01    2.168077E-01    6.227880E-02
    9.378633E-01    9.375097E-01    9.297439E-01    4.432255E-01    2.168823E-01    6.229866E-02
    9.376298E-01    9.372736E-01    9.294564E-01    4.433573E-01    2.169565E-01    6.231876E-02
    9.373971E-01    9.370385E-01    9.291714E-01    4.434933E-01    2.170281E-01    6.233929E-02
    9.371654E-01    9.368043E-01    9.288891E-01    4.436341E-01    2.170970E-01    6.236004E-02
    9.369347E-01    9.365713E-01    9.286096E-01    4.437798E-01    2.171655E-01    6.238200E-02
    9.367052E-01    9.363395E-01    9.283332E-01    4.439308E-01    2.172365E-01    6.240396E-02
    9.364768E-01    9.361089E-01    9.280599E-01    4.440869E-01    2.173125E-01    6.242750E-02
    9.362498E-01    9.358798E-01    9.277899E-01    4.442479E-01    2.173941E-01    6.245103E-02
    9.360242E-01    9.356522E-01    9.275233E-01    4.444137E-01    2.174803E-01    6.247431E-02
    9.358000E-01    9.354260E-01    9.272602E-01    4.445840E-01    2.175692E-01    6.249880E-02
    9.355774E-01    9.352015E-01    9.270009E-01    4.447585E-01    2.176593E-01    6.252403E-02
    9.353563E-01    9.349787E-01    9.267453E-01    4.449370E-01    2.177496E-01    6.254953E-02
    9.351369E-01    9.347577E-01    9.264938E-01    4.451195E-01    2.178402E-01    6.257550E-02
    9.349192E-01    9.345384E-01    9.262462E-01    4.453056E-01    2.179317E-01    6.260169E-02
    9.347033E-01    9.343210E-01    9.260029E-01    4.454954E-01    2.180249E-01    6.262838E-02
    9.344892E-01    9.341055E-01    9.257639E-01    4.456886E-01    2.181202E-01    6.265611E-02
    9.342770E-01    9.338920E-01    9.255292E-01    4.458850E-01    2.182175E-01    6.268388E-02
    9.340666E-01    9.336805E-01    9.252991E-01    4.460846E-01    2.183151E-01    6.271203E-02
    9.338582E-01    9.334711E-01    9.250737E-01    4.462870E-01    2.184151E-01    6.274055E-02
    9.336518E-01    9.332637E-01    9.248529E-01    4.464922E-01    2.185142E-01    6.276951E-02
    9.334474E-01    9.330585E-01    9.246370E-01    4.467002E-01    2.186141E-01    6.279937E-02
    9.332451E-01    9.328555E-01    9.244260E-01    4.469109E-01    2.187162E-01    6.282909E-02
    9.330448E-01    9.326547E-01    9.242200E-01    4.471245E-01    2.188219E-01    6.285927E-02
    9.328466E-01    9.324561E-01    9.240192E-01    4.473413E-01    2.189312E-01    6.288990E-02
    9.326506E-01    9.322598E-01    9.238235E-01    4.475615E-01    2.190425E-01    6.292103E-02
    9.324566E-01    9.320657E-01    9.236332E-01    4.477853E-01    2.191537E-01    6.295260E-02
    9.322649E-01    9.318740E-01    9.234482E-01    4.480127E-01    2.192638E-01    6.298412E-02
    9.320753E-01    9.316845E-01    9.232687E-01    4.482435E-01    2.193737E-01    6.301627E-02
    9.318880E-01    9.314975E-01    9.230948E-01    4.484774E-01    2.194853E-01    6.304883E-02
    9.317028E-01    9.313128E-01    9.229264E-01    4.487137E-01    2.195995E-01    6.308174E-02
    9.315199E-01    9.311304E-01    9.227638E-01    4.489517E-01    2.197157E-01    6.311481E-02
    9.313392E-01    9.309505E-01    9.226070E-01    4.491908E-01    2.198323E-01    6.314821E-02
    9.311607E-01    9.307729E-01    9.224561E-01    4.494306E-01    2.199489E-01    6.318217E-02
    9.309844E-01    9.305977E-01    9.223111E-01    4.496707E-01    2.200663E-01    6.321629E-02
    9.308104E-01    9.304250E-01    9.221721E-01    4.499114E-01    2.201860E-01    6.325070E-02
    9.306386E-01    9.302547E-01    9.220392E-01    4.501532E-01    2.203084E-01    6.328533E-02
    9.304691E-01    9.300868E-01    9.219124E-01    4.503968E-01    2.204323E-01    6.332057E-02
    9.303018E-01    9.299213E-01    9.217919E-01    4.506429E-01    2.205560E-01    6.335584E-02
    9.301367E-01    9.297582E-01    9.216776E-01    4.508923E-01    2.206793E-01    6.339145E-02
    9.299738E-01    9.295976E-01    9.215697E-01    4.511454E-01    2.208030E-01    6.342732E-02
    9.298132E-01    9.294394E-01    9.214683E-01    4.514022E-01    2.209282E-01    6.346364E-02
    9.296548E-01    9.292836E-01    9.213733E-01    4.516623E-01    2.210550E-01    6.350000E-02
    9.294986E-01    9.291303E-01    9.212848E-01    4.519250E-01    2.211831E-01    6.353675E-02
    9.293446E-01    9.289793E-01    9.212030E-01    4.521895E-01    2.213119E-01    6.357373E-02
    9.291928E-01    9.288308E-01    9.211278E-01    4.524552E-01    2.214414E-01    6.361106E-02
    9.290432E-01    9.286846E-01    9.210594E-01    4.527216E-01    2.215720E-01    6.364846E-02
    9.288957E-01    9.285409E-01    9.209977E-01    4.529888E-01    2.217037E-01    6.368628E-02
    9.287504E-01    9.283996E-01    9.209429E-01    4.532570E-01    2.218366E-01    6.372428E-02
    9.286072E-01    9.282606E-01    9.208949E-01    4.535269E-01    2.219700E-01    6.376248E-02
    9.284661E-01    9.281240E-01    9.208539E-01    4.537988E-01    2.221032E-01    6.380094E-02
    9.283272E-01    9.279898E-01    9.208199E-01    4.540733E-01    2.222370E-01    6.383970E-02
    9.281903E-01    9.278579E-01    9.207930E-01    4.543503E-01    2.223720E-01    6.387860E-02
    9.280556E-01    9.277284E-01    9.207731E-01    4.546295E-01    2.225086E-01    6.391772E-02
    9.279229E-01    9.276012E-01    9.207604E-01    4.549103E-01    2.226463E-01    6.395715E-02
    9.277922E-01    9.274764E-01    9.207548E-01    4.551922E-01    2.227841E-01    6.399663E-02
    9.276635E-01    9.273538E-01    9.207566E-01    4.554747E-01    2.229223E-01    6.403649E-02
    9.275369E-01    9.272336E-01    9.207656E-01    4.557577E-01    2.230617E-01    6.407652E-02
    9.274122E-01    9.271156E-01    9.207819E-01    4.560414E-01    2.232020E-01    6.411670E-02
    9.272896E-01    9.269999E-01    9.208056E-01    4.563263E-01    2.233424E-01    6.415711E-02
    9.271688E-01    9.268865E-01    9.208367E-01    4.566128E-01    2.234830E-01    6.419770E-02
    9.270500E-01    9.267753E-01    9.208752E-01    4.569014E-01    2.236247E-01    6.423852E-02
    9.269331E-01    9.266663E-01    9.209213E-01    4.571920E-01    2.237677E-01    6.427943E-02
    9.268181E-01    9.265596E-01    9.209749E-01    4.574846E-01    2.239115E-01    6.432069E-02
    9.267050E-01    9.264551E-01    9.210360E-01    4.577788E-01    2.240554E-01    6.436203E-02
    9.265936E-01    9.263527E-01    9.211047E-01    4.580744E-01    2.241998E-01    6.440357E-02
    9.264842E-01    9.262526E-01    9.211811E-01    4.583710E-01    2.243450E-01    6.444530E-02
    9.263765E-01    9.261546E-01    9.212651E-01    4.586686E-01    2.244907E-01    6.448718E-02
    9.262706E-01    9.260588E-01    9.213568E-01    4.589671E-01    2.246370E-01    6.452926E-02
    9.261664E-01    9.259651E-01    9.214562E-01    4.592668E-01    2.247837E-01    6.457148E-02
    9.260640E-01    9.258735E-01    9.215634E-01    4.595677E-01    2.249313E-01    6.461388E-02
    9.259634E-01    9.257841E-01    9.216783E-01    4.598699E-01    2.250796E-01    6.465645E-02
    9.258643E-01    9.256967E-01    9.218010E-01    4.601731E-01    2.252287E-01    6.469915E-02
    9.257670E-01    9.256114E-01    9.219316E-01    4.604776E-01    2.253777E-01    6.474204E-02
    9.256713E-01    9.255282E-01    9.220699E-01    4.607831E-01    2.255272E-01    6.478508E-02
    9.255773E-01    9.254470E-01    9.222161E-01    4.610896E-01    2.256776E-01    6.482825E-02
    9.254848E-01    9.253679E-01    9.223701E-01    4.613971E-01    2.258284E-01    6.487161E-02
    9.253939E-01    9.252908E-01    9.225320E-01    4.617057E-01    2.259796E-01    6.491508E-02
    9.253046E-01    9.252158E-01    9.227018E-01    4.620152E-01    2.261316E-01    6.495865E-02
    9.252168E-01    9.251427E-01    9.228794E-01    4.623256E-01    2.262842E-01    6.500248E-02
    9.251305E-01    9.250716E-01    9.230649E-01    4.626372E-01    2.264369E-01    6.504640E-02
    9.250457E-01    9.250025E-01    9.232584E-01    4.629499E-01    2.265900E-01    6.509046E-02
    9.249623E-01    9.249354E-01    9.234597E-01    4.632639E-01    2.267438E-01    6.513465E-02
    9.248804E-01    9.248702E-01    9.236689E-01    4.635792E-01    2.268982E-01    6.517892E-02
    9.247999E-01    9.248070E-01    9.238859E-01    4.638954E-01    2.270529E-01    6.522341E-02
    9.247208E-01    9.247456E-01    9.241109E-01    4.642123E-01    2.272081E-01    6.526800E-02
    9.246431E-01    9.246862E-01    9.243437E-01    4.645299E-01    2.273638E-01    6.531250E-02
    9.245667E-01    9.246287E-01    9.245844E-01    4.648481E-01    2.275198E-01    6.535757E-02
    9.244917E-01    9.245731E-01    9.248328E-01    4.651670E-01    2.276761E-01    6.540254E-02
    9.244179E-01    9.245194E-01    9.250891E-01    4.654870E-01    2.278330E-01    6.544754E-02
    9.243455E-01    9.244675E-01    9.253532E-01    4.658081E-01    2.279905E-01    6.549282E-02
    9.242742E-01    9.244175E-01    9.256251E-01    4.661302E-01    2.281482E-01    6.553813E-02
    9.242042E-01    9.243694E-01    9.259047E-01    4.664530E-01    2.283063E-01    6.558355E-02
    9.241355E-01    9.243231E-01    9.261920E-01    4.667765E-01    2.284648E-01    6.562912E-02
    9.240679E-01    9.242786E-01    9.264869E-01    4.671006E-01    2.286236E-01    6.567476E-02
    9.240014E-01    9.242359E-01    9.267895E-01    4.674255E-01    2.287829E-01    6.572053E-02
    9.239361E-01    9.241951E-01    9.270997E-01    4.677515E-01    2.289427E-01    6.576644E-02
    9.238719E-01    9.241560E-01    9.274174E-01    4.680784E-01    2.291028E-01    6.581239E-02
    9.238088E-01    9.241187E-01    9.277427E-01    4.684062E-01    2.292631E-01    6.585843E-02
    9.237468E-01    9.240832E-01    9.280754E-01    4.687345E-01    2.294237E-01    6.590467E-02
    9.236858E-01    9.240495E-01    9.284155E-01    4.690633E-01    2.295849E-01    6.595083E-02
    9.236259E-01    9.240175E-01    9.287629E-01    4.693926E-01    2.297464E-01    6.599734E-02
    9.235669E-01    9.239873E-01    9.291176E-01    4.697228E-01    2.299083E-01    6.604383E-02
    9.235089E-01    9.239589E-01    9.294795E-01    4.700536E-01    2.300704E-01    6.609040E-02
    9.234518E-01    9.239321E-01    9.298486E-01    4.703853E-01    2.302328E-01    6.613708E-02
    9.233957E-01    9.239071E-01    9.302247E-01    4.707176E-01    2.303955E-01    6.618386E-02
    9.233404E-01    9.238838E-01    9.306079E-01    4.710505E-01    2.305586E-01    6.623069E-02
    9.232860E-01    9.238622E-01    9.309979E-01    4.713840E-01    2.307220E-01    6.627762E-02
    9.232325E-01    9.238422E-01    9.313948E-01    4.717182E-01    2.308857E-01    6.632467E-02
    9.231797E-01    9.238240E-01    9.317985E-01    4.720530E-01    2.310494E-01    6.637177E-02
    9.231278E-01    9.238075E-01    9.322088E-01    4.723867E-01    2.312138E-01    6.641894E-02
    9.230766E-01    9.237926E-01    9.326258E-01    4.727243E-01    2.313784E-01    6.646621E-02
    9.230262E-01    9.237793E-01    9.330492E-01    4.730608E-01    2.315431E-01    6.651362E-02
    9.229764E-01    9.237677E-01    9.334790E-01    4.733977E-01    2.317082E-01    6.656097E-02
    9.229274E-01    9.237578E-01    9.339150E-01    4.737351E-01    2.318734E-01    6.660847E-02
    9.228789E-01    9.237495E-01    9.343573E-01    4.740731E-01    2.320391E-01    6.665603E-02
    9.228311E-01    9.237427E-01    9.348056E-01    4.744115E-01    2.322049E-01    6.670366E-02
    9.227839E-01    9.237376E-01    9.352599E-01    4.747506E-01    2.323709E-01    6.675135E-02
    9.227372E-01    9.237341E-01    9.357200E-01    4.750901E-01    2.325371E-01    6.679911E-02
    9.226910E-01    9.237321E-01    9.361859E-01    4.754301E-01    2.327036E-01    6.684696E-02
    9.226453E-01    9.237317E-01    9.366573E-01    4.757703E-01    2.328701E-01    6.689482E-02
    9.226001E-01    9.237329E-01    9.371343E-01    4.761110E-01    2.330371E-01    6.694276E-02
    9.225553E-01    9.237356E-01    9.376166E-01    4.764521E-01    2.332041E-01    6.699073E-02
    9.225108E-01    9.237398E-01    9.381041E-01    4.767937E-01    2.333714E-01    6.703875E-02
    9.224667E-01    9.237454E-01    9.385968E-01    4.771354E-01    2.335495E-01    6.708688E-02
    9.224229E-01    9.237526E-01    9.390944E-01    4.774775E-01    2.337063E-01    6.713501E-02
    9.223793E-01    9.237612E-01    9.395968E-01    4.778199E-01    2.338740E-01    6.718315E-02
    9.223359E-01    9.237713E-01    9.401039E-01    4.781626E-01    2.340418E-01    6.723132E-02
    9.222927E-01    9.237828E-01    9.406155E-01    4.785057E-01    2.342098E-01    6.727964E-02
    9.222496E-01    9.237956E-01    9.411315E-01    4.788489E-01    2.343778E-01    6.732811E-02
    9.222065E-01    9.238099E-01    9.416518E-01    4.791922E-01    2.345460E-01    6.737624E-02
    9.221635E-01    9.238254E-01    9.421761E-01    4.795358E-01    2.347142E-01    6.742447E-02
    9.221204E-01    9.238423E-01    9.427044E-01    4.798794E-01    2.348825E-01    6.747317E-02
    9.220772E-01    9.238604E-01    9.432365E-01    4.802233E-01    2.350509E-01    6.752117E-02
    9.220339E-01    9.238798E-01    9.437721E-01    4.805672E-01    2.352193E-01    6.756966E-02
    9.219903E-01    9.239004E-01    9.443112E-01    4.809111E-01    2.353877E-01    6.761805E-02
    9.219464E-01    9.239221E-01    9.448536E-01    4.812545E-01    2.355561E-01    6.766643E-02
    9.219021E-01    9.239449E-01    9.453991E-01    4.815990E-01    2.357245E-01    6.771482E-02
    9.218574E-01    9.239688E-01    9.459476E-01    4.819429E-01    2.358928E-01    6.776317E-02
    9.218122E-01    9.239937E-01    9.464988E-01    4.822866E-01    2.360611E-01    6.781153E-02
    9.217664E-01    9.240196E-01    9.470526E-01    4.826300E-01    2.362294E-01    6.785985E-02
    9.217199E-01    9.240464E-01    9.476088E-01    4.829735E-01    2.363974E-01    6.790815E-02
    9.216726E-01    9.240740E-01    9.481672E-01    4.833165E-01    2.365655E-01    6.795642E-02
    9.216244E-01    9.241023E-01    9.487276E-01    4.836594E-01    2.367333E-01    6.800464E-02
    9.215752E-01    9.241314E-01    9.492899E-01    4.840018E-01    2.369010E-01    6.805280E-02
    9.215250E-01    9.241610E-01    9.498537E-01    4.843437E-01    2.370684E-01    6.810090E-02
    9.214736E-01    9.241912E-01    9.504191E-01    4.846852E-01    2.372356E-01    6.814893E-02
    9.214208E-01    9.242218E-01    9.509856E-01    4.850262E-01    2.374025E-01    6.819688E-02
    9.213665E-01    9.242528E-01    9.515531E-01    4.853663E-01    2.375691E-01    6.824475E-02
    9.213107E-01    9.242839E-01    9.521214E-01    4.857060E-01    2.377354E-01    6.829251E-02
    9.212531E-01    9.243152E-01    9.526903E-01    4.860448E-01    2.378999E-01    6.834015E-02
    9.211937E-01    9.243465E-01    9.532595E-01    4.863827E-01    2.380666E-01    6.838772E-02
    9.211322E-01    9.243776E-01    9.538287E-01    4.867196E-01    2.382317E-01    6.843508E-02
    9.210684E-01    9.244084E-01    9.543978E-01    4.870554E-01    2.383961E-01    6.848239E-02
    9.210023E-01    9.244387E-01    9.549664E-01    4.873901E-01    2.385599E-01    6.852938E-02
    9.209335E-01    9.244685E-01    9.555344E-01    4.877235E-01    2.387232E-01    6.857627E-02
    9.208619E-01    9.244974E-01    9.561013E-01    4.880554E-01    2.388856E-01    6.862298E-02
    9.207873E-01    9.245254E-01    9.566670E-01    4.883858E-01    2.390474E-01    6.866944E-02
    9.207094E-01    9.245522E-01    9.572310E-01    4.887146E-01    2.392084E-01    6.871569E-02
    9.206280E-01    9.245776E-01    9.577932E-01    4.890416E-01    2.393685E-01    6.876167E-02
    9.205428E-01    9.246013E-01    9.583531E-01    4.893666E-01    2.395276E-01    6.880738E-02
    9.204536E-01    9.246232E-01    9.589105E-01    4.896895E-01    2.396856E-01    6.885278E-02
    9.203600E-01    9.246429E-01    9.594648E-01    4.900101E-01    2.398421E-01    6.889788E-02
    9.202617E-01    9.246601E-01    9.600159E-01    4.903282E-01    2.399984E-01    6.894263E-02
    9.201584E-01    9.246746E-01    9.605632E-01    4.906436E-01    2.401529E-01    6.898700E-02
    9.200498E-01    9.246860E-01    9.611062E-01    4.909563E-01    2.403059E-01    6.903096E-02
    9.199354E-01    9.246940E-01    9.616447E-01    4.912657E-01    2.404574E-01    6.907450E-02
    9.198148E-01    9.246982E-01    9.621781E-01    4.915719E-01    2.406073E-01    6.911758E-02
    9.196877E-01    9.246981E-01    9.627058E-01    4.918745E-01    2.407555E-01    6.916011E-02
    9.195535E-01    9.246934E-01    9.632273E-01    4.921731E-01    2.409017E-01    6.920218E-02
    9.194118E-01    9.246836E-01    9.637422E-01    4.924679E-01    2.410466E-01    6.924357E-02
    9.192621E-01    9.246682E-01    9.642497E-01    4.927582E-01    2.411881E-01    6.928439E-02
    9.191038E-01    9.246467E-01    9.647492E-01    4.930437E-01    2.413278E-01    6.932454E-02
    9.189363E-01    9.246184E-01    9.652401E-01    4.933238E-01    2.414651E-01    6.936398E-02
    9.187591E-01    9.245829E-01    9.657217E-01    4.935991E-01    2.415998E-01    6.940267E-02
    9.185714E-01    9.245395E-01    9.661931E-01    4.938677E-01    2.417316E-01    6.944052E-02
    9.183726E-01    9.244875E-01    9.666536E-01    4.941312E-01    2.418603E-01    6.947741E-02
    9.181620E-01    9.244262E-01    9.671023E-01    4.943876E-01    2.419858E-01    6.951356E-02
    9.179387E-01    9.243547E-01    9.675384E-01    4.946368E-01    2.421078E-01    6.954861E-02
    9.177019E-01    9.242724E-01    9.679607E-01    4.948784E-01    2.422359E-01    6.958259E-02
    9.174508E-01    9.241783E-01    9.683684E-01    4.951119E-01    2.423404E-01    6.961543E-02
    9.171844E-01    9.240714E-01    9.687604E-01    4.953368E-01    2.424505E-01    6.964706E-02
    9.169018E-01    9.239509E-01    9.691354E-01    4.955525E-01    2.425561E-01    6.967739E-02
    9.166018E-01    9.238156E-01    9.694923E-01    4.957583E-01    2.426568E-01    6.970634E-02
    9.162834E-01    9.236644E-01    9.698297E-01    4.959536E-01    2.427525E-01    6.973382E-02
    9.159454E-01    9.234962E-01    9.701464E-01    4.961377E-01    2.428426E-01    6.975970E-02
    9.155866E-01    9.233097E-01    9.704408E-01    4.963099E-01    2.429269E-01    6.978392E-02
    9.152056E-01    9.231036E-01    9.707114E-01    4.964694E-01    2.430050E-01    6.980647E-02
    9.148011E-01    9.228764E-01    9.709567E-01    4.966154E-01    2.430765E-01    6.982690E-02
    9.143715E-01    9.226266E-01    9.711748E-01    4.967470E-01    2.431410E-01    6.984537E-02
    9.139154E-01    9.223527E-01    9.713640E-01    4.968634E-01    2.431979E-01    6.986192E-02
    9.134311E-01    9.220530E-01    9.715223E-01    4.969634E-01    2.432469E-01    6.987587E-02
    9.129169E-01    9.217258E-01    9.716478E-01    4.970460E-01    2.432875E-01    6.988750E-02
    9.123710E-01    9.213691E-01    9.717383E-01    4.971105E-01    2.433190E-01    6.989656E-02
    9.117913E-01    9.209809E-01    9.717916E-01    4.971555E-01    2.433410E-01    6.990293E-02
    9.111761E-01    9.205593E-01    9.718053E-01    4.971797E-01    2.433529E-01    6.990629E-02
    9.105230E-01    9.201019E-01    9.717769E-01    4.971820E-01    2.433540E-01    6.990663E-02
    9.098299E-01    9.196066E-01    9.717039E-01    4.971609E-01    2.433433E-01    6.990366E-02
    9.090944E-01    9.190708E-01    9.715834E-01    4.971153E-01    2.433213E-01    6.989722E-02
    9.083141E-01    9.184920E-01    9.714127E-01    4.970431E-01    2.432863E-01    6.988714E-02
    9.074865E-01    9.178675E-01    9.711887E-01    4.969440E-01    2.432376E-01    6.987318E-02
    9.066088E-01    9.171946E-01    9.709082E-01    4.968152E-01    2.431745E-01    6.985508E-02
    9.056782E-01    9.164702E-01    9.705681E-01    4.966555E-01    2.430962E-01    6.983263E-02
    9.046918E-01    9.156914E-01    9.701648E-01    4.964632E-01    2.430027E-01    6.980559E-02
    9.036466E-01    9.148549E-01    9.696947E-01    4.962364E-01    2.428913E-01    6.977370E-02
    9.025393E-01    9.139573E-01    9.691543E-01    4.959731E-01    2.427624E-01    6.973668E-02
    9.013667E-01    9.129952E-01    9.685395E-01    4.956714E-01    2.426148E-01    6.969428E-02
    9.001253E-01    9.119650E-01    9.678464E-01    4.953293E-01    2.424473E-01    6.964618E-02
    8.988116E-01    9.108630E-01    9.670708E-01    4.949446E-01    2.422591E-01    6.959207E-02
    8.974220E-01    9.096852E-01    9.662084E-01    4.945144E-01    2.420489E-01    6.953172E-02
    8.959527E-01    9.084276E-01    9.652547E-01    4.940387E-01    2.418157E-01    6.946473E-02
    8.943997E-01    9.070862E-01    9.642053E-01    4.935129E-01    2.415582E-01    6.939080E-02
    8.927591E-01    9.056567E-01    9.630554E-01    4.929352E-01    2.412757E-01    6.930958E-02
    8.910269E-01    9.041347E-01    9.618002E-01    4.923034E-01    2.409663E-01    6.922074E-02
    8.891988E-01    9.025159E-01    9.604348E-01    4.916148E-01    2.406293E-01    6.912394E-02
    8.872706E-01    9.007955E-01    9.589542E-01    4.908669E-01    2.402632E-01    6.901880E-02
    8.852379E-01    8.989692E-01    9.573533E-01    4.900571E-01    2.398669E-01    6.890491E-02
    8.830966E-01    8.970321E-01    9.556270E-01    4.891828E-01    2.394389E-01    6.878198E-02
    8.808421E-01    8.949795E-01    9.537700E-01    4.882412E-01    2.389778E-01    6.864959E-02
    8.784700E-01    8.928068E-01    9.517771E-01    4.872298E-01    2.384830E-01    6.850740E-02
    8.759760E-01    8.905091E-01    9.496431E-01    4.861457E-01    2.379505E-01    6.835497E-02
    8.733556E-01    8.880817E-01    9.473627E-01    4.849866E-01    2.373851E-01    6.819199E-02
    8.706046E-01    8.855200E-01    9.449309E-01    4.837493E-01    2.367796E-01    6.801807E-02
    8.677185E-01    8.828192E-01    9.423425E-01    4.824319E-01    2.361347E-01    6.783291E-02
    8.646934E-01    8.799748E-01    9.395925E-01    4.810313E-01    2.354491E-01    6.763579E-02
    8.615250E-01    8.769823E-01    9.366760E-01    4.795451E-01    2.347217E-01    6.742689E-02
    8.582096E-01    8.738376E-01    9.335883E-01    4.779711E-01    2.339513E-01    6.720558E-02
    8.547432E-01    8.705363E-01    9.303250E-01    4.763068E-01    2.331369E-01    6.697157E-02
    8.511224E-01    8.670747E-01    9.268817E-01    4.745501E-01    2.322768E-01    6.672457E-02
    8.473440E-01    8.634491E-01    9.232544E-01    4.726966E-01    2.313707E-01    6.646428E-02
    8.434047E-01    8.596559E-01    9.194393E-01    4.707513E-01    2.304174E-01    6.619044E-02
    8.393019E-01    8.556922E-01    9.154332E-01    4.687056E-01    2.294161E-01    6.590280E-02
    8.350331E-01    8.515551E-01    9.112329E-01    4.665602E-01    2.283661E-01    6.560115E-02
    8.305963E-01    8.472422E-01    9.068359E-01    4.643137E-01    2.272665E-01    6.528530E-02
    8.259896E-01    8.427514E-01    9.022399E-01    4.619653E-01    2.261170E-01    6.495526E-02
    8.212117E-01    8.380811E-01    8.974431E-01    4.595138E-01    2.249170E-01    6.461039E-02
    8.162617E-01    8.332301E-01    8.924443E-01    4.569586E-01    2.236664E-01    6.425111E-02
    8.111391E-01    8.281977E-01    8.872427E-01    4.542993E-01    2.223644E-01    6.387720E-02
    8.058439E-01    8.229835E-01    8.818381E-01    4.515358E-01    2.210121E-01    6.348864E-02
    8.003764E-01    8.175878E-01    8.762308E-01    4.486682E-01    2.196086E-01    6.308546E-02
    7.947376E-01    8.120113E-01    8.704215E-01    4.456972E-01    2.181543E-01    6.266770E-02
