   -9.999999E-01   -9.999999E-01   -9.999999E-01   -9.999999E-01   -9.999999E-01   -9.999999E-01
   -9.975250E-01   -9.975250E-01   -9.975250E-01   -9.975250E-01   -9.975250E-01   -9.975250E-01
   -9.952976E-01   -9.952976E-01   -9.952976E-01   -9.952976E-01   -9.952976E-01   -9.952976E-01
   -9.932930E-01   -9.932930E-01   -9.932930E-01   -9.932930E-01   -9.932930E-01   -9.932929E-01
   -9.914888E-01   -9.914888E-01   -9.914888E-01   -9.914888E-01   -9.914888E-01   -9.914888E-01
   -9.898651E-01   -9.898651E-01   -9.898651E-01   -9.898651E-01   -9.898651E-01   -9.898650E-01
   -9.884037E-01   -9.884037E-01   -9.884037E-01   -9.884037E-01   -9.884037E-01   -9.884036E-01
   -9.870885E-01   -9.870885E-01   -9.870885E-01   -9.870885E-01   -9.870885E-01   -9.870884E-01
   -9.859048E-01   -9.859048E-01   -9.859048E-01   -9.859048E-01   -9.859047E-01   -9.859047E-01
   -9.848394E-01   -9.848394E-01   -9.848394E-01   -9.848394E-01   -9.848394E-01   -9.848393E-01
   -9.838806E-01   -9.838806E-01   -9.838806E-01   -9.838805E-01   -9.838805E-01   -9.838804E-01
   -9.830176E-01   -9.830176E-01   -9.830176E-01   -9.830176E-01   -9.830176E-01   -9.830174E-01
   -9.822409E-01   -9.822409E-01   -9.822409E-01   -9.822408E-01   -9.822408E-01   -9.822407E-01
   -9.815418E-01   -9.815418E-01   -9.815418E-01   -9.815418E-01   -9.815418E-01   -9.815416E-01
   -9.809126E-01   -9.809126E-01   -9.809126E-01   -9.809126E-01   -9.809126E-01   -9.809124E-01
   -9.803462E-01   -9.803462E-01   -9.803462E-01   -9.803462E-01   -9.803462E-01   -9.803461E-01
   -9.798365E-01   -9.798365E-01   -9.798365E-01   -9.798365E-01   -9.798365E-01   -9.798363E-01
   -9.793777E-01   -9.793777E-01   -9.793777E-01   -9.793777E-01   -9.793777E-01   -9.793775E-01
   -9.789647E-01   -9.789647E-01   -9.789647E-01   -9.789647E-01   -9.789647E-01   -9.789645E-01
   -9.785930E-01   -9.785930E-01   -9.785930E-01   -9.785930E-01   -9.785930E-01   -9.785928E-01
   -9.782584E-01   -9.782584E-01   -9.782584E-01   -9.782584E-01   -9.782583E-01   -9.782581E-01
   -9.779571E-01   -9.779571E-01   -9.779571E-01   -9.779571E-01   -9.779571E-01   -9.779569E-01
   -9.776860E-01   -9.776860E-01   -9.776860E-01   -9.776860E-01   -9.776859E-01   -9.776857E-01
   -9.774419E-01   -9.774419E-01   -9.774419E-01   -9.774419E-01   -9.774418E-01   -9.774416E-01
   -9.772221E-01   -9.772221E-01   -9.772221E-01   -9.772221E-01   -9.772221E-01   -9.772218E-01
   -9.770242E-01   -9.770242E-01   -9.770242E-01   -9.770242E-01   -9.770242E-01   -9.770239E-01
   -9.768460E-01   -9.768460E-01   -9.768460E-01   -9.768460E-01   -9.768460E-01   -9.768457E-01
   -9.766856E-01   -9.766856E-01   -9.766856E-01   -9.766856E-01   -9.766856E-01   -9.766853E-01
   -9.765411E-01   -9.765411E-01   -9.765411E-01   -9.765411E-01   -9.765411E-01   -9.765408E-01
   -9.764110E-01   -9.764110E-01   -9.764110E-01   -9.764110E-01   -9.764110E-01   -9.764106E-01
   -9.762938E-01   -9.762938E-01   -9.762938E-01   -9.762938E-01   -9.762938E-01   -9.762934E-01
   -9.761882E-01   -9.761882E-01   -9.761882E-01   -9.761882E-01   -9.761882E-01   -9.761878E-01
   -9.760931E-01   -9.760931E-01   -9.760931E-01   -9.760931E-01   -9.760931E-01   -9.760926E-01
   -9.760074E-01   -9.760074E-01   -9.760074E-01   -9.760074E-01   -9.760073E-01   -9.760069E-01
   -9.759301E-01   -9.759301E-01   -9.759301E-01   -9.759301E-01   -9.759301E-01   -9.759296E-01
   -9.758605E-01   -9.758605E-01   -9.758605E-01   -9.758605E-01   -9.758604E-01   -9.758599E-01
   -9.757977E-01   -9.757977E-01   -9.757977E-01   -9.757977E-01   -9.757976E-01   -9.757971E-01
   -9.757411E-01   -9.757411E-01   -9.757411E-01   -9.757410E-01   -9.757410E-01   -9.757404E-01
   -9.756899E-01   -9.756899E-01   -9.756899E-01   -9.756899E-01   -9.756899E-01   -9.756892E-01
   -9.756438E-01   -9.756438E-01   -9.756438E-01   -9.756438E-01   -9.756437E-01   -9.756430E-01
   -9.756021E-01   -9.756021E-01   -9.756021E-01   -9.756021E-01   -9.756020E-01   -9.756013E-01
   -9.755645E-01   -9.755645E-01   -9.755645E-01   -9.755645E-01   -9.755644E-01   -9.755636E-01
   -9.755305E-01   -9.755305E-01   -9.755305E-01   -9.755305E-01   -9.755304E-01   -9.755295E-01
   -9.754997E-01   -9.754997E-01   -9.754997E-01   -9.754997E-01   -9.754996E-01   -9.754987E-01
   -9.754718E-01   -9.754718E-01   -9.754718E-01   -9.754718E-01   -9.754717E-01   -9.754707E-01
   -9.754466E-01   -9.754466E-01   -9.754466E-01   -9.754466E-01   -9.754464E-01   -9.754454E-01
   -9.754237E-01   -9.754237E-01   -9.754237E-01   -9.754237E-01   -9.754235E-01   -9.754224E-01
   -9.754029E-01   -9.754029E-01   -9.754029E-01   -9.754029E-01   -9.754027E-01   -9.754015E-01
   -9.753840E-01   -9.753840E-01   -9.753840E-01   -9.753840E-01   -9.753838E-01   -9.753825E-01
   -9.753668E-01   -9.753668E-01   -9.753668E-01   -9.753668E-01   -9.753666E-01   -9.753652E-01
   -9.753511E-01   -9.753511E-01   -9.753511E-01   -9.753511E-01   -9.753509E-01   -9.753494E-01
   -9.753368E-01   -9.753368E-01   -9.753368E-01   -9.753368E-01   -9.753366E-01   -9.753350E-01
   -9.753237E-01   -9.753237E-01   -9.753237E-01   -9.753236E-01   -9.753234E-01   -9.753217E-01
   -9.753117E-01   -9.753117E-01   -9.753117E-01   -9.753116E-01   -9.753114E-01   -9.753095E-01
   -9.753006E-01   -9.753006E-01   -9.753006E-01   -9.753005E-01   -9.753003E-01   -9.752983E-01
   -9.752904E-01   -9.752904E-01   -9.752904E-01   -9.752903E-01   -9.752901E-01   -9.752880E-01
   -9.752810E-01   -9.752810E-01   -9.752810E-01   -9.752809E-01   -9.752806E-01   -9.752783E-01
   -9.752722E-01   -9.752722E-01   -9.752722E-01   -9.752721E-01   -9.752719E-01   -9.752694E-01
   -9.752641E-01   -9.752641E-01   -9.752641E-01   -9.752640E-01   -9.752637E-01   -9.752610E-01
   -9.752564E-01   -9.752564E-01   -9.752564E-01   -9.752564E-01   -9.752560E-01   -9.752532E-01
   -9.752493E-01   -9.752493E-01   -9.752493E-01   -9.752492E-01   -9.752488E-01   -9.752458E-01
   -9.752426E-01   -9.752426E-01   -9.752426E-01   -9.752425E-01   -9.752421E-01   -9.752388E-01
   -9.752362E-01   -9.752362E-01   -9.752362E-01   -9.752361E-01   -9.752357E-01   -9.752321E-01
   -9.752301E-01   -9.752301E-01   -9.752301E-01   -9.752300E-01   -9.752295E-01   -9.752257E-01
   -9.752243E-01   -9.752243E-01   -9.752243E-01   -9.752242E-01   -9.752237E-01   -9.752196E-01
   -9.752187E-01   -9.752187E-01   -9.752187E-01   -9.752186E-01   -9.752181E-01   -9.752136E-01
   -9.752133E-01   -9.752133E-01   -9.752133E-01   -9.752132E-01   -9.752126E-01   -9.752079E-01
   -9.752081E-01   -9.752081E-01   -9.752081E-01   -9.752080E-01   -9.752074E-01   -9.752022E-01
   -9.752030E-01   -9.752030E-01   -9.752030E-01   -9.752029E-01   -9.752022E-01   -9.751967E-01
   -9.751980E-01   -9.751980E-01   -9.751980E-01   -9.751978E-01   -9.751971E-01   -9.751912E-01
   -9.751931E-01   -9.751931E-01   -9.751931E-01   -9.751929E-01   -9.751922E-01   -9.751857E-01
   -9.751882E-01   -9.751882E-01   -9.751882E-01   -9.751880E-01   -9.751872E-01   -9.751803E-01
   -9.751834E-01   -9.751834E-01   -9.751834E-01   -9.751832E-01   -9.751823E-01   -9.751748E-01
   -9.751785E-01   -9.751785E-01   -9.751785E-01   -9.751783E-01   -9.751774E-01   -9.751694E-01
   -9.751737E-01   -9.751737E-01   -9.751737E-01   -9.751735E-01   -9.751725E-01   -9.751638E-01
   -9.751688E-01   -9.751688E-01   -9.751688E-01   -9.751686E-01   -9.751675E-01   -9.751582E-01
   -9.751639E-01   -9.751639E-01   -9.751639E-01   -9.751636E-01   -9.751625E-01   -9.751525E-01
   -9.751590E-01   -9.751590E-01   -9.751590E-01   -9.751587E-01   -9.751574E-01   -9.751466E-01
   -9.751539E-01   -9.751539E-01   -9.751539E-01   -9.751536E-01   -9.751522E-01   -9.751406E-01
   -9.751488E-01   -9.751488E-01   -9.751488E-01   -9.751484E-01   -9.751470E-01   -9.751345E-01
   -9.751436E-01   -9.751436E-01   -9.751436E-01   -9.751432E-01   -9.751416E-01   -9.751282E-01
   -9.751382E-01   -9.751382E-01   -9.751382E-01   -9.751378E-01   -9.751361E-01   -9.751216E-01
   -9.751327E-01   -9.751327E-01   -9.751327E-01   -9.751323E-01   -9.751305E-01   -9.751149E-01
   -9.751271E-01   -9.751271E-01   -9.751271E-01   -9.751267E-01   -9.751247E-01   -9.751079E-01
   -9.751214E-01   -9.751214E-01   -9.751214E-01   -9.751209E-01   -9.751188E-01   -9.751007E-01
   -9.751155E-01   -9.751155E-01   -9.751155E-01   -9.751149E-01   -9.751126E-01   -9.750932E-01
   -9.751094E-01   -9.751094E-01   -9.751094E-01   -9.751088E-01   -9.751063E-01   -9.750854E-01
   -9.751031E-01   -9.751031E-01   -9.751031E-01   -9.751025E-01   -9.750998E-01   -9.750773E-01
   -9.750966E-01   -9.750966E-01   -9.750966E-01   -9.750959E-01   -9.750931E-01   -9.750688E-01
   -9.750899E-01   -9.750899E-01   -9.750899E-01   -9.750892E-01   -9.750862E-01   -9.750600E-01
   -9.750830E-01   -9.750830E-01   -9.750830E-01   -9.750823E-01   -9.750790E-01   -9.750508E-01
   -9.750759E-01   -9.750759E-01   -9.750759E-01   -9.750751E-01   -9.750715E-01   -9.750412E-01
   -9.750685E-01   -9.750685E-01   -9.750685E-01   -9.750676E-01   -9.750638E-01   -9.750312E-01
   -9.750609E-01   -9.750609E-01   -9.750609E-01   -9.750599E-01   -9.750558E-01   -9.750207E-01
   -9.750530E-01   -9.750530E-01   -9.750530E-01   -9.750520E-01   -9.750476E-01   -9.750097E-01
   -9.750449E-01   -9.750449E-01   -9.750449E-01   -9.750437E-01   -9.750390E-01   -9.749982E-01
   -9.750364E-01   -9.750364E-01   -9.750364E-01   -9.750352E-01   -9.750301E-01   -9.749862E-01
   -9.750277E-01   -9.750277E-01   -9.750277E-01   -9.750264E-01   -9.750208E-01   -9.749736E-01
   -9.750186E-01   -9.750186E-01   -9.750186E-01   -9.750172E-01   -9.750112E-01   -9.749603E-01
   -9.750092E-01   -9.750092E-01   -9.750092E-01   -9.750077E-01   -9.750013E-01   -9.749465E-01
   -9.749995E-01   -9.749995E-01   -9.749995E-01   -9.749978E-01   -9.749909E-01   -9.749319E-01
   -9.749894E-01   -9.749894E-01   -9.749894E-01   -9.749876E-01   -9.749802E-01   -9.749167E-01
   -9.749789E-01   -9.749789E-01   -9.749789E-01   -9.749770E-01   -9.749690E-01   -9.749006E-01
   -9.749681E-01   -9.749681E-01   -9.749681E-01   -9.749660E-01   -9.749574E-01   -9.748838E-01
   -9.749568E-01   -9.749568E-01   -9.749568E-01   -9.749546E-01   -9.749454E-01   -9.748661E-01
   -9.749452E-01   -9.749452E-01   -9.749452E-01   -9.749428E-01   -9.749328E-01   -9.748475E-01
   -9.749331E-01   -9.749331E-01   -9.749331E-01   -9.749305E-01   -9.749198E-01   -9.748279E-01
   -9.749205E-01   -9.749205E-01   -9.749205E-01   -9.749178E-01   -9.749063E-01   -9.748073E-01
   -9.749076E-01   -9.749075E-01   -9.749075E-01   -9.749046E-01   -9.748922E-01   -9.747856E-01
   -9.748941E-01   -9.748941E-01   -9.748941E-01   -9.748909E-01   -9.748775E-01   -9.747628E-01
   -9.748801E-01   -9.748801E-01   -9.748801E-01   -9.748767E-01   -9.748623E-01   -9.747388E-01
   -9.748656E-01   -9.748656E-01   -9.748656E-01   -9.748619E-01   -9.748464E-01   -9.747135E-01
   -9.748506E-01   -9.748506E-01   -9.748505E-01   -9.748466E-01   -9.748299E-01   -9.746868E-01
   -9.748350E-01   -9.748350E-01   -9.748349E-01   -9.748307E-01   -9.748127E-01   -9.746586E-01
   -9.748188E-01   -9.748188E-01   -9.748188E-01   -9.748142E-01   -9.747948E-01   -9.746290E-01
   -9.748020E-01   -9.748020E-01   -9.748020E-01   -9.747971E-01   -9.747762E-01   -9.745976E-01
   -9.747846E-01   -9.747846E-01   -9.747846E-01   -9.747793E-01   -9.747568E-01   -9.745646E-01
   -9.747665E-01   -9.747665E-01   -9.747665E-01   -9.747608E-01   -9.747366E-01   -9.745297E-01
   -9.747478E-01   -9.747478E-01   -9.747478E-01   -9.747417E-01   -9.747156E-01   -9.744929E-01
   -9.747284E-01   -9.747284E-01   -9.747284E-01   -9.747218E-01   -9.746937E-01   -9.744539E-01
   -9.747082E-01   -9.747082E-01   -9.747082E-01   -9.747011E-01   -9.746709E-01   -9.744128E-01
   -9.746873E-01   -9.746873E-01   -9.746873E-01   -9.746797E-01   -9.746472E-01   -9.743693E-01
   -9.746656E-01   -9.746656E-01   -9.746656E-01   -9.746574E-01   -9.746224E-01   -9.743233E-01
   -9.746432E-01   -9.746432E-01   -9.746431E-01   -9.746343E-01   -9.745966E-01   -9.742746E-01
   -9.746198E-01   -9.746198E-01   -9.746198E-01   -9.746103E-01   -9.745698E-01   -9.742231E-01
   -9.745956E-01   -9.745956E-01   -9.745956E-01   -9.745853E-01   -9.745417E-01   -9.741686E-01
   -9.745705E-01   -9.745705E-01   -9.745705E-01   -9.745595E-01   -9.745125E-01   -9.741108E-01
   -9.745445E-01   -9.745445E-01   -9.745445E-01   -9.745326E-01   -9.744821E-01   -9.740497E-01
   -9.745175E-01   -9.745175E-01   -9.745175E-01   -9.745047E-01   -9.744503E-01   -9.739849E-01
   -9.744895E-01   -9.744895E-01   -9.744895E-01   -9.744757E-01   -9.744171E-01   -9.739162E-01
   -9.744605E-01   -9.744605E-01   -9.744604E-01   -9.744456E-01   -9.743826E-01   -9.738433E-01
   -9.744303E-01   -9.744303E-01   -9.744303E-01   -9.744143E-01   -9.743465E-01   -9.737661E-01
   -9.743991E-01   -9.743991E-01   -9.743990E-01   -9.743818E-01   -9.743088E-01   -9.736841E-01
   -9.743667E-01   -9.743667E-01   -9.743666E-01   -9.743481E-01   -9.742695E-01   -9.735971E-01
   -9.743330E-01   -9.743330E-01   -9.743330E-01   -9.743131E-01   -9.742285E-01   -9.735047E-01
   -9.742982E-01   -9.742982E-01   -9.742981E-01   -9.742767E-01   -9.741856E-01   -9.734067E-01
   -9.742620E-01   -9.742620E-01   -9.742619E-01   -9.742389E-01   -9.741409E-01   -9.733025E-01
   -9.742245E-01   -9.742245E-01   -9.742244E-01   -9.741996E-01   -9.740941E-01   -9.731918E-01
   -9.741856E-01   -9.741856E-01   -9.741855E-01   -9.741588E-01   -9.740453E-01   -9.730741E-01
   -9.741452E-01   -9.741452E-01   -9.741452E-01   -9.741164E-01   -9.739942E-01   -9.729490E-01
   -9.741034E-01   -9.741034E-01   -9.741033E-01   -9.740723E-01   -9.739408E-01   -9.728159E-01
   -9.740600E-01   -9.740600E-01   -9.740599E-01   -9.740266E-01   -9.738851E-01   -9.726744E-01
   -9.740150E-01   -9.740150E-01   -9.740149E-01   -9.739790E-01   -9.738267E-01   -9.725238E-01
   -9.739683E-01   -9.739683E-01   -9.739682E-01   -9.739296E-01   -9.737657E-01   -9.723635E-01
   -9.739199E-01   -9.739199E-01   -9.739198E-01   -9.738783E-01   -9.737018E-01   -9.721929E-01
   -9.738697E-01   -9.738697E-01   -9.738696E-01   -9.738249E-01   -9.736350E-01   -9.720112E-01
   -9.738177E-01   -9.738177E-01   -9.738176E-01   -9.737694E-01   -9.735651E-01   -9.718177E-01
   -9.737637E-01   -9.737637E-01   -9.737636E-01   -9.737118E-01   -9.734919E-01   -9.716115E-01
   -9.737078E-01   -9.737077E-01   -9.737076E-01   -9.736519E-01   -9.734152E-01   -9.713918E-01
   -9.736497E-01   -9.736497E-01   -9.736495E-01   -9.735896E-01   -9.733349E-01   -9.711576E-01
   -9.735895E-01   -9.735895E-01   -9.735893E-01   -9.735248E-01   -9.732508E-01   -9.709080E-01
   -9.735271E-01   -9.735271E-01   -9.735269E-01   -9.734575E-01   -9.731626E-01   -9.706418E-01
   -9.734624E-01   -9.734624E-01   -9.734622E-01   -9.733875E-01   -9.730701E-01   -9.703579E-01
   -9.733954E-01   -9.733953E-01   -9.733951E-01   -9.733147E-01   -9.729732E-01   -9.700550E-01
   -9.733258E-01   -9.733258E-01   -9.733256E-01   -9.732390E-01   -9.728716E-01   -9.697318E-01
   -9.732537E-01   -9.732537E-01   -9.732534E-01   -9.731603E-01   -9.727649E-01   -9.693870E-01
   -9.731789E-01   -9.731789E-01   -9.731786E-01   -9.730784E-01   -9.726530E-01   -9.690189E-01
   -9.731014E-01   -9.731014E-01   -9.731011E-01   -9.729933E-01   -9.725356E-01   -9.686260E-01
   -9.730211E-01   -9.730211E-01   -9.730207E-01   -9.729047E-01   -9.724123E-01   -9.682064E-01
   -9.729378E-01   -9.729378E-01   -9.729374E-01   -9.728126E-01   -9.722827E-01   -9.677584E-01
   -9.728514E-01   -9.728514E-01   -9.728510E-01   -9.727167E-01   -9.721467E-01   -9.672799E-01
   -9.727619E-01   -9.727619E-01   -9.727615E-01   -9.726170E-01   -9.720037E-01   -9.667688E-01
   -9.726691E-01   -9.726691E-01   -9.726687E-01   -9.725132E-01   -9.718534E-01   -9.662228E-01
   -9.725730E-01   -9.725730E-01   -9.725725E-01   -9.724052E-01   -9.716954E-01   -9.656394E-01
   -9.724733E-01   -9.724733E-01   -9.724728E-01   -9.722929E-01   -9.715292E-01   -9.650160E-01
   -9.723700E-01   -9.723700E-01   -9.723694E-01   -9.721759E-01   -9.713544E-01   -9.643497E-01
   -9.722629E-01   -9.722629E-01   -9.722623E-01   -9.720541E-01   -9.711704E-01   -9.636376E-01
   -9.721519E-01   -9.721519E-01   -9.721513E-01   -9.719273E-01   -9.709767E-01   -9.628765E-01
   -9.720369E-01   -9.720369E-01   -9.720362E-01   -9.717953E-01   -9.707728E-01   -9.620628E-01
   -9.719178E-01   -9.719177E-01   -9.719170E-01   -9.716579E-01   -9.705581E-01   -9.611929E-01
   -9.717943E-01   -9.717943E-01   -9.717935E-01   -9.715147E-01   -9.703318E-01   -9.602629E-01
   -9.716663E-01   -9.716663E-01   -9.716655E-01   -9.713656E-01   -9.700934E-01   -9.592686E-01
   -9.715338E-01   -9.715337E-01   -9.715328E-01   -9.712103E-01   -9.698420E-01   -9.582054E-01
   -9.713964E-01   -9.713963E-01   -9.713954E-01   -9.710485E-01   -9.695770E-01   -9.570686E-01
   -9.712541E-01   -9.712540E-01   -9.712530E-01   -9.708800E-01   -9.692975E-01   -9.558530E-01
   -9.711066E-01   -9.711066E-01   -9.711055E-01   -9.707043E-01   -9.690026E-01   -9.545532E-01
   -9.709539E-01   -9.709539E-01   -9.709527E-01   -9.705213E-01   -9.686914E-01   -9.531633E-01
   -9.707957E-01   -9.707957E-01   -9.707944E-01   -9.703304E-01   -9.683629E-01   -9.516772E-01
   -9.706319E-01   -9.706318E-01   -9.706304E-01   -9.701315E-01   -9.680160E-01   -9.500881E-01
   -9.704621E-01   -9.704621E-01   -9.704606E-01   -9.699242E-01   -9.676496E-01   -9.483890E-01
   -9.702864E-01   -9.702863E-01   -9.702847E-01   -9.697079E-01   -9.672626E-01   -9.465724E-01
   -9.701043E-01   -9.701043E-01   -9.701025E-01   -9.694824E-01   -9.668536E-01   -9.446304E-01
   -9.699159E-01   -9.699158E-01   -9.699139E-01   -9.692472E-01   -9.664212E-01   -9.425543E-01
   -9.697207E-01   -9.697206E-01   -9.697186E-01   -9.690019E-01   -9.659642E-01   -9.403352E-01
   -9.695186E-01   -9.695185E-01   -9.695164E-01   -9.687459E-01   -9.654808E-01   -9.379635E-01
   -9.693094E-01   -9.693093E-01   -9.693070E-01   -9.684788E-01   -9.649695E-01   -9.354291E-01
   -9.690928E-01   -9.690927E-01   -9.690902E-01   -9.682000E-01   -9.644286E-01   -9.327211E-01
   -9.688687E-01   -9.688685E-01   -9.688659E-01   -9.679090E-01   -9.638561E-01   -9.298281E-01
   -9.686366E-01   -9.686365E-01   -9.686336E-01   -9.676052E-01   -9.632502E-01   -9.267381E-01
   -9.683965E-01   -9.683963E-01   -9.683933E-01   -9.672880E-01   -9.626086E-01   -9.234383E-01
   -9.681480E-01   -9.681478E-01   -9.681445E-01   -9.669568E-01   -9.619293E-01   -9.199153E-01
   -9.678908E-01   -9.678906E-01   -9.678871E-01   -9.666108E-01   -9.612097E-01   -9.161550E-01
   -9.676247E-01   -9.676246E-01   -9.676207E-01   -9.662494E-01   -9.604475E-01   -9.121423E-01
   -9.673495E-01   -9.673493E-01   -9.673452E-01   -9.658718E-01   -9.596399E-01   -9.078616E-01
   -9.670647E-01   -9.670645E-01   -9.670601E-01   -9.654773E-01   -9.587841E-01   -9.032966E-01
   -9.667702E-01   -9.667700E-01   -9.667653E-01   -9.650649E-01   -9.578770E-01   -8.984299E-01
   -9.664656E-01   -9.664654E-01   -9.664603E-01   -9.646338E-01   -9.569155E-01   -8.932436E-01
   -9.661506E-01   -9.661504E-01   -9.661449E-01   -9.641831E-01   -9.558960E-01   -8.877190E-01
   -9.658249E-01   -9.658247E-01   -9.658188E-01   -9.637118E-01   -9.548151E-01   -8.818366E-01
   -9.654882E-01   -9.654879E-01   -9.654816E-01   -9.632190E-01   -9.536689E-01   -8.755761E-01
   -9.651401E-01   -9.651398E-01   -9.651330E-01   -9.627034E-01   -9.524532E-01   -8.689167E-01
   -9.647803E-01   -9.647800E-01   -9.647727E-01   -9.621640E-01   -9.511637E-01   -8.618366E-01
   -9.644085E-01   -9.644082E-01   -9.644004E-01   -9.615997E-01   -9.497960E-01   -8.543138E-01
   -9.640243E-01   -9.640240E-01   -9.640156E-01   -9.610091E-01   -9.483451E-01   -8.463254E-01
   -9.636274E-01   -9.636270E-01   -9.636180E-01   -9.603909E-01   -9.468059E-01   -8.378485E-01
   -9.632173E-01   -9.632169E-01   -9.632072E-01   -9.597437E-01   -9.451729E-01   -8.288594E-01
   -9.627938E-01   -9.627933E-01   -9.627830E-01   -9.590661E-01   -9.434404E-01   -8.193344E-01
   -9.623564E-01   -9.623559E-01   -9.623448E-01   -9.583565E-01   -9.416024E-01   -8.092498E-01
   -9.619048E-01   -9.619043E-01   -9.618923E-01   -9.576133E-01   -9.396524E-01   -7.985819E-01
   -9.614386E-01   -9.614380E-01   -9.614252E-01   -9.568349E-01   -9.375837E-01   -7.873073E-01
   -9.609573E-01   -9.609567E-01   -9.609430E-01   -9.560193E-01   -9.353891E-01   -7.754031E-01
   -9.604607E-01   -9.604600E-01   -9.604453E-01   -9.551647E-01   -9.330612E-01   -7.628473E-01
   -9.599483E-01   -9.599475E-01   -9.599317E-01   -9.542692E-01   -9.305920E-01   -7.496189E-01
   -9.594196E-01   -9.594189E-01   -9.594019E-01   -9.533306E-01   -9.279733E-01   -7.356981E-01
   -9.588744E-01   -9.588735E-01   -9.588553E-01   -9.523468E-01   -9.251963E-01   -7.210670E-01
   -9.583121E-01   -9.583112E-01   -9.582917E-01   -9.513154E-01   -9.222520E-01   -7.057098E-01
   -9.577323E-01   -9.577314E-01   -9.577105E-01   -9.502340E-01   -9.191306E-01   -6.896131E-01
   -9.571348E-01   -9.571338E-01   -9.571114E-01   -9.491001E-01   -9.158224E-01   -6.727665E-01
   -9.565189E-01   -9.565179E-01   -9.564939E-01   -9.479111E-01   -9.123167E-01   -6.551632E-01
   -9.558844E-01   -9.558833E-01   -9.558575E-01   -9.466640E-01   -9.086028E-01   -6.368002E-01
   -9.552308E-01   -9.552296E-01   -9.552020E-01   -9.453560E-01   -9.046693E-01   -6.176790E-01
   -9.545576E-01   -9.545563E-01   -9.545268E-01   -9.439840E-01   -9.005045E-01   -5.978064E-01
   -9.538646E-01   -9.538632E-01   -9.538315E-01   -9.425449E-01   -8.960962E-01   -5.771947E-01
   -9.531511E-01   -9.531496E-01   -9.531158E-01   -9.410351E-01   -8.914318E-01   -5.558628E-01
   -9.524170E-01   -9.524153E-01   -9.523791E-01   -9.394512E-01   -8.864984E-01   -5.338363E-01
   -9.516616E-01   -9.516599E-01   -9.516211E-01   -9.377895E-01   -8.812826E-01   -5.111486E-01
   -9.508847E-01   -9.508829E-01   -9.508413E-01   -9.360461E-01   -8.757707E-01   -4.878415E-01
   -9.500858E-01   -9.500839E-01   -9.500394E-01   -9.342170E-01   -8.699487E-01   -4.639656E-01
   -9.492646E-01   -9.492625E-01   -9.492150E-01   -9.322980E-01   -8.638025E-01   -4.395810E-01
   -9.484207E-01   -9.484184E-01   -9.483676E-01   -9.302848E-01   -8.573175E-01   -4.147581E-01
   -9.475537E-01   -9.475512E-01   -9.474968E-01   -9.281728E-01   -8.504793E-01   -3.895777E-01
   -9.466632E-01   -9.466606E-01   -9.466024E-01   -9.259571E-01   -8.432731E-01   -3.641318E-01
   -9.457489E-01   -9.457461E-01   -9.456839E-01   -9.236330E-01   -8.356843E-01   -3.385235E-01
   -9.448104E-01   -9.448074E-01   -9.447410E-01   -9.211953E-01   -8.276985E-01   -3.128676E-01
   -9.438475E-01   -9.438443E-01   -9.437733E-01   -9.186387E-01   -8.193014E-01   -2.872899E-01
   -9.428598E-01   -9.428564E-01   -9.427806E-01   -9.159578E-01   -8.104789E-01   -2.619274E-01
   -9.418471E-01   -9.418435E-01   -9.417625E-01   -9.131467E-01   -8.012176E-01   -2.369276E-01
   -9.408090E-01   -9.408052E-01   -9.407187E-01   -9.101998E-01   -7.915047E-01   -2.124473E-01
   -9.397454E-01   -9.397412E-01   -9.396489E-01   -9.071110E-01   -7.813280E-01   -1.886516E-01
   -9.386559E-01   -9.386515E-01   -9.385530E-01   -9.038741E-01   -7.706763E-01   -1.657118E-01
   -9.375404E-01   -9.375357E-01   -9.374306E-01   -9.004827E-01   -7.595397E-01   -1.438035E-01
   -9.363987E-01   -9.363937E-01   -9.362815E-01   -8.969303E-01   -7.479095E-01   -1.231035E-01
   -9.352306E-01   -9.352252E-01   -9.351057E-01   -8.932103E-01   -7.357784E-01   -1.037866E-01
   -9.340360E-01   -9.340303E-01   -9.339028E-01   -8.893158E-01   -7.231410E-01   -8.602186E-02
   -9.328148E-01   -9.328087E-01   -9.326728E-01   -8.852401E-01   -7.099939E-01   -6.996794E-02
   -9.315668E-01   -9.315604E-01   -9.314156E-01   -8.809760E-01   -6.963359E-01   -5.576843E-02
   -9.302922E-01   -9.302853E-01   -9.301311E-01   -8.765165E-01   -6.821682E-01   -4.354642E-02
   -9.289908E-01   -9.289834E-01   -9.288192E-01   -8.718545E-01   -6.674948E-01   -3.339906E-02
   -9.276626E-01   -9.276548E-01   -9.274800E-01   -8.669829E-01   -6.523227E-01   -2.539181E-02
   -9.263077E-01   -9.262994E-01   -9.261134E-01   -8.618945E-01   -6.366619E-01   -1.955296E-02
   -9.249262E-01   -9.249174E-01   -9.247195E-01   -8.565823E-01   -6.205262E-01   -1.586851E-02
   -9.235183E-01   -9.235089E-01   -9.232984E-01   -8.510392E-01   -6.039327E-01   -1.427773E-02
   -9.220839E-01   -9.220739E-01   -9.218502E-01   -8.452583E-01   -5.869026E-01   -1.466986E-02
   -9.206235E-01   -9.206128E-01   -9.203750E-01   -8.392329E-01   -5.694614E-01   -1.688231E-02
   -9.191371E-01   -9.191258E-01   -9.188731E-01   -8.329566E-01   -5.516385E-01   -2.070068E-02
   -9.176251E-01   -9.176131E-01   -9.173446E-01   -8.264230E-01   -5.334680E-01   -2.586110E-02
   -9.160877E-01   -9.160750E-01   -9.157900E-01   -8.196263E-01   -5.149884E-01   -3.205526E-02
   -9.145254E-01   -9.145119E-01   -9.142093E-01   -8.125610E-01   -4.962430E-01   -3.893817E-02
   -9.129385E-01   -9.129241E-01   -9.126031E-01   -8.052219E-01   -4.772797E-01   -4.613907E-02
   -9.113274E-01   -9.113122E-01   -9.109717E-01   -7.976046E-01   -4.581508E-01   -5.327516E-02
   -9.096926E-01   -9.096765E-01   -9.093155E-01   -7.897049E-01   -4.389136E-01   -5.996800E-02
   -9.080346E-01   -9.080176E-01   -9.076349E-01   -7.815198E-01   -4.196295E-01   -6.586194E-02
   -9.063541E-01   -9.063360E-01   -9.059306E-01   -7.730465E-01   -4.003643E-01   -7.064374E-02
   -9.046515E-01   -9.046323E-01   -9.042029E-01   -7.642833E-01   -3.811875E-01   -7.406212E-02
   -9.029275E-01   -9.029072E-01   -9.024526E-01   -7.552294E-01   -3.621724E-01   -7.594588E-02
   -9.011827E-01   -9.011612E-01   -9.006802E-01   -7.458850E-01   -3.433953E-01   -7.621880E-02
   -8.994180E-01   -8.993952E-01   -8.988863E-01   -7.362512E-01   -3.249350E-01   -7.490960E-02
   -8.976340E-01   -8.976099E-01   -8.970717E-01   -7.263302E-01   -3.068722E-01   -7.215521E-02
   -8.958314E-01   -8.958060E-01   -8.952371E-01   -7.161258E-01   -2.892887E-01   -6.819595E-02
   -8.940112E-01   -8.939844E-01   -8.933832E-01   -7.056427E-01   -2.722667E-01   -6.336158E-02
   -8.921742E-01   -8.921458E-01   -8.915108E-01   -6.948870E-01   -2.558875E-01   -5.804822E-02
   -8.903212E-01   -8.902913E-01   -8.896207E-01   -6.838665E-01   -2.402306E-01   -5.268673E-02
   -8.884532E-01   -8.884216E-01   -8.877139E-01   -6.725901E-01   -2.253726E-01   -4.770477E-02
   -8.865711E-01   -8.865377E-01   -8.857911E-01   -6.610686E-01   -2.113858E-01   -4.348551E-02
   -8.846759E-01   -8.846407E-01   -8.838532E-01   -6.493140E-01   -1.983369E-01   -4.032725E-02
   -8.827685E-01   -8.827314E-01   -8.819013E-01   -6.373402E-01   -1.862856E-01   -3.840907E-02
   -8.808500E-01   -8.808109E-01   -8.799361E-01   -6.251625E-01   -1.752832E-01   -3.776738E-02
   -8.789214E-01   -8.788802E-01   -8.779588E-01   -6.127981E-01   -1.653712E-01   -3.828831E-02
   -8.769837E-01   -8.769404E-01   -8.759702E-01   -6.002654E-01   -1.565797E-01   -3.971872E-02
   -8.750381E-01   -8.749925E-01   -8.739714E-01   -5.875848E-01   -1.489264E-01   -4.169713E-02
   -8.730856E-01   -8.730376E-01   -8.719634E-01   -5.747780E-01   -1.424151E-01   -4.380204E-02
   -8.711274E-01   -8.710769E-01   -8.699471E-01   -5.618683E-01   -1.370352E-01   -4.561252E-02
   -8.691644E-01   -8.691113E-01   -8.679237E-01   -5.488803E-01   -1.327601E-01   -4.676138E-02
   -8.671979E-01   -8.671421E-01   -8.658941E-01   -5.358400E-01   -1.295477E-01   -4.702957E-02
   -8.652289E-01   -8.651702E-01   -8.638594E-01   -5.227746E-01   -1.273396E-01   -4.634114E-02
   -8.632585E-01   -8.631969E-01   -8.618206E-01   -5.097124E-01   -1.260615E-01   -4.479913E-02
   -8.612879E-01   -8.612233E-01   -8.597787E-01   -4.966826E-01   -1.256241E-01   -4.266134E-02
   -8.593182E-01   -8.592504E-01   -8.577348E-01   -4.837152E-01   -1.259241E-01   -4.028886E-02
   -8.573505E-01   -8.572794E-01   -8.556899E-01   -4.708409E-01   -1.268463E-01   -3.807122E-02
   -8.553858E-01   -8.553113E-01   -8.536450E-01   -4.580905E-01   -1.282653E-01   -3.634291E-02
   -8.534253E-01   -8.533472E-01   -8.516011E-01   -4.454953E-01   -1.300484E-01   -3.530996E-02
   -8.514701E-01   -8.513882E-01   -8.495591E-01   -4.330865E-01   -1.320591E-01   -3.500505E-02
   -8.495211E-01   -8.494354E-01   -8.475201E-01   -4.208950E-01   -1.341603E-01   -3.528480E-02
   -8.475795E-01   -8.474897E-01   -8.454850E-01   -4.089511E-01   -1.362183E-01   -3.587238E-02
   -8.456462E-01   -8.455523E-01   -8.434547E-01   -3.972847E-01   -1.381069E-01   -3.643639E-02
   -8.437223E-01   -8.436240E-01   -8.414300E-01   -3.859243E-01   -1.397114E-01   -3.668523E-02
   -8.418086E-01   -8.417059E-01   -8.394119E-01   -3.748974E-01   -1.409304E-01   -3.644929E-02
   -8.399062E-01   -8.397988E-01   -8.374012E-01   -3.642301E-01   -1.416784E-01   -3.572484E-02
   -8.380155E-01   -8.379033E-01   -8.353982E-01   -3.539466E-01   -1.419029E-01   -3.466432E-02
   -8.361871E-01   -8.360699E-01   -8.334524E-01   -3.440270E-01   -1.415702E-01   -3.351504E-02
   -8.359406E-01   -8.358227E-01   -8.331902E-01   -3.427516E-01   -1.414837E-01   -3.337037E-02
   -8.356940E-01   -8.355754E-01   -8.329278E-01   -3.414841E-01   -1.413873E-01   -3.322916E-02
   -8.354474E-01   -8.353281E-01   -8.326653E-01   -3.402243E-01   -1.412810E-01   -3.309189E-02
   -8.352008E-01   -8.350808E-01   -8.324028E-01   -3.389722E-01   -1.411648E-01   -3.295900E-02
   -8.349542E-01   -8.348336E-01   -8.321402E-01   -3.377280E-01   -1.410389E-01   -3.283090E-02
   -8.347078E-01   -8.345864E-01   -8.318777E-01   -3.364915E-01   -1.409031E-01   -3.270795E-02
   -8.344614E-01   -8.343393E-01   -8.316152E-01   -3.352629E-01   -1.407576E-01   -3.259049E-02
   -8.342150E-01   -8.340923E-01   -8.313526E-01   -3.340422E-01   -1.406025E-01   -3.247878E-02
   -8.339687E-01   -8.338452E-01   -8.310900E-01   -3.328295E-01   -1.404377E-01   -3.237306E-02
   -8.337223E-01   -8.335982E-01   -8.308272E-01   -3.316248E-01   -1.402635E-01   -3.227352E-02
   -8.334759E-01   -8.333510E-01   -8.305644E-01   -3.304282E-01   -1.400798E-01   -3.218030E-02
   -8.332294E-01   -8.331038E-01   -8.303014E-01   -3.292398E-01   -1.398869E-01   -3.209349E-02
   -8.329828E-01   -8.328566E-01   -8.300383E-01   -3.280595E-01   -1.396847E-01   -3.201314E-02
   -8.327360E-01   -8.326090E-01   -8.297748E-01   -3.268875E-01   -1.394734E-01   -3.193924E-02
   -8.324889E-01   -8.323612E-01   -8.295110E-01   -3.257240E-01   -1.392532E-01   -3.187174E-02
   -8.322415E-01   -8.321131E-01   -8.292468E-01   -3.245689E-01   -1.390242E-01   -3.181054E-02
   -8.319936E-01   -8.318645E-01   -8.289821E-01   -3.234224E-01   -1.387864E-01   -3.175550E-02
   -8.317453E-01   -8.316154E-01   -8.287168E-01   -3.222846E-01   -1.385402E-01   -3.170644E-02
   -8.314963E-01   -8.313657E-01   -8.284509E-01   -3.211555E-01   -1.382855E-01   -3.166311E-02
   -8.312467E-01   -8.311153E-01   -8.281843E-01   -3.200353E-01   -1.380227E-01   -3.162525E-02
   -8.309963E-01   -8.308642E-01   -8.279168E-01   -3.189239E-01   -1.377519E-01   -3.159256E-02
   -8.307452E-01   -8.306124E-01   -8.276485E-01   -3.178215E-01   -1.374733E-01   -3.156470E-02
   -8.304932E-01   -8.303596E-01   -8.273793E-01   -3.167282E-01   -1.371871E-01   -3.154131E-02
   -8.302403E-01   -8.301060E-01   -8.271091E-01   -3.156439E-01   -1.368934E-01   -3.152198E-02
   -8.299864E-01   -8.298514E-01   -8.268380E-01   -3.145688E-01   -1.365926E-01   -3.150632E-02
   -8.297316E-01   -8.295958E-01   -8.265658E-01   -3.135028E-01   -1.362849E-01   -3.149389E-02
   -8.294758E-01   -8.293392E-01   -8.262925E-01   -3.124460E-01   -1.359704E-01   -3.148424E-02
   -8.292189E-01   -8.290816E-01   -8.260181E-01   -3.113985E-01   -1.356495E-01   -3.147692E-02
   -8.289610E-01   -8.288230E-01   -8.257427E-01   -3.103602E-01   -1.353222E-01   -3.147148E-02
   -8.287020E-01   -8.285632E-01   -8.254661E-01   -3.093312E-01   -1.349890E-01   -3.146745E-02
   -8.284420E-01   -8.283024E-01   -8.251884E-01   -3.083114E-01   -1.346500E-01   -3.146439E-02
   -8.281808E-01   -8.280405E-01   -8.249095E-01   -3.073010E-01   -1.343055E-01   -3.146183E-02
   -8.279186E-01   -8.277775E-01   -8.246295E-01   -3.062998E-01   -1.339558E-01   -3.145934E-02
   -8.276553E-01   -8.275134E-01   -8.243484E-01   -3.053079E-01   -1.336010E-01   -3.145650E-02
   -8.273909E-01   -8.272482E-01   -8.240661E-01   -3.043253E-01   -1.332415E-01   -3.145289E-02
   -8.271253E-01   -8.269819E-01   -8.237826E-01   -3.033520E-01   -1.328776E-01   -3.144813E-02
   -8.268586E-01   -8.267145E-01   -8.234979E-01   -3.023880E-01   -1.325094E-01   -3.144185E-02
   -8.265908E-01   -8.264459E-01   -8.232121E-01   -3.014333E-01   -1.321373E-01   -3.143371E-02
   -8.263219E-01   -8.261761E-01   -8.229251E-01   -3.004879E-01   -1.317614E-01   -3.142340E-02
   -8.260518E-01   -8.259052E-01   -8.226368E-01   -2.995518E-01   -1.313822E-01   -3.141064E-02
   -8.257805E-01   -8.256332E-01   -8.223473E-01   -2.986249E-01   -1.309999E-01   -3.139517E-02
   -8.255080E-01   -8.253599E-01   -8.220566E-01   -2.977074E-01   -1.306146E-01   -3.137679E-02
   -8.252343E-01   -8.250854E-01   -8.217646E-01   -2.967991E-01   -1.302268E-01   -3.135531E-02
   -8.249593E-01   -8.248097E-01   -8.214713E-01   -2.959001E-01   -1.298366E-01   -3.133058E-02
   -8.246831E-01   -8.245326E-01   -8.211767E-01   -2.950104E-01   -1.294444E-01   -3.130248E-02
   -8.244056E-01   -8.242543E-01   -8.208808E-01   -2.941299E-01   -1.290504E-01   -3.127096E-02
   -8.241268E-01   -8.239747E-01   -8.205835E-01   -2.932587E-01   -1.286549E-01   -3.123596E-02
   -8.238466E-01   -8.236937E-01   -8.202847E-01   -2.923968E-01   -1.282581E-01   -3.119748E-02
   -8.235650E-01   -8.234114E-01   -8.199846E-01   -2.915441E-01   -1.278604E-01   -3.115555E-02
   -8.232820E-01   -8.231275E-01   -8.196830E-01   -2.907006E-01   -1.274620E-01   -3.111023E-02
   -8.229975E-01   -8.228423E-01   -8.193798E-01   -2.898664E-01   -1.270631E-01   -3.106161E-02
   -8.227115E-01   -8.225555E-01   -8.190752E-01   -2.890414E-01   -1.266641E-01   -3.100982E-02
   -8.224240E-01   -8.222671E-01   -8.187689E-01   -2.882256E-01   -1.262651E-01   -3.095500E-02
   -8.221349E-01   -8.219772E-01   -8.184610E-01   -2.874191E-01   -1.258665E-01   -3.089732E-02
   -8.218441E-01   -8.216856E-01   -8.181514E-01   -2.866217E-01   -1.254685E-01   -3.083699E-02
   -8.215516E-01   -8.213923E-01   -8.178401E-01   -2.858335E-01   -1.250713E-01   -3.077421E-02
   -8.212574E-01   -8.210973E-01   -8.175270E-01   -2.850544E-01   -1.246752E-01   -3.070922E-02
   -8.209614E-01   -8.208005E-01   -8.172121E-01   -2.842845E-01   -1.242805E-01   -3.064225E-02
   -8.206636E-01   -8.205019E-01   -8.168953E-01   -2.835237E-01   -1.238873E-01   -3.057358E-02
   -8.203639E-01   -8.202013E-01   -8.165766E-01   -2.827720E-01   -1.234959E-01   -3.050345E-02
   -8.200623E-01   -8.198989E-01   -8.162560E-01   -2.820294E-01   -1.231065E-01   -3.043214E-02
   -8.197586E-01   -8.195944E-01   -8.159333E-01   -2.812958E-01   -1.227194E-01   -3.035990E-02
   -8.194530E-01   -8.192880E-01   -8.156086E-01   -2.805712E-01   -1.223348E-01   -3.028701E-02
   -8.191452E-01   -8.189794E-01   -8.152817E-01   -2.798555E-01   -1.219527E-01   -3.021373E-02
   -8.188354E-01   -8.186687E-01   -8.149527E-01   -2.791488E-01   -1.215736E-01   -3.014031E-02
   -8.185233E-01   -8.183558E-01   -8.146216E-01   -2.784510E-01   -1.211974E-01   -3.006700E-02
   -8.182091E-01   -8.180408E-01   -8.142882E-01   -2.777620E-01   -1.208245E-01   -2.999402E-02
   -8.178926E-01   -8.177234E-01   -8.139525E-01   -2.770818E-01   -1.204549E-01   -2.992159E-02
   -8.175738E-01   -8.174038E-01   -8.136145E-01   -2.764103E-01   -1.200889E-01   -2.984992E-02
   -8.172527E-01   -8.170819E-01   -8.132742E-01   -2.757475E-01   -1.197266E-01   -2.977920E-02
   -8.169293E-01   -8.167576E-01   -8.129315E-01   -2.750933E-01   -1.193681E-01   -2.970958E-02
   -8.166034E-01   -8.164309E-01   -8.125864E-01   -2.744476E-01   -1.190135E-01   -2.964122E-02
   -8.162752E-01   -8.161019E-01   -8.122389E-01   -2.738104E-01   -1.186631E-01   -2.957425E-02
   -8.159446E-01   -8.157704E-01   -8.118890E-01   -2.731815E-01   -1.183168E-01   -2.950876E-02
   -8.156115E-01   -8.154365E-01   -8.115367E-01   -2.725610E-01   -1.179748E-01   -2.944486E-02
   -8.152760E-01   -8.151002E-01   -8.111819E-01   -2.719487E-01   -1.176371E-01   -2.938260E-02
   -8.149381E-01   -8.147614E-01   -8.108247E-01   -2.713445E-01   -1.173039E-01   -2.932204E-02
   -8.145977E-01   -8.144203E-01   -8.104651E-01   -2.707483E-01   -1.169752E-01   -2.926319E-02
   -8.142550E-01   -8.140767E-01   -8.101030E-01   -2.701600E-01   -1.166511E-01   -2.920608E-02
   -8.139099E-01   -8.137307E-01   -8.097385E-01   -2.695796E-01   -1.163316E-01   -2.915070E-02
   -8.135624E-01   -8.133824E-01   -8.093717E-01   -2.690068E-01   -1.160167E-01   -2.909701E-02
   -8.132126E-01   -8.130318E-01   -8.090026E-01   -2.684417E-01   -1.157066E-01   -2.904499E-02
   -8.128605E-01   -8.126789E-01   -8.086312E-01   -2.678840E-01   -1.154011E-01   -2.899458E-02
   -8.125062E-01   -8.123237E-01   -8.082575E-01   -2.673337E-01   -1.151003E-01   -2.894571E-02
   -8.121497E-01   -8.119664E-01   -8.078816E-01   -2.667906E-01   -1.148042E-01   -2.889832E-02
   -8.117911E-01   -8.116070E-01   -8.075037E-01   -2.662546E-01   -1.145128E-01   -2.885230E-02
   -8.114305E-01   -8.112455E-01   -8.071237E-01   -2.657256E-01   -1.142260E-01   -2.880758E-02
   -8.110679E-01   -8.108821E-01   -8.067417E-01   -2.652033E-01   -1.139439E-01   -2.876405E-02
   -8.107035E-01   -8.105168E-01   -8.063578E-01   -2.646878E-01   -1.136665E-01   -2.872159E-02
   -8.103373E-01   -8.101498E-01   -8.059722E-01   -2.641788E-01   -1.133936E-01   -2.868011E-02
   -8.099694E-01   -8.097810E-01   -8.055849E-01   -2.636763E-01   -1.131252E-01   -2.863949E-02
   -8.096000E-01   -8.094107E-01   -8.051960E-01   -2.631800E-01   -1.128613E-01   -2.859961E-02
   -8.092291E-01   -8.090390E-01   -8.048056E-01   -2.626898E-01   -1.126019E-01   -2.856035E-02
   -8.088569E-01   -8.086660E-01   -8.044139E-01   -2.622056E-01   -1.123468E-01   -2.852160E-02
   -8.084834E-01   -8.082917E-01   -8.040209E-01   -2.617272E-01   -1.120961E-01   -2.848325E-02
   -8.081090E-01   -8.079164E-01   -8.036269E-01   -2.612545E-01   -1.118496E-01   -2.844518E-02
   -8.077335E-01   -8.075401E-01   -8.032318E-01   -2.607874E-01   -1.116073E-01   -2.840729E-02
   -8.073573E-01   -8.071630E-01   -8.028360E-01   -2.603257E-01   -1.113692E-01   -2.836947E-02
   -8.069805E-01   -8.067853E-01   -8.024395E-01   -2.598692E-01   -1.111352E-01   -2.833162E-02
   -8.066031E-01   -8.064071E-01   -8.020424E-01   -2.594179E-01   -1.109051E-01   -2.829366E-02
   -8.062254E-01   -8.060285E-01   -8.016449E-01   -2.589715E-01   -1.106790E-01   -2.825550E-02
   -8.058474E-01   -8.056497E-01   -8.012472E-01   -2.585300E-01   -1.104568E-01   -2.821707E-02
   -8.054695E-01   -8.052709E-01   -8.008494E-01   -2.580932E-01   -1.102384E-01   -2.817829E-02
   -8.050916E-01   -8.048922E-01   -8.004516E-01   -2.576610E-01   -1.100238E-01   -2.813912E-02
   -8.047140E-01   -8.045137E-01   -8.000541E-01   -2.572333E-01   -1.098129E-01   -2.809951E-02
   -8.043368E-01   -8.041356E-01   -7.996569E-01   -2.568099E-01   -1.096056E-01   -2.805942E-02
   -8.039601E-01   -8.037581E-01   -7.992601E-01   -2.563908E-01   -1.094020E-01   -2.801883E-02
   -8.035842E-01   -8.033813E-01   -7.988641E-01   -2.559757E-01   -1.092019E-01   -2.797772E-02
   -8.032092E-01   -8.030054E-01   -7.984688E-01   -2.555647E-01   -1.090053E-01   -2.793608E-02
   -8.028351E-01   -8.026304E-01   -7.980745E-01   -2.551576E-01   -1.088121E-01   -2.789394E-02
   -8.024622E-01   -8.022567E-01   -7.976812E-01   -2.547542E-01   -1.086223E-01   -2.785129E-02
   -8.020906E-01   -8.018842E-01   -7.972891E-01   -2.543546E-01   -1.084360E-01   -2.780817E-02
   -8.017204E-01   -8.015131E-01   -7.968984E-01   -2.539586E-01   -1.082529E-01   -2.776461E-02
   -8.013518E-01   -8.011436E-01   -7.965092E-01   -2.535661E-01   -1.080731E-01   -2.772065E-02
   -8.009849E-01   -8.007758E-01   -7.961215E-01   -2.531771E-01   -1.078966E-01   -2.767633E-02
   -8.006198E-01   -8.004098E-01   -7.957356E-01   -2.527915E-01   -1.077232E-01   -2.763172E-02
   -8.002566E-01   -8.000457E-01   -7.953515E-01   -2.524091E-01   -1.075531E-01   -2.758685E-02
   -7.998955E-01   -7.996837E-01   -7.949694E-01   -2.520300E-01   -1.073860E-01   -2.754179E-02
   -7.995366E-01   -7.993238E-01   -7.945893E-01   -2.516541E-01   -1.072221E-01   -2.749660E-02
   -7.991799E-01   -7.989662E-01   -7.942114E-01   -2.512812E-01   -1.070612E-01   -2.745132E-02
   -7.988255E-01   -7.986109E-01   -7.938357E-01   -2.509115E-01   -1.069034E-01   -2.740602E-02
   -7.984736E-01   -7.982581E-01   -7.934623E-01   -2.505447E-01   -1.067486E-01   -2.736073E-02
   -7.981243E-01   -7.979078E-01   -7.930914E-01   -2.501809E-01   -1.065967E-01   -2.731552E-02
   -7.977776E-01   -7.975602E-01   -7.927229E-01   -2.498200E-01   -1.064477E-01   -2.727040E-02
   -7.974335E-01   -7.972152E-01   -7.923571E-01   -2.494620E-01   -1.063016E-01   -2.722543E-02
   -7.970922E-01   -7.968729E-01   -7.919938E-01   -2.491069E-01   -1.061583E-01   -2.718063E-02
   -7.967538E-01   -7.965335E-01   -7.916332E-01   -2.487545E-01   -1.060178E-01   -2.713601E-02
   -7.964182E-01   -7.961969E-01   -7.912754E-01   -2.484050E-01   -1.058800E-01   -2.709159E-02
   -7.960855E-01   -7.958633E-01   -7.909204E-01   -2.480582E-01   -1.057448E-01   -2.704739E-02
   -7.957558E-01   -7.955327E-01   -7.905682E-01   -2.477141E-01   -1.056123E-01   -2.700341E-02
   -7.954292E-01   -7.952050E-01   -7.902189E-01   -2.473728E-01   -1.054823E-01   -2.695965E-02
   -7.951056E-01   -7.948804E-01   -7.898725E-01   -2.470341E-01   -1.053547E-01   -2.691610E-02
   -7.947850E-01   -7.945589E-01   -7.895291E-01   -2.466981E-01   -1.052296E-01   -2.687276E-02
   -7.944676E-01   -7.942405E-01   -7.891886E-01   -2.463648E-01   -1.051067E-01   -2.682962E-02
   -7.941534E-01   -7.939252E-01   -7.888511E-01   -2.460342E-01   -1.049861E-01   -2.678668E-02
   -7.938422E-01   -7.936131E-01   -7.885166E-01   -2.457061E-01   -1.048677E-01   -2.674393E-02
   -7.935343E-01   -7.933041E-01   -7.881852E-01   -2.453807E-01   -1.047513E-01   -2.670137E-02
   -7.932295E-01   -7.929983E-01   -7.878567E-01   -2.450579E-01   -1.046369E-01   -2.665899E-02
   -7.929279E-01   -7.926956E-01   -7.875313E-01   -2.447377E-01   -1.045243E-01   -2.661680E-02
   -7.926295E-01   -7.923962E-01   -7.872089E-01   -2.444201E-01   -1.044135E-01   -2.657480E-02
   -7.923343E-01   -7.920999E-01   -7.868896E-01   -2.441051E-01   -1.043043E-01   -2.653301E-02
   -7.920422E-01   -7.918068E-01   -7.865732E-01   -2.437927E-01   -1.041966E-01   -2.649143E-02
   -7.917534E-01   -7.915169E-01   -7.862599E-01   -2.434828E-01   -1.040904E-01   -2.645008E-02
   -7.914677E-01   -7.912301E-01   -7.859497E-01   -2.431755E-01   -1.039854E-01   -2.640899E-02
   -7.911852E-01   -7.909465E-01   -7.856424E-01   -2.428707E-01   -1.038816E-01   -2.636816E-02
   -7.909058E-01   -7.906661E-01   -7.853381E-01   -2.425685E-01   -1.037789E-01   -2.632762E-02
   -7.906295E-01   -7.903887E-01   -7.850367E-01   -2.422688E-01   -1.036770E-01   -2.628740E-02
   -7.903564E-01   -7.901145E-01   -7.847383E-01   -2.419717E-01   -1.035760E-01   -2.624751E-02
   -7.900863E-01   -7.898433E-01   -7.844429E-01   -2.416771E-01   -1.034756E-01   -2.620797E-02
   -7.898194E-01   -7.895753E-01   -7.841504E-01   -2.413849E-01   -1.033756E-01   -2.616879E-02
   -7.895555E-01   -7.893102E-01   -7.838607E-01   -2.410953E-01   -1.032761E-01   -2.612999E-02
   -7.892946E-01   -7.890482E-01   -7.835739E-01   -2.408081E-01   -1.031768E-01   -2.609156E-02
   -7.890367E-01   -7.887892E-01   -7.832900E-01   -2.405235E-01   -1.030777E-01   -2.605351E-02
   -7.887818E-01   -7.885332E-01   -7.830089E-01   -2.402413E-01   -1.029785E-01   -2.601582E-02
   -7.885299E-01   -7.882801E-01   -7.827306E-01   -2.399615E-01   -1.028791E-01   -2.597848E-02
   -7.882809E-01   -7.880300E-01   -7.824550E-01   -2.396842E-01   -1.027795E-01   -2.594148E-02
   -7.880348E-01   -7.877827E-01   -7.821822E-01   -2.394093E-01   -1.026794E-01   -2.590477E-02
   -7.877916E-01   -7.875383E-01   -7.819120E-01   -2.391367E-01   -1.025788E-01   -2.586833E-02
   -7.875512E-01   -7.872968E-01   -7.816446E-01   -2.388666E-01   -1.024776E-01   -2.583212E-02
   -7.873137E-01   -7.870580E-01   -7.813798E-01   -2.385988E-01   -1.023756E-01   -2.579610E-02
   -7.870789E-01   -7.868221E-01   -7.811176E-01   -2.383334E-01   -1.022727E-01   -2.576024E-02
   -7.868469E-01   -7.865888E-01   -7.808580E-01   -2.380703E-01   -1.021688E-01   -2.572447E-02
   -7.866176E-01   -7.863584E-01   -7.806010E-01   -2.378095E-01   -1.020638E-01   -2.568876E-02
   -7.863910E-01   -7.861306E-01   -7.803465E-01   -2.375510E-01   -1.019576E-01   -2.565308E-02
   -7.861671E-01   -7.859054E-01   -7.800944E-01   -2.372947E-01   -1.018502E-01   -2.561737E-02
   -7.859458E-01   -7.856829E-01   -7.798449E-01   -2.370406E-01   -1.017414E-01   -2.558161E-02
   -7.857271E-01   -7.854630E-01   -7.795978E-01   -2.367888E-01   -1.016312E-01   -2.554576E-02
   -7.855110E-01   -7.852456E-01   -7.793530E-01   -2.365391E-01   -1.015195E-01   -2.550980E-02
   -7.852974E-01   -7.850308E-01   -7.791107E-01   -2.362915E-01   -1.014062E-01   -2.547371E-02
   -7.850864E-01   -7.848185E-01   -7.788707E-01   -2.360460E-01   -1.012913E-01   -2.543749E-02
   -7.848778E-01   -7.846086E-01   -7.786329E-01   -2.358027E-01   -1.011748E-01   -2.540111E-02
   -7.846717E-01   -7.844012E-01   -7.783975E-01   -2.355613E-01   -1.010566E-01   -2.536459E-02
   -7.844679E-01   -7.841962E-01   -7.781643E-01   -2.353220E-01   -1.009367E-01   -2.532792E-02
   -7.842666E-01   -7.839936E-01   -7.779333E-01   -2.350846E-01   -1.008150E-01   -2.529112E-02
   -7.840677E-01   -7.837933E-01   -7.777045E-01   -2.348492E-01   -1.006916E-01   -2.525419E-02
   -7.838710E-01   -7.835954E-01   -7.774778E-01   -2.346156E-01   -1.005665E-01   -2.521715E-02
   -7.836767E-01   -7.833997E-01   -7.772533E-01   -2.343839E-01   -1.004396E-01   -2.518002E-02
   -7.834846E-01   -7.832063E-01   -7.770308E-01   -2.341541E-01   -1.003111E-01   -2.514282E-02
   -7.832947E-01   -7.830151E-01   -7.768105E-01   -2.339259E-01   -1.001808E-01   -2.510556E-02
   -7.831071E-01   -7.828261E-01   -7.765921E-01   -2.336996E-01   -1.000489E-01   -2.506827E-02
   -7.829216E-01   -7.826393E-01   -7.763757E-01   -2.334748E-01   -9.991533E-02   -2.503096E-02
   -7.827383E-01   -7.824546E-01   -7.761613E-01   -2.332518E-01   -9.978022E-02   -2.499365E-02
   -7.825571E-01   -7.822721E-01   -7.759488E-01   -2.330303E-01   -9.964360E-02   -2.495636E-02
   -7.823780E-01   -7.820916E-01   -7.757383E-01   -2.328103E-01   -9.950552E-02   -2.491909E-02
   -7.822009E-01   -7.819131E-01   -7.755296E-01   -2.325918E-01   -9.936607E-02   -2.488187E-02
   -7.820259E-01   -7.817367E-01   -7.753228E-01   -2.323748E-01   -9.922530E-02   -2.484471E-02
   -7.818528E-01   -7.815623E-01   -7.751178E-01   -2.321592E-01   -9.908330E-02   -2.480762E-02
   -7.816818E-01   -7.813898E-01   -7.749145E-01   -2.319449E-01   -9.894016E-02   -2.477061E-02
   -7.815127E-01   -7.812193E-01   -7.747131E-01   -2.317318E-01   -9.879596E-02   -2.473370E-02
   -7.813455E-01   -7.810507E-01   -7.745134E-01   -2.315200E-01   -9.865080E-02   -2.469691E-02
   -7.811802E-01   -7.808840E-01   -7.743154E-01   -2.313094E-01   -9.850478E-02   -2.466024E-02
   -7.810168E-01   -7.807191E-01   -7.741190E-01   -2.310999E-01   -9.835798E-02   -2.462372E-02
   -7.808552E-01   -7.805561E-01   -7.739244E-01   -2.308915E-01   -9.821052E-02   -2.458736E-02
   -7.806954E-01   -7.803949E-01   -7.737313E-01   -2.306840E-01   -9.806250E-02   -2.455119E-02
   -7.805374E-01   -7.802354E-01   -7.735399E-01   -2.304776E-01   -9.791402E-02   -2.451521E-02
   -7.803812E-01   -7.800777E-01   -7.733500E-01   -2.302720E-01   -9.776517E-02   -2.447945E-02
   -7.802267E-01   -7.799217E-01   -7.731617E-01   -2.300672E-01   -9.761608E-02   -2.444393E-02
   -7.800739E-01   -7.797674E-01   -7.729749E-01   -2.298632E-01   -9.746684E-02   -2.440866E-02
   -7.799228E-01   -7.796148E-01   -7.727897E-01   -2.296599E-01   -9.731754E-02   -2.437365E-02
   -7.797733E-01   -7.794639E-01   -7.726058E-01   -2.294573E-01   -9.716829E-02   -2.433892E-02
   -7.791363E-01   -7.788202E-01   -7.718157E-01   -2.285740E-01   -9.651600E-02   -2.418975E-02
   -7.785288E-01   -7.782059E-01   -7.710515E-01   -2.276969E-01   -9.587353E-02   -2.404531E-02
   -7.779490E-01   -7.776190E-01   -7.703113E-01   -2.268210E-01   -9.524610E-02   -2.390370E-02
   -7.773951E-01   -7.770579E-01   -7.695932E-01   -2.259411E-01   -9.463658E-02   -2.376286E-02
   -7.768653E-01   -7.765208E-01   -7.688955E-01   -2.250524E-01   -9.404543E-02   -2.362179E-02
   -7.763582E-01   -7.760061E-01   -7.682166E-01   -2.241504E-01   -9.347096E-02   -2.348050E-02
   -7.758721E-01   -7.755123E-01   -7.675550E-01   -2.232308E-01   -9.290998E-02   -2.333905E-02
   -7.754057E-01   -7.750381E-01   -7.669092E-01   -2.222900E-01   -9.235855E-02   -2.319729E-02
   -7.749577E-01   -7.745820E-01   -7.662778E-01   -2.213248E-01   -9.181291E-02   -2.305541E-02
   -7.745269E-01   -7.741429E-01   -7.656595E-01   -2.203329E-01   -9.127025E-02   -2.291509E-02
   -7.741120E-01   -7.737196E-01   -7.650531E-01   -2.193126E-01   -9.072929E-02   -2.277841E-02
   -7.737119E-01   -7.733109E-01   -7.644575E-01   -2.182628E-01   -9.019048E-02   -2.264625E-02
   -7.733258E-01   -7.729159E-01   -7.638715E-01   -2.171834E-01   -8.965592E-02   -2.251737E-02
   -7.729525E-01   -7.725337E-01   -7.632943E-01   -2.160751E-01   -8.912878E-02   -2.238964E-02
   -7.725912E-01   -7.721632E-01   -7.627247E-01   -2.149393E-01   -8.861263E-02   -2.226194E-02
   -7.722410E-01   -7.718037E-01   -7.621620E-01   -2.137781E-01   -8.811053E-02   -2.213434E-02
   -7.719013E-01   -7.714543E-01   -7.616053E-01   -2.125944E-01   -8.762432E-02   -2.200697E-02
   -7.715712E-01   -7.711144E-01   -7.610538E-01   -2.113917E-01   -8.715408E-02   -2.187951E-02
   -7.712501E-01   -7.707833E-01   -7.605068E-01   -2.101737E-01   -8.669797E-02   -2.175222E-02
   -7.709373E-01   -7.704604E-01   -7.599635E-01   -2.089449E-01   -8.625250E-02   -2.162645E-02
   -7.706324E-01   -7.701449E-01   -7.594233E-01   -2.077098E-01   -8.581309E-02   -2.150359E-02
   -7.703346E-01   -7.698365E-01   -7.588856E-01   -2.064729E-01   -8.537495E-02   -2.138366E-02
   -7.700435E-01   -7.695346E-01   -7.583499E-01   -2.052389E-01   -8.493388E-02   -2.126555E-02
   -7.697587E-01   -7.692386E-01   -7.578155E-01   -2.040121E-01   -8.448705E-02   -2.114825E-02
   -7.694797E-01   -7.689483E-01   -7.572821E-01   -2.027965E-01   -8.403334E-02   -2.103127E-02
   -7.692061E-01   -7.686631E-01   -7.567491E-01   -2.015957E-01   -8.357336E-02   -2.091412E-02
   -7.689375E-01   -7.683828E-01   -7.562160E-01   -2.004126E-01   -8.310908E-02   -2.079678E-02
   -7.686737E-01   -7.681069E-01   -7.556825E-01   -1.992495E-01   -8.264320E-02   -2.068012E-02
   -7.684142E-01   -7.678351E-01   -7.551481E-01   -1.981080E-01   -8.217842E-02   -2.056526E-02
   -7.681588E-01   -7.675672E-01   -7.546126E-01   -1.969890E-01   -8.171689E-02   -2.045248E-02
   -7.679072E-01   -7.673028E-01   -7.540755E-01   -1.958925E-01   -8.125988E-02   -2.034136E-02
   -7.676592E-01   -7.670417E-01   -7.535365E-01   -1.948179E-01   -8.080777E-02   -2.023155E-02
   -7.674146E-01   -7.667838E-01   -7.529953E-01   -1.937640E-01   -8.036038E-02   -2.012262E-02
   -7.671731E-01   -7.665287E-01   -7.524517E-01   -1.927292E-01   -7.991741E-02   -2.001366E-02
   -7.669346E-01   -7.662763E-01   -7.519053E-01   -1.917112E-01   -7.947886E-02   -1.990431E-02
   -7.666989E-01   -7.660264E-01   -7.513559E-01   -1.907078E-01   -7.904523E-02   -1.979558E-02
   -7.664657E-01   -7.657789E-01   -7.508033E-01   -1.897163E-01   -7.861748E-02   -1.968829E-02
   -7.662351E-01   -7.655335E-01   -7.502472E-01   -1.887344E-01   -7.819663E-02   -1.958292E-02
   -7.660069E-01   -7.652903E-01   -7.496875E-01   -1.877599E-01   -7.778334E-02   -1.947869E-02
   -7.657809E-01   -7.650489E-01   -7.491238E-01   -1.867908E-01   -7.737753E-02   -1.937554E-02
   -7.655570E-01   -7.648095E-01   -7.485560E-01   -1.858257E-01   -7.697819E-02   -1.927296E-02
   -7.653352E-01   -7.645717E-01   -7.479840E-01   -1.848635E-01   -7.658359E-02   -1.917025E-02
   -7.651154E-01   -7.643356E-01   -7.474075E-01   -1.839039E-01   -7.619172E-02   -1.906771E-02
   -7.648974E-01   -7.641011E-01   -7.468263E-01   -1.829469E-01   -7.580089E-02   -1.896618E-02
   -7.646813E-01   -7.638681E-01   -7.462404E-01   -1.819930E-01   -7.541011E-02   -1.886597E-02
   -7.644670E-01   -7.636365E-01   -7.456495E-01   -1.810431E-01   -7.501931E-02   -1.876705E-02
   -7.642543E-01   -7.634063E-01   -7.450535E-01   -1.800985E-01   -7.462906E-02   -1.866917E-02
   -7.640434E-01   -7.631774E-01   -7.444523E-01   -1.791606E-01   -7.424018E-02   -1.857165E-02
   -7.638341E-01   -7.629498E-01   -7.438456E-01   -1.782308E-01   -7.385317E-02   -1.847420E-02
   -7.636264E-01   -7.627235E-01   -7.432334E-01   -1.773102E-01   -7.346801E-02   -1.837720E-02
   -7.634202E-01   -7.624983E-01   -7.426156E-01   -1.763999E-01   -7.308421E-02   -1.828100E-02
   -7.632156E-01   -7.622743E-01   -7.419919E-01   -1.755006E-01   -7.270126E-02   -1.818586E-02
   -7.630126E-01   -7.620515E-01   -7.413623E-01   -1.746124E-01   -7.231911E-02   -1.809197E-02
   -7.628111E-01   -7.618298E-01   -7.407266E-01   -1.737350E-01   -7.193856E-02   -1.799876E-02
   -7.626110E-01   -7.616092E-01   -7.400847E-01   -1.728678E-01   -7.156112E-02   -1.790563E-02
   -7.624125E-01   -7.613897E-01   -7.394365E-01   -1.720095E-01   -7.118853E-02   -1.781286E-02
   -7.622155E-01   -7.611713E-01   -7.387819E-01   -1.711587E-01   -7.082200E-02   -1.772072E-02
   -7.620199E-01   -7.609539E-01   -7.381206E-01   -1.703138E-01   -7.046169E-02   -1.762941E-02
   -7.618258E-01   -7.607376E-01   -7.374527E-01   -1.694731E-01   -7.010651E-02   -1.753919E-02
   -7.616333E-01   -7.605224E-01   -7.367780E-01   -1.686351E-01   -6.975461E-02   -1.744968E-02
   -7.614422E-01   -7.603082E-01   -7.360963E-01   -1.677984E-01   -6.940419E-02   -1.736040E-02
   -7.612526E-01   -7.600950E-01   -7.354076E-01   -1.669622E-01   -6.905417E-02   -1.727143E-02
   -7.610645E-01   -7.598828E-01   -7.347117E-01   -1.661259E-01   -6.870455E-02   -1.718300E-02
   -7.608779E-01   -7.596717E-01   -7.340085E-01   -1.652894E-01   -6.835606E-02   -1.709545E-02
   -7.606928E-01   -7.594616E-01   -7.332979E-01   -1.644531E-01   -6.800955E-02   -1.700878E-02
   -7.605092E-01   -7.592525E-01   -7.325797E-01   -1.636178E-01   -6.766529E-02   -1.692261E-02
   -7.603271E-01   -7.590445E-01   -7.318539E-01   -1.627845E-01   -6.732288E-02   -1.683676E-02
   -7.601466E-01   -7.588374E-01   -7.311202E-01   -1.619544E-01   -6.698159E-02   -1.675123E-02
   -7.599676E-01   -7.586314E-01   -7.303786E-01   -1.611287E-01   -6.664096E-02   -1.666633E-02
   -7.597902E-01   -7.584264E-01   -7.296290E-01   -1.603085E-01   -6.630160E-02   -1.658233E-02
   -7.596144E-01   -7.582224E-01   -7.288711E-01   -1.594944E-01   -6.596444E-02   -1.649888E-02
   -7.594401E-01   -7.580194E-01   -7.281050E-01   -1.586872E-01   -6.563079E-02   -1.641584E-02
   -7.592674E-01   -7.578175E-01   -7.273303E-01   -1.578869E-01   -6.530131E-02   -1.633309E-02
   -7.590962E-01   -7.576165E-01   -7.265471E-01   -1.570935E-01   -6.497569E-02   -1.625083E-02
   -7.589267E-01   -7.574166E-01   -7.257552E-01   -1.563066E-01   -6.465294E-02   -1.616936E-02
   -7.587588E-01   -7.572176E-01   -7.249545E-01   -1.555256E-01   -6.433200E-02   -1.608849E-02
   -7.585925E-01   -7.570196E-01   -7.241447E-01   -1.547501E-01   -6.401234E-02   -1.600800E-02
   -7.584278E-01   -7.568227E-01   -7.233258E-01   -1.539795E-01   -6.369398E-02   -1.592780E-02
   -7.582648E-01   -7.566267E-01   -7.224976E-01   -1.532136E-01   -6.337712E-02   -1.584813E-02
   -7.581034E-01   -7.564317E-01   -7.216600E-01   -1.524521E-01   -6.306176E-02   -1.576909E-02
   -7.579436E-01   -7.562377E-01   -7.208129E-01   -1.516952E-01   -6.274762E-02   -1.569066E-02
   -7.577855E-01   -7.560446E-01   -7.199561E-01   -1.509429E-01   -6.243445E-02   -1.561254E-02
   -7.576290E-01   -7.558525E-01   -7.190894E-01   -1.501957E-01   -6.212249E-02   -1.553474E-02
   -7.574742E-01   -7.556614E-01   -7.182127E-01   -1.494537E-01   -6.181241E-02   -1.545752E-02
   -7.573211E-01   -7.554711E-01   -7.173259E-01   -1.487172E-01   -6.150492E-02   -1.538087E-02
   -7.571696E-01   -7.552819E-01   -7.164288E-01   -1.479861E-01   -6.120024E-02   -1.530470E-02
   -7.570198E-01   -7.550935E-01   -7.155212E-01   -1.472602E-01   -6.089805E-02   -1.522879E-02
   -7.568717E-01   -7.549060E-01   -7.146031E-01   -1.465393E-01   -6.059786E-02   -1.515332E-02
   -7.567253E-01   -7.547194E-01   -7.136742E-01   -1.458226E-01   -6.029939E-02   -1.507841E-02
   -7.565805E-01   -7.545337E-01   -7.127344E-01   -1.451097E-01   -6.000278E-02   -1.500401E-02
   -7.564375E-01   -7.543488E-01   -7.117836E-01   -1.444000E-01   -5.970794E-02   -1.492992E-02
   -7.562961E-01   -7.541648E-01   -7.108216E-01   -1.436932E-01   -5.941456E-02   -1.485619E-02
   -7.561564E-01   -7.539816E-01   -7.098482E-01   -1.429891E-01   -5.912209E-02   -1.478297E-02
   -7.560183E-01   -7.537992E-01   -7.088633E-01   -1.422876E-01   -5.883032E-02   -1.471027E-02
   -7.558820E-01   -7.536176E-01   -7.078668E-01   -1.415890E-01   -5.853974E-02   -1.463788E-02
   -7.557473E-01   -7.534367E-01   -7.068585E-01   -1.408937E-01   -5.825116E-02   -1.456585E-02
   -7.556143E-01   -7.532566E-01   -7.058382E-01   -1.402020E-01   -5.796495E-02   -1.449428E-02
   -7.554829E-01   -7.530772E-01   -7.048058E-01   -1.395142E-01   -5.768092E-02   -1.442320E-02
   -7.553533E-01   -7.528985E-01   -7.037611E-01   -1.388304E-01   -5.739856E-02   -1.435244E-02
   -7.552252E-01   -7.527204E-01   -7.027040E-01   -1.381506E-01   -5.711777E-02   -1.428203E-02
   -7.550989E-01   -7.525430E-01   -7.016344E-01   -1.374747E-01   -5.683872E-02   -1.421207E-02
   -7.549742E-01   -7.523662E-01   -7.005520E-01   -1.368024E-01   -5.656097E-02   -1.414256E-02
   -7.548511E-01   -7.521900E-01   -6.994568E-01   -1.361337E-01   -5.628552E-02   -1.407336E-02
   -7.547297E-01   -7.520143E-01   -6.983485E-01   -1.354683E-01   -5.601049E-02   -1.400451E-02
   -7.546099E-01   -7.518392E-01   -6.972271E-01   -1.348064E-01   -5.573636E-02   -1.393611E-02
   -7.544917E-01   -7.516645E-01   -6.960924E-01   -1.341481E-01   -5.546364E-02   -1.386811E-02
   -7.543751E-01   -7.514903E-01   -6.949443E-01   -1.334939E-01   -5.519278E-02   -1.380040E-02
   -7.542601E-01   -7.513166E-01   -6.937826E-01   -1.328439E-01   -5.492376E-02   -1.373310E-02
   -7.541468E-01   -7.511432E-01   -6.926071E-01   -1.321984E-01   -5.465636E-02   -1.366620E-02
   -7.540350E-01   -7.509702E-01   -6.914179E-01   -1.315572E-01   -5.439057E-02   -1.359964E-02
   -7.539248E-01   -7.507975E-01   -6.902146E-01   -1.309202E-01   -5.412638E-02   -1.353340E-02
   -7.538161E-01   -7.506251E-01   -6.889972E-01   -1.302868E-01   -5.386371E-02   -1.346758E-02
   -7.537090E-01   -7.504530E-01   -6.877656E-01   -1.296567E-01   -5.360210E-02   -1.340211E-02
   -7.536035E-01   -7.502811E-01   -6.865196E-01   -1.290295E-01   -5.334149E-02   -1.333694E-02
   -7.534995E-01   -7.501093E-01   -6.852592E-01   -1.284048E-01   -5.308213E-02   -1.327216E-02
   -7.533970E-01   -7.499376E-01   -6.839842E-01   -1.277827E-01   -5.282426E-02   -1.320775E-02
   -7.532960E-01   -7.497661E-01   -6.826945E-01   -1.271634E-01   -5.256786E-02   -1.314364E-02
   -7.531965E-01   -7.495946E-01   -6.813900E-01   -1.265472E-01   -5.231290E-02   -1.307988E-02
   -7.530985E-01   -7.494231E-01   -6.800705E-01   -1.259342E-01   -5.205957E-02   -1.301650E-02
   -7.530020E-01   -7.492516E-01   -6.787361E-01   -1.253246E-01   -5.180784E-02   -1.295340E-02
   -7.529069E-01   -7.490799E-01   -6.773866E-01   -1.247184E-01   -5.155738E-02   -1.289066E-02
   -7.528132E-01   -7.489082E-01   -6.760219E-01   -1.241155E-01   -5.130786E-02   -1.282828E-02
   -7.527210E-01   -7.487363E-01   -6.746420E-01   -1.235155E-01   -5.105945E-02   -1.276619E-02
   -7.526302E-01   -7.485641E-01   -6.732467E-01   -1.229184E-01   -5.081238E-02   -1.270442E-02
   -7.525408E-01   -7.483917E-01   -6.718360E-01   -1.223242E-01   -5.056663E-02   -1.264294E-02
   -7.524528E-01   -7.482189E-01   -6.704099E-01   -1.217329E-01   -5.032218E-02   -1.258190E-02
   -7.523662E-01   -7.480458E-01   -6.689683E-01   -1.211449E-01   -5.007917E-02   -1.252111E-02
   -7.522809E-01   -7.478722E-01   -6.675111E-01   -1.205604E-01   -4.983768E-02   -1.246066E-02
   -7.521970E-01   -7.476982E-01   -6.660383E-01   -1.199794E-01   -4.959745E-02   -1.240050E-02
   -7.521144E-01   -7.475236E-01   -6.645498E-01   -1.194019E-01   -4.935821E-02   -1.234066E-02
   -7.520331E-01   -7.473484E-01   -6.630457E-01   -1.188276E-01   -4.912005E-02   -1.228114E-02
   -7.519531E-01   -7.471726E-01   -6.615259E-01   -1.182562E-01   -4.888315E-02   -1.222191E-02
   -7.518743E-01   -7.469961E-01   -6.599904E-01   -1.176875E-01   -4.864690E-02   -1.216300E-02
   -7.517969E-01   -7.468189E-01   -6.584391E-01   -1.171214E-01   -4.841301E-02   -1.210440E-02
   -7.517207E-01   -7.466408E-01   -6.568722E-01   -1.165579E-01   -4.817998E-02   -1.204608E-02
   -7.516457E-01   -7.464618E-01   -6.552896E-01   -1.159971E-01   -4.794822E-02   -1.198808E-02
   -7.515719E-01   -7.462820E-01   -6.536913E-01   -1.154392E-01   -4.771754E-02   -1.193037E-02
   -7.514994E-01   -7.461011E-01   -6.520774E-01   -1.148842E-01   -4.748795E-02   -1.187295E-02
   -7.514280E-01   -7.459192E-01   -6.504478E-01   -1.143320E-01   -4.725947E-02   -1.181584E-02
   -7.513578E-01   -7.457362E-01   -6.488027E-01   -1.137822E-01   -4.703207E-02   -1.175900E-02
   -7.512887E-01   -7.455520E-01   -6.471421E-01   -1.132355E-01   -4.680592E-02   -1.170247E-02
   -7.512208E-01   -7.453665E-01   -6.454661E-01   -1.126913E-01   -4.658110E-02   -1.164622E-02
   -7.511539E-01   -7.451797E-01   -6.437747E-01   -1.121499E-01   -4.635742E-02   -1.159025E-02
   -7.510882E-01   -7.449916E-01   -6.420680E-01   -1.116115E-01   -4.613480E-02   -1.153458E-02
   -7.510236E-01   -7.448020E-01   -6.403461E-01   -1.110761E-01   -4.591327E-02   -1.147921E-02
   -7.509600E-01   -7.446109E-01   -6.386091E-01   -1.105436E-01   -4.569281E-02   -1.142406E-02
   -7.508975E-01   -7.444182E-01   -6.368572E-01   -1.100137E-01   -4.547339E-02   -1.136922E-02
   -7.508360E-01   -7.442238E-01   -6.350904E-01   -1.094865E-01   -4.525521E-02   -1.131467E-02
   -7.507755E-01   -7.440278E-01   -6.333088E-01   -1.089618E-01   -4.503821E-02   -1.126037E-02
   -7.507160E-01   -7.438299E-01   -6.315127E-01   -1.084396E-01   -4.482226E-02   -1.120636E-02
   -7.506575E-01   -7.436301E-01   -6.297022E-01   -1.079201E-01   -4.460739E-02   -1.115263E-02
   -7.506000E-01   -7.434284E-01   -6.278774E-01   -1.074031E-01   -4.439350E-02   -1.109915E-02
   -7.505434E-01   -7.432247E-01   -6.260384E-01   -1.068887E-01   -4.418066E-02   -1.104596E-02
   -7.504877E-01   -7.430188E-01   -6.241856E-01   -1.063767E-01   -4.396895E-02   -1.099301E-02
   -7.504329E-01   -7.428108E-01   -6.223190E-01   -1.058671E-01   -4.375835E-02   -1.094034E-02
   -7.503790E-01   -7.426005E-01   -6.204388E-01   -1.053600E-01   -4.354882E-02   -1.088793E-02
   -7.503260E-01   -7.423878E-01   -6.185454E-01   -1.048555E-01   -4.334030E-02   -1.083578E-02
   -7.502738E-01   -7.421728E-01   -6.166388E-01   -1.043537E-01   -4.313274E-02   -1.078384E-02
   -7.502225E-01   -7.419551E-01   -6.147193E-01   -1.038546E-01   -4.292621E-02   -1.073227E-02
   -7.501719E-01   -7.417349E-01   -6.127871E-01   -1.033580E-01   -4.272077E-02   -1.068089E-02
   -7.501222E-01   -7.415120E-01   -6.108425E-01   -1.028637E-01   -4.251635E-02   -1.062978E-02
   -7.500732E-01   -7.412864E-01   -6.088857E-01   -1.023719E-01   -4.231300E-02   -1.057891E-02
   -7.500250E-01   -7.410578E-01   -6.069171E-01   -1.018824E-01   -4.211058E-02   -1.052830E-02
   -7.499776E-01   -7.408263E-01   -6.049367E-01   -1.013954E-01   -4.190911E-02   -1.047794E-02
   -7.499308E-01   -7.405917E-01   -6.029450E-01   -1.009109E-01   -4.170864E-02   -1.042782E-02
   -7.498847E-01   -7.403540E-01   -6.009422E-01   -1.004286E-01   -4.150926E-02   -1.037795E-02
   -7.498393E-01   -7.401130E-01   -5.989285E-01   -9.994848E-02   -4.131086E-02   -1.032833E-02
   -7.497946E-01   -7.398687E-01   -5.969044E-01   -9.947072E-02   -4.111339E-02   -1.027896E-02
   -7.497504E-01   -7.396209E-01   -5.948700E-01   -9.899539E-02   -4.091678E-02   -1.022982E-02
   -7.497069E-01   -7.393696E-01   -5.928256E-01   -9.852243E-02   -4.072129E-02   -1.018093E-02
   -7.496639E-01   -7.391146E-01   -5.907717E-01   -9.805193E-02   -4.052672E-02   -1.013227E-02
   -7.496215E-01   -7.388558E-01   -5.887084E-01   -9.758372E-02   -4.033313E-02   -1.008386E-02
   -7.495797E-01   -7.385932E-01   -5.866362E-01   -9.711776E-02   -4.014044E-02   -1.003568E-02
   -7.495383E-01   -7.383266E-01   -5.845553E-01   -9.665407E-02   -3.994869E-02   -9.987743E-03
   -7.494975E-01   -7.380559E-01   -5.824661E-01   -9.619267E-02   -3.975786E-02   -9.940034E-03
   -7.494570E-01   -7.377810E-01   -5.803689E-01   -9.573349E-02   -3.956799E-02   -9.892552E-03
   -7.494171E-01   -7.375018E-01   -5.782640E-01   -9.527648E-02   -3.937907E-02   -9.845220E-03
   -7.493775E-01   -7.372182E-01   -5.761517E-01   -9.482160E-02   -3.919102E-02   -9.798232E-03
   -7.493383E-01   -7.369299E-01   -5.740324E-01   -9.436892E-02   -3.900389E-02   -9.751514E-03
   -7.492994E-01   -7.366370E-01   -5.719065E-01   -9.391847E-02   -3.881766E-02   -9.704951E-03
   -7.492608E-01   -7.363393E-01   -5.697742E-01   -9.347024E-02   -3.863236E-02   -9.658614E-03
   -7.492225E-01   -7.360367E-01   -5.676360E-01   -9.302419E-02   -3.844795E-02   -9.612507E-03
   -7.491845E-01   -7.357290E-01   -5.654920E-01   -9.258028E-02   -3.826441E-02   -9.566614E-03
   -7.491467E-01   -7.354160E-01   -5.633428E-01   -9.213854E-02   -3.808174E-02   -9.520946E-03
   -7.491090E-01   -7.350978E-01   -5.611886E-01   -9.169895E-02   -3.789999E-02   -9.475515E-03
   -7.490715E-01   -7.347740E-01   -5.590297E-01   -9.126145E-02   -3.771910E-02   -9.430267E-03
   -7.490341E-01   -7.344447E-01   -5.568664E-01   -9.082597E-02   -3.753907E-02   -9.385319E-03
   -7.489967E-01   -7.341095E-01   -5.546992E-01   -9.039252E-02   -3.735988E-02   -9.340457E-03
   -7.489593E-01   -7.337685E-01   -5.525283E-01   -8.996114E-02   -3.718157E-02   -9.295873E-03
   -7.489219E-01   -7.334214E-01   -5.503541E-01   -8.953185E-02   -3.700411E-02   -9.251505E-03
   -7.488845E-01   -7.330680E-01   -5.481768E-01   -8.910464E-02   -3.682750E-02   -9.207343E-03
   -7.488469E-01   -7.327083E-01   -5.459968E-01   -8.867943E-02   -3.665170E-02   -9.163392E-03
   -7.488091E-01   -7.323420E-01   -5.438144E-01   -8.825621E-02   -3.647675E-02   -9.119650E-03
   -7.487711E-01   -7.319691E-01   -5.416299E-01   -8.783510E-02   -3.630263E-02   -9.076115E-03
   -7.487328E-01   -7.315892E-01   -5.394435E-01   -8.741594E-02   -3.612934E-02   -9.032783E-03
   -7.486941E-01   -7.312023E-01   -5.372557E-01   -8.699869E-02   -3.595684E-02   -8.989658E-03
   -7.486550E-01   -7.308081E-01   -5.350666E-01   -8.658336E-02   -3.578515E-02   -8.946734E-03
   -7.486155E-01   -7.304065E-01   -5.328765E-01   -8.617000E-02   -3.561430E-02   -8.904011E-03
   -7.485754E-01   -7.299974E-01   -5.306857E-01   -8.575856E-02   -3.544422E-02   -8.861488E-03
   -7.485346E-01   -7.295804E-01   -5.284945E-01   -8.534873E-02   -3.527492E-02   -8.819162E-03
   -7.484932E-01   -7.291554E-01   -5.263031E-01   -8.494142E-02   -3.510642E-02   -8.777032E-03
   -7.484509E-01   -7.287221E-01   -5.241118E-01   -8.453572E-02   -3.493871E-02   -8.735097E-03
   -7.484078E-01   -7.282805E-01   -5.219208E-01   -8.413188E-02   -3.477174E-02   -8.693355E-03
   -7.483637E-01   -7.278303E-01   -5.197303E-01   -8.372986E-02   -3.460556E-02   -8.651803E-03
   -7.483186E-01   -7.273711E-01   -5.175406E-01   -8.332965E-02   -3.444013E-02   -8.610443E-03
   -7.482722E-01   -7.269029E-01   -5.153519E-01   -8.293126E-02   -3.427546E-02   -8.569273E-03
   -7.482246E-01   -7.264254E-01   -5.131643E-01   -8.253469E-02   -3.411151E-02   -8.528287E-03
   -7.481755E-01   -7.259383E-01   -5.109781E-01   -8.213988E-02   -3.394833E-02   -8.487482E-03
   -7.481250E-01   -7.254415E-01   -5.087935E-01   -8.174687E-02   -3.378587E-02   -8.446871E-03
   -7.480728E-01   -7.249345E-01   -5.066105E-01   -8.135564E-02   -3.362413E-02   -8.406426E-03
   -7.480187E-01   -7.244172E-01   -5.044295E-01   -8.096611E-02   -3.346311E-02   -8.366167E-03
   -7.479628E-01   -7.238893E-01   -5.022505E-01   -8.057826E-02   -3.330281E-02   -8.326086E-03
   -7.479047E-01   -7.233505E-01   -5.000736E-01   -8.019215E-02   -3.314319E-02   -8.286178E-03
   -7.478443E-01   -7.228006E-01   -4.978991E-01   -7.980767E-02   -3.298427E-02   -8.246449E-03
   -7.477815E-01   -7.222392E-01   -4.957270E-01   -7.942486E-02   -3.282605E-02   -8.206888E-03
   -7.477161E-01   -7.216659E-01   -4.935575E-01   -7.904373E-02   -3.266848E-02   -8.167496E-03
   -7.476478E-01   -7.210806E-01   -4.913907E-01   -7.866421E-02   -3.251160E-02   -8.128272E-03
   -7.475765E-01   -7.204828E-01   -4.892266E-01   -7.828568E-02   -3.235538E-02   -8.089215E-03
   -7.475019E-01   -7.198723E-01   -4.870653E-01   -7.790988E-02   -3.219978E-02   -8.050320E-03
   -7.474237E-01   -7.192486E-01   -4.849069E-01   -7.753506E-02   -3.204486E-02   -8.011579E-03
   -7.473418E-01   -7.186113E-01   -4.827515E-01   -7.716174E-02   -3.189056E-02   -7.972999E-03
   -7.472559E-01   -7.179602E-01   -4.805991E-01   -7.678981E-02   -3.173688E-02   -7.934573E-03
   -7.471656E-01   -7.172948E-01   -4.784497E-01   -7.641960E-02   -3.158380E-02   -7.896303E-03
   -7.470707E-01   -7.166147E-01   -4.763034E-01   -7.605073E-02   -3.143133E-02   -7.858181E-03
   -7.469709E-01   -7.159195E-01   -4.741602E-01   -7.568328E-02   -3.127944E-02   -7.820199E-03
   -7.468657E-01   -7.152087E-01   -4.720200E-01   -7.531722E-02   -3.112813E-02   -7.782377E-03
   -7.467548E-01   -7.144819E-01   -4.698829E-01   -7.495251E-02   -3.097738E-02   -7.744680E-03
   -7.466379E-01   -7.137386E-01   -4.677489E-01   -7.458913E-02   -3.082719E-02   -7.707138E-03
   -7.465146E-01   -7.129782E-01   -4.656179E-01   -7.422707E-02   -3.067754E-02   -7.669749E-03
   -7.463843E-01   -7.122004E-01   -4.634898E-01   -7.386628E-02   -3.052841E-02   -7.632436E-03
   -7.462466E-01   -7.114045E-01   -4.613647E-01   -7.350673E-02   -3.037979E-02   -7.595279E-03
   -7.461011E-01   -7.105899E-01   -4.592423E-01   -7.314837E-02   -3.023167E-02   -7.558229E-03
   -7.459472E-01   -7.097562E-01   -4.571227E-01   -7.279083E-02   -3.008403E-02   -7.521340E-03
   -7.457843E-01   -7.089027E-01   -4.550058E-01   -7.243508E-02   -2.993685E-02   -7.484533E-03
   -7.456118E-01   -7.080287E-01   -4.528913E-01   -7.208007E-02   -2.979010E-02   -7.447853E-03
   -7.454292E-01   -7.071337E-01   -4.507792E-01   -7.172614E-02   -2.964380E-02   -7.411274E-03
   -7.452358E-01   -7.062169E-01   -4.486693E-01   -7.137319E-02   -2.949793E-02   -7.374800E-03
   -7.450308E-01   -7.052776E-01   -4.465615E-01   -7.102118E-02   -2.935244E-02   -7.338425E-03
   -7.448134E-01   -7.043151E-01   -4.444556E-01   -7.067007E-02   -2.920732E-02   -7.302142E-03
   -7.445830E-01   -7.033286E-01   -4.423513E-01   -7.031981E-02   -2.906254E-02   -7.265948E-03
   -7.443387E-01   -7.023174E-01   -4.402485E-01   -6.997036E-02   -2.891811E-02   -7.229833E-03
   -7.440795E-01   -7.012805E-01   -4.381469E-01   -6.962165E-02   -2.877398E-02   -7.193801E-03
   -7.438046E-01   -7.002170E-01   -4.360463E-01   -6.927363E-02   -2.863013E-02   -7.157837E-03
   -7.435128E-01   -6.991262E-01   -4.339463E-01   -6.892614E-02   -2.848654E-02   -7.121938E-03
   -7.432033E-01   -6.980070E-01   -4.318468E-01   -6.857938E-02   -2.834319E-02   -7.086098E-03
   -7.428748E-01   -6.968585E-01   -4.297473E-01   -6.823304E-02   -2.820004E-02   -7.050315E-03
   -7.425261E-01   -6.956796E-01   -4.276475E-01   -6.788713E-02   -2.805708E-02   -7.014563E-03
   -7.421561E-01   -6.944692E-01   -4.255471E-01   -6.754158E-02   -2.791424E-02   -6.978856E-03
   -7.417634E-01   -6.932263E-01   -4.234456E-01   -6.719630E-02   -2.777154E-02   -6.943175E-03
   -7.413465E-01   -6.919496E-01   -4.213428E-01   -6.685117E-02   -2.762891E-02   -6.907516E-03
   -7.409041E-01   -6.906381E-01   -4.192380E-01   -6.650627E-02   -2.748634E-02   -6.871874E-03
   -7.404346E-01   -6.892903E-01   -4.171309E-01   -6.616135E-02   -2.734378E-02   -6.836230E-03
   -7.399363E-01   -6.879051E-01   -4.150210E-01   -6.581639E-02   -2.720120E-02   -6.800697E-03
   -7.394076E-01   -6.864810E-01   -4.129078E-01   -6.547127E-02   -2.705855E-02   -6.764921E-03
   -7.388466E-01   -6.850167E-01   -4.107907E-01   -6.512590E-02   -2.691581E-02   -6.729233E-03
   -7.382515E-01   -6.835108E-01   -4.086691E-01   -6.478019E-02   -2.677293E-02   -6.693511E-03
   -7.376202E-01   -6.819616E-01   -4.065424E-01   -6.443404E-02   -2.662985E-02   -6.657741E-03
   -7.369507E-01   -6.803677E-01   -4.044101E-01   -6.408732E-02   -2.648655E-02   -6.621912E-03
   -7.362408E-01   -6.787273E-01   -4.022715E-01   -6.373993E-02   -2.634297E-02   -6.586016E-03
   -7.354882E-01   -6.770390E-01   -4.001258E-01   -6.339125E-02   -2.619909E-02   -6.550040E-03
   -7.346905E-01   -6.753009E-01   -3.979723E-01   -6.304265E-02   -2.605478E-02   -6.513966E-03
   -7.338453E-01   -6.735113E-01   -3.958104E-01   -6.269252E-02   -2.591007E-02   -6.477786E-03
   -7.329499E-01   -6.716683E-01   -3.936392E-01   -6.234121E-02   -2.576488E-02   -6.441485E-03
   -7.320017E-01   -6.697700E-01   -3.914579E-01   -6.198861E-02   -2.561917E-02   -6.405035E-03
   -7.309979E-01   -6.678147E-01   -3.892658E-01   -6.163456E-02   -2.547281E-02   -6.368465E-03
   -7.299355E-01   -6.658002E-01   -3.870618E-01   -6.127892E-02   -2.532583E-02   -6.331717E-03
   -7.288116E-01   -6.637246E-01   -3.848452E-01   -6.092156E-02   -2.517813E-02   -6.294789E-03
   -7.276231E-01   -6.615858E-01   -3.826151E-01   -6.056231E-02   -2.502965E-02   -6.257669E-03
   -7.263668E-01   -6.593817E-01   -3.803705E-01   -6.020100E-02   -2.488035E-02   -6.220337E-03
   -7.250394E-01   -6.571103E-01   -3.781104E-01   -5.983754E-02   -2.473010E-02   -6.182779E-03
   -7.236375E-01   -6.547694E-01   -3.758339E-01   -5.947171E-02   -2.457890E-02   -6.144977E-03
   -7.221577E-01   -6.523568E-01   -3.735400E-01   -5.910334E-02   -2.442664E-02   -6.106916E-03
   -7.205965E-01   -6.498703E-01   -3.712277E-01   -5.873233E-02   -2.427332E-02   -6.068578E-03
   -7.189504E-01   -6.473079E-01   -3.688959E-01   -5.835841E-02   -2.411880E-02   -6.029953E-03
   -7.172156E-01   -6.446673E-01   -3.665438E-01   -5.798156E-02   -2.396304E-02   -5.990997E-03
   -7.153886E-01   -6.419463E-01   -3.641701E-01   -5.760152E-02   -2.380595E-02   -5.951732E-03
   -7.134657E-01   -6.391429E-01   -3.617740E-01   -5.721812E-02   -2.364749E-02   -5.912116E-03
   -7.114432E-01   -6.362550E-01   -3.593544E-01   -5.683120E-02   -2.348756E-02   -5.872137E-03
   -7.093174E-01   -6.332805E-01   -3.569102E-01   -5.644063E-02   -2.332616E-02   -5.831777E-03
   -7.070847E-01   -6.302174E-01   -3.544407E-01   -5.604621E-02   -2.316316E-02   -5.791024E-03
   -7.047415E-01   -6.270639E-01   -3.519446E-01   -5.564781E-02   -2.299852E-02   -5.749862E-03
   -7.022842E-01   -6.238181E-01   -3.494212E-01   -5.524527E-02   -2.283213E-02   -5.708264E-03
   -6.997094E-01   -6.204782E-01   -3.468696E-01   -5.483845E-02   -2.266400E-02   -5.666228E-03
   -6.970138E-01   -6.170428E-01   -3.442888E-01   -5.442720E-02   -2.249403E-02   -5.623735E-03
   -6.941941E-01   -6.135104E-01   -3.416782E-01   -5.401140E-02   -2.232218E-02   -5.580771E-03
   -6.912474E-01   -6.098795E-01   -3.390370E-01   -5.359093E-02   -2.214840E-02   -5.537325E-03
   -6.881707E-01   -6.061491E-01   -3.363644E-01   -5.316567E-02   -2.197265E-02   -5.493357E-03
   -6.849615E-01   -6.023183E-01   -3.336599E-01   -5.273546E-02   -2.179490E-02   -5.448939E-03
   -6.816172E-01   -5.983861E-01   -3.309230E-01   -5.230041E-02   -2.161505E-02   -5.403979E-03
   -6.781359E-01   -5.943521E-01   -3.281532E-01   -5.186025E-02   -2.143313E-02   -5.358499E-03
   -6.745155E-01   -5.902159E-01   -3.253503E-01   -5.141499E-02   -2.124911E-02   -5.312490E-03
   -6.707545E-01   -5.859774E-01   -3.225138E-01   -5.096458E-02   -2.106296E-02   -5.265952E-03
   -6.668518E-01   -5.816367E-01   -3.196438E-01   -5.050900E-02   -2.087467E-02   -5.218881E-03
   -6.628063E-01   -5.771942E-01   -3.167402E-01   -5.004821E-02   -2.068424E-02   -5.171280E-03
   -6.586177E-01   -5.726505E-01   -3.138030E-01   -4.958230E-02   -2.049168E-02   -5.123126E-03
   -6.542857E-01   -5.680066E-01   -3.108326E-01   -4.911122E-02   -2.029698E-02   -5.074450E-03
   -6.498106E-01   -5.632635E-01   -3.078291E-01   -4.863505E-02   -2.010020E-02   -5.025249E-03
   -6.451930E-01   -5.584229E-01   -3.047931E-01   -4.815492E-02   -1.990148E-02   -4.975528E-03
   -6.404340E-01   -5.534864E-01   -3.017251E-01   -4.766769E-02   -1.970039E-02   -4.925295E-03
   -6.355351E-01   -5.484560E-01   -2.986258E-01   -4.717674E-02   -1.949747E-02   -4.874564E-03
