   1.088627E-187   1.088627E-187   1.088627E-187   1.088627E-187   1.088627E-187   1.088627E-187
  -2.177256E-187  -2.177256E-187  -2.177256E-187  -2.177256E-187  -2.177256E-187  -2.177256E-187
   7.620401E-187   7.620401E-187   7.620401E-187   7.620401E-187   7.620401E-187   7.620401E-187
  -2.830436E-186  -2.830436E-186  -2.830436E-186  -2.830436E-186  -2.830436E-186  -2.830436E-186
   1.055971E-185   1.055971E-185   1.055971E-185   1.055971E-185   1.055971E-185   1.055971E-185
  -3.940842E-185  -3.940842E-185  -3.940842E-185  -3.940842E-185  -3.940842E-185  -3.940842E-185
   1.470740E-184   1.470740E-184   1.470740E-184   1.470740E-184   1.470740E-184   1.470740E-184
  -5.488879E-184  -5.488879E-184  -5.488879E-184  -5.488879E-184  -5.488879E-184  -5.488879E-184
   2.048478E-183   2.048478E-183   2.048478E-183   2.048478E-183   2.048478E-183   2.048478E-183
  -7.645028E-183  -7.645028E-183  -7.645028E-183  -7.645028E-183  -7.645028E-183  -7.645028E-183
   2.853165E-182   2.853165E-182   2.853165E-182   2.853165E-182   2.853165E-182   2.853164E-182
  -1.064816E-181  -1.064816E-181  -1.064816E-181  -1.064816E-181  -1.064816E-181  -1.064816E-181
   3.973949E-181   3.973949E-181   3.973949E-181   3.973949E-181   3.973949E-181   3.973948E-181
  -1.483098E-180  -1.483098E-180  -1.483098E-180  -1.483098E-180  -1.483098E-180  -1.483098E-180
   5.535001E-180   5.535001E-180   5.535001E-180   5.535001E-180   5.535001E-180   5.534999E-180
  -2.065691E-179  -2.065691E-179  -2.065691E-179  -2.065691E-179  -2.065691E-179  -2.065691E-179
   7.709267E-179   7.709267E-179   7.709267E-179   7.709267E-179   7.709267E-179   7.709265E-179
  -2.877139E-178  -2.877139E-178  -2.877139E-178  -2.877139E-178  -2.877139E-178  -2.877138E-178
   1.073763E-177   1.073763E-177   1.073763E-177   1.073763E-177   1.073763E-177   1.073763E-177
  -4.007341E-177  -4.007341E-177  -4.007341E-177  -4.007341E-177  -4.007340E-177  -4.007339E-177
   1.495560E-176   1.495560E-176   1.495560E-176   1.495560E-176   1.495560E-176   1.495560E-176
  -5.581510E-176  -5.581510E-176  -5.581510E-176  -5.581510E-176  -5.581510E-176  -5.581507E-176
   2.083049E-175   2.083049E-175   2.083049E-175   2.083049E-175   2.083049E-175   2.083048E-175
  -7.774047E-175  -7.774047E-175  -7.774047E-175  -7.774047E-175  -7.774046E-175  -7.774043E-175
   2.901315E-174   2.901315E-174   2.901315E-174   2.901315E-174   2.901315E-174   2.901313E-174
  -1.082786E-173  -1.082786E-173  -1.082786E-173  -1.082786E-173  -1.082786E-173  -1.082785E-173
   4.041014E-173   4.041014E-173   4.041014E-173   4.041014E-173   4.041014E-173   4.041011E-173
  -1.508128E-172  -1.508128E-172  -1.508128E-172  -1.508128E-172  -1.508128E-172  -1.508127E-172
   5.628412E-172   5.628412E-172   5.628412E-172   5.628412E-172   5.628412E-172   5.628407E-172
  -2.100553E-171  -2.100553E-171  -2.100553E-171  -2.100553E-171  -2.100553E-171  -2.100551E-171
   7.839375E-171   7.839375E-171   7.839375E-171   7.839375E-171   7.839374E-171   7.839367E-171
  -2.925696E-170  -2.925696E-170  -2.925696E-170  -2.925696E-170  -2.925696E-170  -2.925693E-170
   1.091885E-169   1.091885E-169   1.091885E-169   1.091885E-169   1.091885E-169   1.091884E-169
  -4.074974E-169  -4.074974E-169  -4.074974E-169  -4.074974E-169  -4.074973E-169  -4.074968E-169
   1.520802E-168   1.520802E-168   1.520802E-168   1.520802E-168   1.520802E-168   1.520800E-168
  -5.675713E-168  -5.675713E-168  -5.675713E-168  -5.675713E-168  -5.675712E-168  -5.675704E-168
   2.118206E-167   2.118206E-167   2.118206E-167   2.118206E-167   2.118206E-167   2.118203E-167
  -7.905259E-167  -7.905259E-167  -7.905259E-167  -7.905259E-167  -7.905257E-167  -7.905245E-167
   2.950285E-166   2.950285E-166   2.950285E-166   2.950285E-166   2.950284E-166   2.950279E-166
  -1.101062E-165  -1.101062E-165  -1.101062E-165  -1.101062E-165  -1.101062E-165  -1.101060E-165
   4.109223E-165   4.109223E-165   4.109223E-165   4.109222E-165   4.109221E-165   4.109213E-165
  -1.533584E-164  -1.533584E-164  -1.533584E-164  -1.533584E-164  -1.533583E-164  -1.533580E-164
   5.723418E-164   5.723418E-164   5.723418E-164   5.723417E-164   5.723416E-164   5.723402E-164
  -2.136010E-163  -2.136010E-163  -2.136010E-163  -2.136010E-163  -2.136009E-163  -2.136004E-163
   7.971706E-163   7.971706E-163   7.971706E-163   7.971705E-163   7.971702E-163   7.971681E-163
  -2.975084E-162  -2.975084E-162  -2.975084E-162  -2.975083E-162  -2.975082E-162  -2.975074E-162
   1.110317E-161   1.110317E-161   1.110317E-161   1.110317E-161   1.110317E-161   1.110313E-161
  -4.143765E-161  -4.143765E-161  -4.143765E-161  -4.143764E-161  -4.143763E-161  -4.143749E-161
   1.546476E-160   1.546476E-160   1.546476E-160   1.546475E-160   1.546475E-160   1.546469E-160
  -5.771531E-160  -5.771531E-160  -5.771531E-160  -5.771530E-160  -5.771528E-160  -5.771505E-160
   2.153967E-159   2.153967E-159   2.153967E-159   2.153967E-159   2.153966E-159   2.153957E-159
  -8.038723E-159  -8.038723E-159  -8.038723E-159  -8.038722E-159  -8.038718E-159  -8.038681E-159
   3.000096E-158   3.000096E-158   3.000096E-158   3.000095E-158   3.000094E-158   3.000079E-158
  -1.119652E-157  -1.119652E-157  -1.119652E-157  -1.119652E-157  -1.119651E-157  -1.119646E-157
   4.178604E-157   4.178604E-157   4.178604E-157   4.178604E-157   4.178601E-157   4.178577E-157
  -1.559478E-156  -1.559478E-156  -1.559478E-156  -1.559478E-156  -1.559477E-156  -1.559467E-156
   5.820060E-156   5.820060E-156   5.820060E-156   5.820059E-156   5.820054E-156   5.820016E-156
  -2.172079E-155  -2.172079E-155  -2.172079E-155  -2.172078E-155  -2.172077E-155  -2.172061E-155
   8.106320E-155   8.106320E-155   8.106320E-155   8.106318E-155   8.106311E-155   8.106249E-155
  -3.025324E-154  -3.025324E-154  -3.025324E-154  -3.025324E-154  -3.025321E-154  -3.025296E-154
   1.129068E-153   1.129068E-153   1.129068E-153   1.129068E-153   1.129067E-153   1.129057E-153
  -4.213746E-153  -4.213746E-153  -4.213746E-153  -4.213745E-153  -4.213740E-153  -4.213700E-153
   1.572594E-152   1.572594E-152   1.572594E-152   1.572594E-152   1.572592E-152   1.572576E-152
  -5.869011E-152  -5.869011E-152  -5.869011E-152  -5.869009E-152  -5.869001E-152  -5.868937E-152
   2.190348E-151   2.190348E-151   2.190348E-151   2.190348E-151   2.190345E-151   2.190319E-151
  -8.174507E-151  -8.174507E-151  -8.174507E-151  -8.174504E-151  -8.174492E-151  -8.174388E-151
   3.050773E-150   3.050773E-150   3.050773E-150   3.050772E-150   3.050767E-150   3.050725E-150
  -1.138566E-149  -1.138566E-149  -1.138566E-149  -1.138566E-149  -1.138564E-149  -1.138547E-149
   4.249196E-149   4.249196E-149   4.249196E-149   4.249194E-149   4.249186E-149   4.249119E-149
  -1.585825E-148  -1.585825E-148  -1.585825E-148  -1.585824E-148  -1.585821E-148  -1.585794E-148
   5.918392E-148   5.918392E-148   5.918392E-148   5.918389E-148   5.918376E-148   5.918267E-148
  -2.208779E-147  -2.208779E-147  -2.208779E-147  -2.208778E-147  -2.208773E-147  -2.208729E-147
   8.243295E-147   8.243295E-147   8.243295E-147   8.243290E-147   8.243269E-147   8.243094E-147
  -3.076447E-146  -3.076447E-146  -3.076447E-146  -3.076445E-146  -3.076437E-146  -3.076366E-146
   1.148149E-145   1.148149E-145   1.148149E-145   1.148148E-145   1.148144E-145   1.148116E-145
  -4.284960E-145  -4.284960E-145  -4.284960E-145  -4.284957E-145  -4.284944E-145  -4.284830E-145
   1.599173E-144   1.599173E-144   1.599173E-144   1.599172E-144   1.599167E-144   1.599121E-144
  -5.968213E-144  -5.968213E-144  -5.968213E-144  -5.968207E-144  -5.968186E-144  -5.968002E-144
   2.227374E-143   2.227374E-143   2.227374E-143   2.227372E-143   2.227363E-143   2.227289E-143
  -8.312698E-143  -8.312698E-143  -8.312698E-143  -8.312689E-143  -8.312655E-143  -8.312358E-143
   3.102351E-142   3.102351E-142   3.102351E-142   3.102348E-142   3.102334E-142   3.102214E-142
  -1.157817E-141  -1.157817E-141  -1.157817E-141  -1.157816E-141  -1.157810E-141  -1.157762E-141
   4.321046E-141   4.321046E-141   4.321046E-141   4.321041E-141   4.321018E-141   4.320826E-141
  -1.612642E-140  -1.612642E-140  -1.612642E-140  -1.612640E-140  -1.612631E-140  -1.612554E-140
   6.018484E-140   6.018484E-140   6.018484E-140   6.018476E-140   6.018439E-140   6.018129E-140
  -2.246137E-139  -2.246137E-139  -2.246137E-139  -2.246134E-139  -2.246119E-139  -2.245995E-139
   8.382732E-139   8.382732E-139   8.382732E-139   8.382718E-139   8.382660E-139   8.382159E-139
  -3.128491E-138  -3.128491E-138  -3.128491E-138  -3.128485E-138  -3.128462E-138  -3.128261E-138
   1.167574E-137   1.167574E-137   1.167574E-137   1.167571E-137   1.167562E-137   1.167481E-137
  -4.357464E-137  -4.357464E-137  -4.357464E-137  -4.357455E-137  -4.357417E-137  -4.357092E-137
   1.626235E-136   1.626235E-136   1.626235E-136   1.626231E-136   1.626216E-136   1.626086E-136
  -6.069220E-136  -6.069220E-136  -6.069220E-136  -6.069206E-136  -6.069145E-136  -6.068621E-136
   2.265075E-135   2.265075E-135   2.265075E-135   2.265069E-135   2.265045E-135   2.264834E-135
  -8.453418E-135  -8.453418E-135  -8.453418E-135  -8.453395E-135  -8.453296E-135  -8.452450E-135
   3.154875E-134   3.154875E-134   3.154875E-134   3.154866E-134   3.154826E-134   3.154486E-134
  -1.177422E-133  -1.177422E-133  -1.177422E-133  -1.177418E-133  -1.177402E-133  -1.177266E-133
   4.394224E-133   4.394224E-133   4.394224E-133   4.394209E-133   4.394145E-133   4.393596E-133
  -1.639956E-132  -1.639956E-132  -1.639956E-132  -1.639950E-132  -1.639925E-132  -1.639704E-132
   6.120438E-132   6.120438E-132   6.120438E-132   6.120414E-132   6.120310E-132   6.119425E-132
  -2.284193E-131  -2.284193E-131  -2.284193E-131  -2.284183E-131  -2.284142E-131  -2.283786E-131
   8.524781E-131   8.524781E-131   8.524781E-131   8.524742E-131   8.524575E-131   8.523146E-131
  -3.181514E-130  -3.181514E-130  -3.181513E-130  -3.181498E-130  -3.181431E-130  -3.180856E-130
   1.187365E-129   1.187365E-129   1.187365E-129   1.187359E-129   1.187332E-129   1.187101E-129
  -4.431341E-129  -4.431341E-129  -4.431341E-129  -4.431315E-129  -4.431207E-129  -4.430280E-129
   1.653812E-128   1.653812E-128   1.653812E-128   1.653801E-128   1.653758E-128   1.653386E-128
  -6.172158E-128  -6.172158E-128  -6.172158E-128  -6.172117E-128  -6.171942E-128  -6.170446E-128
   2.303500E-127   2.303500E-127   2.303500E-127   2.303483E-127   2.303413E-127   2.302812E-127
  -8.596851E-127  -8.596851E-127  -8.596851E-127  -8.596785E-127  -8.596503E-127  -8.594089E-127
   3.208417E-126   3.208417E-126   3.208417E-126   3.208390E-126   3.208277E-126   3.207307E-126
  -1.197409E-125  -1.197409E-125  -1.197409E-125  -1.197398E-125  -1.197352E-125  -1.196963E-125
   4.468832E-125   4.468832E-125   4.468832E-125   4.468789E-125   4.468606E-125   4.467041E-125
  -1.667807E-124  -1.667807E-124  -1.667807E-124  -1.667790E-124  -1.667717E-124  -1.667088E-124
   6.224406E-124   6.224406E-124   6.224406E-124   6.224337E-124   6.224041E-124   6.221515E-124
  -2.323005E-123  -2.323005E-123  -2.323005E-123  -2.322977E-123  -2.322858E-123  -2.321843E-123
   8.669668E-123   8.669668E-123   8.669668E-123   8.669555E-123   8.669079E-123   8.665002E-123
  -3.235601E-122  -3.235601E-122  -3.235601E-122  -3.235556E-122  -3.235365E-122  -3.233727E-122
   1.207557E-121   1.207557E-121   1.207557E-121   1.207539E-121   1.207462E-121   1.206804E-121
  -4.506721E-121  -4.506721E-121  -4.506720E-121  -4.506648E-121  -4.506339E-121  -4.503695E-121
   1.681953E-120   1.681953E-120   1.681952E-120   1.681923E-120   1.681799E-120   1.680737E-120
  -6.277216E-120  -6.277216E-120  -6.277215E-120  -6.277098E-120  -6.276600E-120  -6.272334E-120
   2.342721E-119   2.342721E-119   2.342721E-119   2.342674E-119   2.342474E-119   2.340760E-119
  -8.743280E-119  -8.743279E-119  -8.743279E-119  -8.743090E-119  -8.742285E-119  -8.735400E-119
   3.263085E-118   3.263085E-118   3.263085E-118   3.263008E-118   3.262685E-118   3.259919E-118
  -1.217819E-117  -1.217819E-117  -1.217818E-117  -1.217788E-117  -1.217658E-117  -1.216547E-117
   4.545033E-117   4.545033E-117   4.545033E-117   4.544910E-117   4.544389E-117   4.539925E-117
  -1.696258E-116  -1.696258E-116  -1.696258E-116  -1.696208E-116  -1.695999E-116  -1.694205E-116
   6.330629E-116   6.330629E-116   6.330628E-116   6.330430E-116   6.329588E-116   6.322384E-116
  -2.362665E-115  -2.362665E-115  -2.362665E-115  -2.362585E-115  -2.362247E-115  -2.359353E-115
   8.817749E-115   8.817749E-115   8.817748E-115   8.817428E-115   8.816069E-115   8.804443E-115
  -3.290892E-114  -3.290892E-114  -3.290891E-114  -3.290763E-114  -3.290217E-114  -3.285547E-114
   1.228202E-113   1.228202E-113   1.228202E-113   1.228150E-113   1.227931E-113   1.226055E-113
  -4.583807E-113  -4.583807E-113  -4.583806E-113  -4.583599E-113  -4.582718E-113  -4.575181E-113
   1.710737E-112   1.710737E-112   1.710736E-112   1.710653E-112   1.710299E-112   1.707271E-112
  -6.384698E-112  -6.384698E-112  -6.384697E-112  -6.384363E-112  -6.382941E-112  -6.370778E-112
   2.382857E-111   2.382857E-111   2.382856E-111   2.382722E-111   2.382151E-111   2.377265E-111
  -8.893155E-111  -8.893155E-111  -8.893154E-111  -8.892613E-111  -8.890319E-111  -8.870691E-111
   3.319053E-110   3.319053E-110   3.319052E-110   3.318835E-110   3.317914E-110   3.310029E-110
  -1.238719E-109  -1.238719E-109  -1.238719E-109  -1.238632E-109  -1.238262E-109  -1.235094E-109
   4.623087E-109   4.623087E-109   4.623086E-109   4.622736E-109   4.621249E-109   4.608525E-109
  -1.725407E-108  -1.725407E-108  -1.725407E-108  -1.725266E-108  -1.724669E-108  -1.719558E-108
   6.439493E-108   6.439493E-108   6.439491E-108   6.438926E-108   6.436526E-108   6.415996E-108
  -2.403323E-107  -2.403323E-107  -2.403322E-107  -2.403095E-107  -2.402131E-107  -2.393884E-107
   8.969601E-107   8.969601E-107   8.969599E-107   8.968686E-107   8.964813E-107   8.931687E-107
  -3.347608E-106  -3.347608E-106  -3.347607E-106  -3.347241E-106  -3.345685E-106  -3.332378E-106
   1.249386E-105   1.249386E-105   1.249385E-105   1.249238E-105   1.248613E-105   1.243268E-105
  -4.662933E-105  -4.662932E-105  -4.662931E-105  -4.662339E-105  -4.659829E-105  -4.638359E-105
   1.740292E-104   1.740292E-104   1.740292E-104   1.740054E-104   1.739046E-104   1.730422E-104
  -6.495101E-104  -6.495101E-104  -6.495098E-104  -6.494144E-104  -6.490092E-104  -6.455454E-104
   2.424098E-103   2.424098E-103   2.424097E-103   2.423713E-103   2.422086E-103   2.408173E-103
  -9.047218E-103  -9.047217E-103  -9.047213E-103  -9.045673E-103  -9.039136E-103  -8.983254E-103
   3.376607E-102   3.376607E-102   3.376606E-102   3.375987E-102   3.373361E-102   3.350916E-102
  -1.260221E-101  -1.260221E-101  -1.260220E-101  -1.259972E-101  -1.258917E-101  -1.249902E-101
   4.703419E-101   4.703419E-101   4.703416E-101   4.702418E-101   4.698181E-101   4.661973E-101
  -1.755421E-100  -1.755421E-100  -1.755420E-100  -1.755019E-100  -1.753317E-100  -1.738775E-100
   6.551634E-100   6.551634E-100   6.551629E-100   6.550019E-100   6.543183E-100   6.484778E-100
  -2.445225E-099  -2.445225E-099  -2.445223E-099  -2.444576E-099  -2.441830E-099  -2.418374E-099
   9.126173E-099   9.126173E-099   9.126165E-099   9.123567E-099   9.112537E-099   9.018335E-099
  -3.406116E-098  -3.406116E-098  -3.406113E-098  -3.405069E-098  -3.400639E-098  -3.362807E-098
   1.271250E-097   1.271250E-097   1.271249E-097   1.270830E-097   1.269050E-097   1.253857E-097
  -4.744643E-097  -4.744643E-097  -4.744639E-097  -4.742955E-097  -4.735807E-097  -4.674795E-097
   1.770831E-096   1.770831E-096   1.770829E-096   1.770152E-096   1.767281E-096   1.742781E-096
  -6.609238E-096  -6.609238E-096  -6.609230E-096  -6.606514E-096  -6.594982E-096  -6.496599E-096
   2.466759E-095   2.466759E-095   2.466756E-095   2.465665E-095   2.461033E-095   2.421528E-095
  -9.206683E-095  -9.206683E-095  -9.206671E-095  -9.202288E-095  -9.183685E-095  -9.025057E-095
   3.436218E-094   3.436218E-094   3.436213E-094   3.434452E-094   3.426981E-094   3.363288E-094
  -1.282506E-093  -1.282506E-093  -1.282504E-093  -1.281796E-093  -1.278796E-093  -1.253223E-093
   4.786731E-093   4.786730E-093   4.786723E-093   4.783883E-093   4.771830E-093   4.669157E-093
  -1.786570E-092  -1.786569E-092  -1.786566E-092  -1.785426E-092  -1.780585E-092  -1.739365E-092
   6.668099E-092   6.668099E-092   6.668086E-092   6.663505E-092   6.644065E-092   6.478582E-092
  -2.488774E-091  -2.488774E-091  -2.488769E-091  -2.486929E-091  -2.479122E-091  -2.412690E-091
   9.289027E-091   9.289026E-091   9.289005E-091   9.281615E-091   9.250262E-091   8.983592E-091
  -3.467020E-090  -3.467019E-090  -3.467011E-090  -3.464043E-090  -3.451452E-090  -3.344411E-090
   1.294028E-089   1.294028E-089   1.294025E-089   1.292833E-089   1.287776E-089   1.244813E-089
  -4.829841E-089  -4.829840E-089  -4.829827E-089  -4.825040E-089  -4.804734E-089  -4.632298E-089
   1.802699E-088   1.802699E-088   1.802694E-088   1.800771E-088   1.792617E-088   1.723414E-088
  -6.728456E-088  -6.728455E-088  -6.728433E-088  -6.720713E-088  -6.687968E-088  -6.410256E-088
   2.511361E-087   2.511360E-087   2.511352E-087   2.508251E-087   2.495102E-087   2.383665E-087
  -9.373559E-087  -9.373557E-087  -9.373523E-087  -9.361071E-087  -9.308272E-087  -8.861142E-087
   3.498659E-086   3.498659E-086   3.498645E-086   3.493645E-086   3.472444E-086   3.293052E-086
  -1.305872E-085  -1.305872E-085  -1.305866E-085  -1.303858E-085  -1.295346E-085  -1.223379E-085
   4.874178E-085   4.874177E-085   4.874155E-085   4.866092E-085   4.831913E-085   4.543230E-085
  -1.819299E-084  -1.819299E-084  -1.819290E-084  -1.816052E-084  -1.802329E-084  -1.686541E-084
   6.790613E-084   6.790611E-084   6.790575E-084   6.777574E-084   6.722477E-084   6.258108E-084
  -2.534637E-083  -2.534637E-083  -2.534622E-083  -2.529402E-083  -2.507282E-083  -2.321068E-083
   9.460734E-083   9.460731E-083   9.460673E-083   9.439711E-083   9.350908E-083   8.604276E-083
  -3.531312E-082  -3.531311E-082  -3.531287E-082  -3.522871E-082  -3.487220E-082  -3.187895E-082
   1.318104E-081   1.318103E-081   1.318094E-081   1.314715E-081   1.300403E-081   1.180420E-081
  -4.920004E-081  -4.920003E-081  -4.919965E-081  -4.906397E-081  -4.848949E-081  -4.368076E-081
   1.836470E-080   1.836469E-080   1.836454E-080   1.831007E-080   1.807947E-080   1.615252E-080
  -6.854958E-080  -6.854955E-080  -6.854894E-080  -6.833024E-080  -6.740466E-080  -5.968430E-080
   2.558753E-079   2.558752E-079   2.558727E-079   2.549947E-079   2.512797E-079   2.203538E-079
  -9.551128E-079  -9.551124E-079  -9.551026E-079  -9.515777E-079  -9.366677E-079  -8.128100E-079
   3.565199E-078   3.565197E-078   3.565158E-078   3.551008E-078   3.491170E-078   2.995228E-078
  -1.330809E-077  -1.330809E-077  -1.330793E-077  -1.325112E-077  -1.301099E-077  -1.102563E-077
   4.967649E-077   4.967646E-077   4.967583E-077   4.944780E-077   4.848419E-077   4.053828E-077
  -1.854339E-076  -1.854338E-076  -1.854312E-076  -1.845159E-076  -1.806493E-076  -1.488561E-076
   6.921983E-076   6.921978E-076   6.921876E-076   6.885137E-076   6.729996E-076   5.458241E-076
  -2.583897E-075  -2.583895E-075  -2.583854E-075  -2.569108E-075  -2.506865E-075  -1.998304E-075
   9.645471E-075   9.645464E-075   9.645299E-075   9.586113E-075   9.336406E-075   7.303376E-075
  -3.600603E-074  -3.600600E-074  -3.600533E-074  -3.576780E-074  -3.476610E-074  -2.664163E-074
   1.344097E-073   1.344096E-073   1.344069E-073   1.334536E-073   1.294356E-073   9.698029E-074
  -5.017529E-073  -5.017524E-073  -5.017417E-073  -4.979160E-073  -4.818004E-073  -3.522002E-073
   1.873066E-072   1.873064E-072   1.873021E-072   1.857669E-072   1.793037E-072   1.275739E-072
  -6.992303E-072  -6.992295E-072  -6.992123E-072  -6.930519E-072  -6.671339E-072  -4.607484E-072
   2.610307E-071   2.610304E-071   2.610235E-071   2.585516E-071   2.481592E-071   1.658582E-071
  -9.744674E-071  -9.744662E-071  -9.744385E-071  -9.645205E-071  -9.228540E-071  -5.948315E-071
   3.637873E-070   3.637868E-070   3.637757E-070   3.597964E-070   3.430929E-070   2.124283E-070
  -1.358102E-069  -1.358100E-069  -1.358055E-069  -1.342091E-069  -1.275136E-069  -7.549610E-070
   5.070161E-069   5.070153E-069   5.069974E-069   5.005932E-069   4.737583E-069   2.668110E-069
  -1.892850E-068  -1.892847E-068  -1.892775E-068  -1.867085E-068  -1.759547E-068  -9.367987E-069
   7.066683E-068   7.066671E-068   7.066383E-068   6.963336E-068   6.532450E-068   3.263946E-068
  -2.638276E-067  -2.638271E-067  -2.638156E-067  -2.596825E-067  -2.424202E-067  -1.126780E-067
   9.849866E-067   9.849846E-067   9.849382E-067   9.683621E-067   8.992156E-067   3.846544E-067
  -3.677443E-066  -3.677434E-066  -3.677248E-066  -3.610773E-066  -3.333844E-066  -1.294980E-066
   1.372989E-065   1.372986E-065   1.372911E-065   1.346255E-065   1.235365E-065   4.283092E-066
  -5.126185E-065  -5.126172E-065  -5.125873E-065  -5.018987E-065  -4.575038E-065  -1.383869E-065
   1.913936E-064   1.913931E-064   1.913811E-064   1.870957E-064   1.693255E-064   4.329066E-065
  -7.146064E-064  -7.146043E-064  -7.145562E-064  -6.973758E-064  -6.262615E-064  -1.291119E-064
   2.668165E-063   2.668157E-063   2.667964E-063   2.599093E-063   2.314564E-063   3.561881E-064
  -9.962428E-063  -9.962393E-063  -9.961620E-063  -9.685567E-063  -8.547431E-063  -8.442262E-064
   3.719841E-062   3.719827E-062   3.719517E-062   3.608878E-062   3.153730E-062   1.284713E-063
  -1.388963E-061  -1.388957E-061  -1.388833E-061  -1.344495E-061  -1.162526E-061   2.355460E-063
   5.186376E-061   5.186354E-061   5.185855E-061   5.008189E-061   4.280882E-061  -3.607017E-062
  -1.936622E-060  -1.936613E-060  -1.936413E-060  -1.865229E-060  -1.574620E-060   2.381916E-061
   7.231579E-060   7.231543E-060   7.230742E-060   6.945570E-060   5.784760E-060  -1.280067E-060
  -2.700407E-059  -2.700393E-059  -2.700072E-059  -2.585842E-059  -2.122324E-059   6.245140E-060
   1.008401E-058   1.008396E-058   1.008267E-058   9.625165E-059   7.774979E-059  -2.877725E-059
  -3.765701E-058  -3.765678E-058  -3.765163E-058  -3.581950E-058  -2.843710E-058   1.276175E-058
   1.406263E-057   1.406254E-057   1.406048E-057   1.332689E-057   1.038244E-057  -5.503066E-058
  -5.251655E-057  -5.251618E-057  -5.250790E-057  -4.957101E-057  -3.783229E-057   2.321811E-057
   1.961257E-056   1.961242E-056   1.960911E-056   1.843352E-056   1.375576E-056  -9.622573E-057
  -7.324568E-056  -7.324509E-056  -7.323181E-056  -6.852686E-056  -4.989563E-056   3.927582E-056
   2.735514E-055   2.735490E-055   2.734958E-055   2.546688E-055   1.805005E-055  -1.581530E-055
  -1.021657E-054  -1.021648E-054  -1.021435E-054  -9.461115E-055  -6.510220E-055   6.289764E-055
   3.815764E-054   3.815726E-054   3.814873E-054   3.513573E-054   2.340211E-054  -2.472239E-054
  -1.425174E-053  -1.425158E-053  -1.424817E-053  -1.304317E-053  -8.380493E-054   9.606984E-054
   5.323096E-053   5.323035E-053   5.321667E-053   4.839848E-053   2.988247E-053  -3.690931E-053
  -1.988252E-052  -1.988227E-052  -1.987680E-052  -1.795064E-052  -1.060300E-052   1.401612E-052
   7.426584E-052   7.426486E-052   7.424296E-052   6.654453E-052   3.740942E-052  -5.258128E-052
  -2.774073E-051  -2.774034E-051  -2.773157E-051  -2.465538E-051  -1.311204E-051   1.947062E-051
   1.036234E-050   1.036219E-050   1.035868E-050   9.129773E-051   4.560266E-051  -7.107994E-051
  -3.870878E-050  -3.870815E-050  -3.869411E-050  -3.378601E-050  -1.571409E-050   2.553878E-050
   1.446015E-049   1.445990E-049   1.445428E-049   1.249457E-049   5.354372E-050  -9.010032E-050
  -5.401918E-049  -5.401817E-049  -5.399571E-049  -4.617309E-049  -1.799208E-049   3.111037E-049
   2.018066E-048   2.018026E-048   2.017127E-048   1.704963E-048   5.939643E-049  -1.046370E-048
  -7.539374E-048  -7.539213E-048  -7.535621E-048  -6.290295E-048  -1.915611E-048   3.403783E-048
   2.816747E-047   2.816683E-047   2.815247E-047   2.318605E-047   5.982419E-048  -1.058523E-047
  -1.052382E-046  -1.052356E-046  -1.051782E-046  -8.537857E-047  -1.781775E-047   3.082214E-047
   3.931988E-046   3.931885E-046   3.929590E-046   3.140514E-046   4.912274E-047  -8.042355E-047
  -1.469144E-045  -1.469103E-045  -1.468186E-045  -1.153831E-045  -1.165966E-046   1.660336E-046
   5.489467E-045   5.489303E-045   5.485639E-045   4.233784E-045   1.797316E-046  -1.150793E-046
  -2.051209E-044  -2.051144E-044  -2.049680E-044  -1.551356E-044   3.030454E-046  -1.407307E-045
   7.664853E-044   7.664591E-044   7.658746E-044   5.675918E-044  -4.828057E-045   1.168361E-044
  -2.864258E-043  -2.864154E-043  -2.861820E-043  -2.073204E-043   3.198836E-044  -6.504416E-044
   1.070373E-042   1.070331E-042   1.069399E-042   7.558954E-043  -1.718914E-043   3.095417E-043
  -4.000119E-042  -3.999952E-042  -3.996233E-042  -2.750547E-042   8.377155E-043  -1.342311E-042
   1.494947E-041   1.494881E-041   1.493396E-041   9.986853E-042  -3.854679E-042   5.434324E-042
  -5.587198E-041  -5.586933E-041  -5.581011E-041  -3.617372E-041   1.706860E-041  -2.073039E-041
   2.088228E-040   2.088122E-040   2.085760E-040   1.306778E-040  -7.349700E-041   7.457397E-041
  -7.805084E-040  -7.804663E-040  -7.795241E-040  -4.706815E-040   3.097019E-040  -2.512971E-040
   2.917382E-039   2.917214E-039   2.913457E-039   1.689747E-039  -1.282261E-039   7.795357E-040
  -1.090499E-038  -1.090432E-038  -1.088935E-038  -6.043841E-039   5.230423E-039  -2.137140E-039
   4.076372E-038   4.076105E-038   4.070137E-038   2.152772E-038  -2.105808E-038   4.604639E-039
  -1.523839E-037  -1.523733E-037  -1.521355E-037  -7.631930E-038   8.378396E-038  -3.685261E-039
   5.696674E-037   5.696250E-037   5.686779E-037   2.691097E-037  -3.296994E-037  -3.604655E-038
  -2.129712E-036  -2.129543E-036  -2.125772E-036  -9.430279E-037   1.283823E-036   3.020693E-037
   7.962288E-036   7.961616E-036   7.946601E-036   3.280752E-036  -4.947915E-036  -1.624965E-036
  -2.976958E-035  -2.976690E-035  -2.970714E-035  -1.131641E-035   1.887428E-035   7.251998E-036
   1.113078E-034   1.112971E-034   1.110593E-034   3.863609E-035  -7.124551E-035  -2.847935E-035
  -4.161946E-034  -4.161522E-034  -4.152063E-034  -1.302692E-034   2.660089E-034   9.947382E-035
   1.556274E-033   1.556105E-033   1.552343E-033   4.324081E-034  -9.817379E-034  -3.027200E-034
  -5.819616E-033  -5.818947E-033  -5.803991E-033  -1.406653E-033   3.578018E-033   7.417338E-034
   2.176315E-032   2.176049E-032   2.170105E-032   4.453852E-033  -1.286089E-032  -1.007299E-033
  -8.138957E-032  -8.137899E-032  -8.114283E-032  -1.357229E-032   4.551049E-032  -3.085969E-033
   3.043935E-031   3.043515E-031   3.034134E-031   3.900022E-032  -1.581648E-031   3.434257E-032
  -1.138471E-030  -1.138304E-030  -1.134580E-030  -1.011708E-031   5.380073E-031  -1.897969E-031
   4.258231E-030   4.257569E-030   4.242784E-030   2.091206E-031  -1.782374E-030   8.114272E-031
  -1.592785E-029  -1.592522E-029  -1.586655E-029  -1.434077E-031   5.707643E-030  -2.866946E-030
   5.958079E-029   5.957037E-029   5.933764E-029  -1.864215E-030  -1.744806E-029   8.148196E-030
  -2.228830E-028  -2.228417E-028  -2.219188E-028   1.595516E-029   4.976415E-029  -1.538725E-029
   8.338152E-028   8.336513E-028   8.299931E-028  -9.312494E-029  -1.259430E-028  -7.896634E-030
  -3.119501E-027  -3.118852E-027  -3.104355E-027   4.721995E-028   2.426382E-028   2.556855E-028
   1.167142E-026   1.166884E-026   1.161142E-026  -2.222277E-027  -6.173735E-029  -1.541780E-027
  -4.367025E-026  -4.366006E-026  -4.343267E-026   9.980020E-027  -2.816292E-027   6.464516E-027
   1.634075E-025   1.633671E-025   1.624670E-025  -4.338218E-026   2.116747E-026  -2.057547E-026
  -6.114811E-025  -6.113215E-025  -6.077599E-025   1.840434E-025  -1.148520E-025   4.387769E-026
   2.288335E-024   2.287704E-024   2.273616E-024  -7.659521E-025   5.432507E-025  -1.539856E-027
  -8.564116E-024  -8.561619E-024  -8.505919E-024   3.137897E-024  -2.367764E-024  -5.712869E-025
   3.205328E-023   3.204341E-023   3.182326E-023  -1.268375E-023   9.729343E-024   3.529862E-024
  -1.199749E-022  -1.199359E-022  -1.190661E-022   5.066879E-023  -3.808546E-023  -1.395009E-023
   4.490937E-022   4.489396E-022   4.455046E-022  -2.002719E-022   1.426041E-022   3.766703E-023
  -1.681177E-021  -1.680568E-021  -1.667008E-021   7.838586E-022  -5.106000E-022  -4.209265E-023
   6.293910E-021   6.291510E-021   6.237998E-021  -3.039708E-021   1.740392E-021  -2.560777E-022
  -2.356458E-020  -2.355511E-020  -2.334403E-020   1.168288E-020  -5.588802E-021   1.986833E-021
   8.823320E-020   8.819586E-020   8.736360E-020  -4.451066E-020   1.655000E-020  -8.051146E-021
  -3.303993E-019  -3.302521E-019  -3.269719E-019   1.681043E-019  -4.304428E-020   1.979870E-020
   1.237322E-018   1.236742E-018   1.223819E-018  -6.292683E-019   8.464610E-020  -6.644247E-021
  -4.634113E-018  -4.631829E-018  -4.580937E-018   2.334072E-018  -2.549145E-020  -2.172011E-019
   1.735307E-017   1.734408E-017   1.714380E-017  -8.572455E-018  -9.487090E-019   1.257494E-018
  -9.402937E-017  -9.397755E-017  -9.282111E-017   4.504906E-017   1.161413E-017  -5.083612E-018
  -2.571240E-016  -2.569812E-016  -2.537949E-016   1.225465E-016   3.359308E-017  -1.242741E-017
  -7.775982E-016  -7.771635E-016  -7.674650E-016   3.686524E-016   1.062122E-016  -3.323578E-017
  -2.306687E-015  -2.305390E-015  -2.276430E-015   1.087562E-015   3.285327E-016  -8.469900E-017
  -6.794642E-015  -6.790794E-015  -6.704930E-015   3.185268E-015   1.005805E-015  -2.066268E-016
  -1.981192E-014  -1.980063E-014  -1.954862E-014   9.232552E-015   3.039662E-015  -4.725944E-016
  -5.730564E-014  -5.727276E-014  -5.653905E-014   2.654100E-014   9.087496E-015  -9.826543E-016
  -1.641403E-013  -1.640455E-013  -1.619302E-013   7.553694E-014   2.683834E-014  -1.696693E-015
  -4.655258E-013  -4.652552E-013  -4.592164E-013   2.128201E-013   7.829980E-014  -1.631017E-015
  -1.306941E-012  -1.306176E-012  -1.289112E-012   5.934012E-013   2.256282E-013   4.288597E-015
  -3.630417E-012  -3.628279E-012  -3.580566E-012   1.636699E-012   6.419624E-013   3.611248E-014
  -9.973461E-012  -9.967547E-012  -9.835613E-012   4.463462E-012   1.802824E-012   1.637996E-013
  -2.708376E-011  -2.706759E-011  -2.670697E-011   1.202929E-011   4.995139E-012   6.132309E-013
  -7.266338E-011  -7.261973E-011  -7.164587E-011   3.202147E-011   1.364881E-011   2.073568E-012
  -1.924974E-010  -1.923810E-010  -1.897842E-010   8.414554E-011   3.676054E-011   6.553490E-012
  -5.032532E-010  -5.029469E-010  -4.961135E-010   2.181508E-010   9.754003E-011   1.968062E-011
  -1.297613E-009  -1.296818E-009  -1.279083E-009   5.576475E-010   2.548370E-010   5.666506E-011
  -3.297934E-009  -3.295900E-009  -3.250530E-009   1.404682E-009   6.552077E-010   1.572480E-010
  -8.256932E-009  -8.251806E-009  -8.137469E-009   3.484576E-009   1.656868E-009   4.219215E-010
  -2.035260E-008  -2.033988E-008  -2.005620E-008   8.507778E-009   4.118549E-009   1.096719E-009
  -4.936231E-008  -4.933126E-008  -4.863870E-008   2.043256E-008   1.005788E-008   2.764798E-009
  -1.177343E-007  -1.176598E-007  -1.159971E-007   4.824181E-008   2.411778E-008   6.763650E-009
  -2.760007E-007  -2.758248E-007  -2.719012E-007   1.119132E-007   5.675542E-008   1.605881E-008
  -6.356178E-007  -6.352100E-007  -6.261145E-007   2.549593E-007   1.310076E-007   3.699836E-008
  -1.437319E-006  -1.436391E-006  -1.415687E-006   5.701377E-007   2.964797E-007   8.267720E-008
  -3.189990E-006  -3.187916E-006  -3.141661E-006   1.250864E-006   6.575155E-007   1.790601E-007
  -6.945882E-006  -6.941337E-006  -6.839952E-006   2.691408E-006   1.428387E-006   3.754607E-007
  -1.483228E-005  -1.482251E-005  -1.460457E-005   5.677044E-006   3.038399E-006   7.611396E-007
  -3.105196E-005  -3.103136E-005  -3.057205E-005   1.173518E-005   6.326284E-006   1.488903E-006
  -6.371571E-005  -6.367316E-005  -6.272437E-005   2.376573E-005   1.288896E-005   2.803070E-006
  -1.281077E-004  -1.280216E-004  -1.261011E-004   4.714045E-005   2.568791E-005   5.060155E-006
  -2.523414E-004  -2.521706E-004  -2.483623E-004   9.156350E-005   5.006935E-005   8.711498E-006
  -4.868760E-004  -4.865442E-004  -4.791465E-004   1.741247E-004   9.542310E-005   1.418121E-005
  -9.200575E-004  -9.194263E-004  -9.053518E-004   3.241518E-004   1.777843E-004   2.151244E-005
  -1.702734E-003  -1.701557E-003  -1.675332E-003   5.906694E-004   3.237609E-004   2.956268E-005
  -3.086025E-003  -3.083878E-003  -3.036023E-003   1.053472E-003   5.762244E-004   3.440219E-005
  -5.477417E-003  -5.473581E-003  -5.388057E-003   1.838970E-003   1.002191E-003   2.641808E-005
  -9.521269E-003  -9.514555E-003  -9.364860E-003   3.141987E-003   1.703198E-003  -1.452074E-005
  -1.621029E-002  -1.619878E-002  -1.594214E-002   5.254506E-003   2.828174E-003  -1.265677E-004
  -2.703412E-002  -2.701479E-002  -2.658380E-002   8.601804E-003   4.588267E-003  -3.767320E-004
  -4.416942E-002  -4.413761E-002  -4.342847E-002   1.378547E-002   7.272250E-003  -8.753580E-004
  -7.071213E-002  -7.066084E-002  -6.951750E-002   2.163131E-002   1.126006E-002  -1.793825E-003
  -1.109470E-001  -1.108660E-001  -1.090592E-001   3.323820E-002   1.703065E-002  -3.383805E-003
  -1.706411E-001  -1.705156E-001  -1.677167E-001   5.002167E-002   2.515917E-002  -5.994686E-003
  -2.573388E-001  -2.571480E-001  -2.528964E-001   7.374349E-002   3.629721E-002  -1.008370E-002
  -3.806232E-001  -3.803390E-001  -3.740043E-001   1.065168E-001   5.112956E-002  -1.621127E-002
  -5.523025E-001  -5.518870E-001  -5.426268E-001   1.507748E-001   7.030159E-002  -2.501259E-002
  -7.864660E-001  -7.858699E-001  -7.725845E-001   2.091922E-001   9.431297E-002  -3.713640E-002
  -1.099359E+000  -1.098519E+000  -1.079807E+000   2.845492E-001   1.233774E-001  -5.314389E-002
  -1.509021E+000  -1.507860E+000  -1.481977E+000   3.795353E-001   1.572526E-001  -7.336513E-002
  -2.034658E+000  -2.033080E+000  -1.997908E+000   4.964925E-001   1.950512E-001  -9.771796E-002
  -2.695718E+000  -2.693610E+000  -2.646641E+000   6.371112E-001   2.350493E-001  -1.255036E-001
  -3.510694E+000  -3.507926E+000  -3.446264E+000   8.020953E-001   2.745158E-001  -1.552039E-001
  -4.495692E+000  -4.492119E+000  -4.412507E+000   9.908263E-001   3.095886E-001  -1.843140E-001
  -5.662851E+000  -5.658313E+000  -5.557192E+000   1.201059E+000   3.352252E-001  -2.092511E-001
  -7.018720E+000  -7.013046E+000  -6.886640E+000   1.428688E+000   3.452541E-001  -2.253786E-001
  -8.562729E+000  -8.555746E+000  -8.400180E+000   1.667619E+000   3.325423E-001  -2.271793E-001
  -1.028591E+001  -1.027745E+001  -1.008890E+001   1.909774E+000   2.892892E-001  -2.085954E-001
  -1.217002E+001  -1.215992E+001  -1.193476E+001   2.145260E+000   2.074394E-001  -1.635310E-001
  -1.418712E+001  -1.417522E+001  -1.391025E+001   2.362690E+000   7.919490E-002  -8.648812E-002
  -1.629979E+001  -1.628599E+001  -1.597856E+001   2.549661E+000  -1.024066E-001   2.672009E-002
  -1.846200E+001  -1.844621E+001  -1.809445E+001   2.693361E+000  -3.428927E-001   1.782556E-001
  -2.062052E+001  -2.060269E+001  -2.020563E+001   2.781258E+000  -6.457877E-001   3.676312E-001
  -2.271692E+001  -2.269706E+001  -2.225479E+001   2.801824E+000  -1.012126E+000   5.912664E-001
  -2.469000E+001  -2.466817E+001  -2.418190E+001   2.745252E+000  -1.440097E+000   8.423013E-001
  -2.647848E+001  -2.645478E+001  -2.592691E+001   2.604082E+000  -1.924857E+000   1.110722E+000
  -2.802375E+001  -2.799833E+001  -2.743244E+001   2.373721E+000  -2.458534E+000   1.383814E+000
  -2.927255E+001  -2.924564E+001  -2.864639E+001   2.052791E+000  -3.030431E+000   1.646929E+000
  -3.017941E+001  -3.015126E+001  -2.952434E+001   1.643296E+000  -3.627417E+000   1.884494E+000
  -3.070861E+001  -3.067950E+001  -3.003147E+001   1.150598E+000  -4.234478E+000   2.081182E+000
  -3.083563E+001  -3.080589E+001  -3.014395E+001   5.831942E-001  -4.835394E+000   2.223131E+000
  -3.054805E+001  -3.051803E+001  -2.984986E+001  -4.765784E-002  -5.413487E+000   2.299080E+000
  -2.984578E+001  -2.981583E+001  -2.914934E+001  -7.284636E-001  -5.952386E+000   2.301323E+000
  -2.874071E+001  -2.871120E+001  -2.805432E+001  -1.444102E+000  -6.436772E+000   2.226372E+000
  -2.725586E+001  -2.722712E+001  -2.658758E+001  -2.178494E+000  -6.853038E+000   2.075292E+000
  -2.542402E+001  -2.539638E+001  -2.478150E+001  -2.915275E+000  -7.189840E+000   1.853644E+000
  -2.328610E+001  -2.325987E+001  -2.267637E+001  -3.638442E+000  -7.438506E+000   1.571093E+000
  -2.088927E+001  -2.086472E+001  -2.031860E+001  -4.332936E+000  -7.593295E+000   1.240688E+000
  -1.828497E+001  -1.826232E+001  -1.775872E+001  -4.985137E+000  -7.651491E+000   8.779138E-001
  -1.552688E+001  -1.550633E+001  -1.504947E+001  -5.583248E+000  -7.613358E+000   4.995958E-001
  -1.266913E+001  -1.265082E+001  -1.224395E+001  -6.117571E+000  -7.481951E+000   1.227604E-001
  -9.764534E+000  -9.748569E+000  -9.393941E+000  -6.580665E+000  -7.262829E+000  -2.364563E-001
  -6.863145E+000  -6.849582E+000  -6.548489E+000  -6.967395E+000  -6.963675E+000  -5.637631E-001
  -4.011052E+000  -3.999909E+000  -3.752724E+000  -7.274884E+000  -6.593864E+000  -8.474722E-001
  -1.249469E+000  -1.240725E+000  -1.046965E+000  -7.502383E+000  -6.164008E+000  -1.079015E+000
   1.385904E+000   1.392306E+000   1.533891E+000  -7.651081E+000  -5.685495E+000  -1.253203E+000
   3.865243E+000   3.869388E+000   3.960726E+000  -7.723855E+000  -5.170050E+000  -1.368233E+000
   6.164717E+000   6.166718E+000   6.210311E+000  -7.725006E+000  -4.629331E+000  -1.425469E+000
   8.266402E+000   8.266392E+000   8.265211E+000  -7.659972E+000  -4.074581E+000  -1.429039E+000
   1.015802E+001   1.015614E+001   1.011352E+001  -7.535038E+000  -3.516333E+000  -1.385292E+000
   1.183252E+001   1.182894E+001   1.174848E+001  -7.357073E+000  -2.964181E+000  -1.302178E+000
   1.328760E+001   1.328249E+001   1.316797E+001  -7.133266E+000  -2.426614E+000  -1.188602E+000
   1.452513E+001   1.451867E+001   1.437393E+001  -6.870908E+000  -1.910911E+000  -1.053791E+000
   1.555056E+001   1.554291E+001   1.537182E+001  -6.577195E+000  -1.423089E+000  -9.067314E-001
   1.637229E+001   1.636363E+001   1.617000E+001  -6.259062E+000  -9.678999E-001  -7.556911E-001
   1.700111E+001   1.699160E+001   1.677913E+001  -5.923058E+000  -5.488722E-001  -6.078585E-001
   1.744962E+001   1.743942E+001   1.721163E+001  -5.575246E+000  -1.683804E-001  -4.690932E-001
   1.773170E+001   1.772097E+001   1.748119E+001  -5.221136E+000   1.722582E-001  -3.438042E-001
   1.786208E+001   1.785094E+001   1.760230E+001  -4.865640E+000   4.726703E-001  -2.349240E-001
   1.785587E+001   1.784446E+001   1.758982E+001  -4.513055E+000   7.333026E-001  -1.439884E-001
   1.772826E+001   1.771670E+001   1.745867E+001  -4.167065E+000   9.552942E-001  -7.128279E-002
   1.749422E+001   1.748261E+001   1.722355E+001  -3.830752E+000   1.140349E+000  -1.604046E-002
   1.716822E+001   1.715665E+001   1.689865E+001  -3.506629E+000   1.290614E+000   2.331932E-002
   1.676408E+001   1.675264E+001   1.649755E+001  -3.196677E+000   1.408564E+000   4.895495E-002
   1.629481E+001   1.628358E+001   1.603299E+001  -2.902387E+000   1.496897E+000   6.336016E-002
   1.577254E+001   1.576157E+001   1.551684E+001  -2.624811E+000   1.558442E+000   6.915246E-002
   1.520841E+001   1.519775E+001   1.496002E+001  -2.364607E+000   1.596078E+000   6.888256E-002
   1.461256E+001   1.460225E+001   1.437247E+001  -2.122096E+000   1.612665E+000   6.489194E-002
   1.399414E+001   1.398422E+001   1.376312E+001  -1.897305E+000   1.610987E+000   5.920282E-002
   1.336130E+001   1.335180E+001   1.313996E+001  -1.690016E+000   1.593711E+000   5.344231E-002
   1.272123E+001   1.271216E+001   1.251001E+001  -1.499808E+000   1.563349E+000   4.882742E-002
   1.208021E+001   1.207159E+001   1.187939E+001  -1.326098E+000   1.522232E+000   4.615133E-002
   1.144365E+001   1.143549E+001   1.125341E+001  -1.168180E+000   1.472501E+000   4.582078E-002
   1.081616E+001   1.080845E+001   1.063653E+001  -1.025250E+000   1.416089E+000   4.791400E-002
   1.020160E+001   1.019434E+001   1.003254E+001  -8.964411E-001   1.354728E+000   5.221630E-002
   9.603150E+000   9.596342E+000   9.444542E+000  -7.808447E-001   1.289940E+000   5.832112E-002
   9.023395E+000   9.017026E+000   8.875028E+000  -6.775319E-001   1.223056E+000   6.567583E-002
   8.464352E+000   8.458411E+000   8.325967E+000  -5.855714E-001   1.155214E+000   7.366017E-002
   7.927554E+000   7.922029E+000   7.798843E+000  -5.040432E-001   1.087379E+000   8.164375E-002
   7.414101E+000   7.408977E+000   7.294718E+000  -4.320507E-001   1.020353E+000   8.903421E-002
   6.924715E+000   6.919975E+000   6.814284E+000  -3.687295E-001   9.547899E-001   9.532122E-002
   6.459789E+000   6.455417E+000   6.357914E+000  -3.132547E-001   8.912087E-001   1.000889E-001
   6.019434E+000   6.015412E+000   5.925704E+000  -2.648453E-001   8.300111E-001   1.030511E-001
   5.603523E+000   5.599832E+000   5.517517E+000  -2.227681E-001   7.714942E-001   1.040388E-001
   5.211723E+000   5.208346E+000   5.133020E+000  -1.863397E-001   7.158649E-001   1.030077E-001
   4.843539E+000   4.840457E+000   4.771716E+000  -1.549270E-001   6.632527E-001   1.000227E-001
   4.498333E+000   4.495529E+000   4.432974E+000  -1.279476E-001   6.137218E-001   9.524076E-002
   4.175362E+000   4.172818E+000   4.116059E+000  -1.048684E-001   5.672828E-001   8.890228E-002
   3.873795E+000   3.871494E+000   3.820150E+000  -8.520482E-002   5.239020E-001   8.129537E-002
   3.592736E+000   3.590662E+000   3.544365E+000  -6.851823E-002   4.835109E-001   7.274877E-002
   3.331245E+000   3.329382E+000   3.287777E+000  -5.441414E-002   4.460140E-001   6.358857E-002
   3.088350E+000   3.086683E+000   3.049432E+000  -4.253948E-002   4.112955E-001   5.415376E-002
   2.863064E+000   2.861577E+000   2.828358E+000  -3.257992E-002   3.792254E-001   4.476016E-002
   2.654394E+000   2.653074E+000   2.623580E+000  -2.425712E-002   3.496645E-001   3.569154E-002
   2.461354E+000   2.460189E+000   2.434132E+000  -1.732588E-002   3.224684E-001   2.719285E-002
   2.282975E+000   2.281952E+000   2.259060E+000  -1.157134E-002   2.974910E-001   1.946770E-002
   2.118305E+000   2.117413E+000   2.097431E+000  -6.806221E-003   2.745873E-001   1.267059E-002
   1.966424E+000   1.965652E+000   1.948343E+000  -2.868126E-003   2.536151E-001   6.903545E-003
   1.826443E+000   1.825781E+000   1.810924E+000   3.829734E-004   2.344369E-001   2.231089E-003
   1.697509E+000   1.696947E+000   1.684337E+000   3.067188E-003   2.169210E-001  -1.342213E-003
   1.578807E+000   1.578338E+000   1.567784E+000   5.286973E-003   2.009422E-001  -3.839810E-003
   1.469566E+000   1.469182E+000   1.460509E+000   7.129248E-003   1.863822E-001  -5.317023E-003
   1.369056E+000   1.368749E+000   1.361796E+000   8.667335E-003   1.731298E-001  -5.862008E-003
   1.276589E+000   1.276352E+000   1.270972E+000   9.962736E-003   1.610810E-001  -5.582751E-003
   1.191520E+000   1.191348E+000   1.187404E+000   1.106674E-002   1.501388E-001  -4.575634E-003
   1.113248E+000   1.113135E+000   1.110504E+000   1.202188E-002   1.402128E-001  -3.007670E-003
   1.041213E+000   1.041154E+000   1.039722E+000   1.286319E-002   1.312190E-001  -9.918592E-004
   9.748950E-001   9.748847E-001   9.745486E-001   1.361936E-002   1.230797E-001   1.336877E-003
   9.138124E-001   9.138472E-001   9.145132E-001   1.431373E-002   1.157226E-001   3.848785E-003
   8.575216E-001   8.575975E-001   8.591804E-001   1.496513E-002   1.090807E-001   6.405064E-003
   8.056137E-001   8.057273E-001   8.081495E-001   1.558867E-002   1.030919E-001   8.926748E-003
   7.577132E-001   7.578614E-001   7.610527E-001   1.619633E-002   9.769855E-002   1.133263E-002
   7.134759E-001   7.136557E-001   7.175526E-001   1.679754E-002   9.284716E-002   1.348510E-002
   6.725866E-001   6.727956E-001   6.773401E-001   1.739964E-002   8.848803E-002   1.535837E-002
   6.347574E-001   6.349931E-001   6.401331E-001   1.800822E-002   8.457496E-002   1.692451E-002
   5.997253E-001   5.999856E-001   6.056739E-001   1.862751E-002   8.106499E-002   1.816313E-002
   5.672506E-001   5.675337E-001   5.737273E-001   1.926059E-002   7.791814E-002   1.900829E-002
   5.371151E-001   5.374191E-001   5.440794E-001   1.990965E-002   7.509720E-002   1.952074E-002
   5.091198E-001   5.094433E-001   5.165351E-001   2.057615E-002   7.256755E-002   1.970441E-002
   4.830841E-001   4.834255E-001   4.909172E-001   2.126096E-002   7.029695E-002   1.958445E-002
   4.588433E-001   4.592015E-001   4.670642E-001   2.196451E-002   6.825543E-002   1.924813E-002
   4.362481E-001   4.366217E-001   4.448294E-001   2.268685E-002   6.641513E-002   1.868773E-002
   4.151624E-001   4.155505E-001   4.240794E-001   2.342775E-002   6.475018E-002   1.796949E-002
   3.954626E-001   3.958642E-001   4.046929E-001   2.418677E-002   6.323662E-002   1.717330E-002
   3.770364E-001   3.774506E-001   3.865597E-001   2.496328E-002   6.185227E-002   1.634362E-002
   3.597815E-001   3.602075E-001   3.695792E-001   2.575652E-002   6.057670E-002   1.552848E-002
   3.436049E-001   3.440420E-001   3.536603E-001   2.656562E-002   5.939108E-002   1.477992E-002
   3.284220E-001   3.288695E-001   3.387197E-001   2.738964E-002   5.827818E-002   1.410153E-002
   3.141556E-001   3.146131E-001   3.246817E-001   2.822757E-002   5.722229E-002   1.355418E-002
   3.007357E-001   3.012024E-001   3.114773E-001   2.907834E-002   5.620913E-002   1.311401E-002
   2.880980E-001   2.885735E-001   2.990437E-001   2.994087E-002   5.522585E-002   1.280196E-002
   2.761842E-001   2.766681E-001   2.873233E-001   3.081403E-002   5.426092E-002   1.258606E-002
   2.649409E-001   2.654327E-001   2.762637E-001   3.169667E-002   5.330413E-002   1.244993E-002
   2.543194E-001   2.548188E-001   2.658169E-001   3.258763E-002   5.234650E-002   1.234990E-002
   2.442751E-001   2.447817E-001   2.559393E-001   3.348574E-002   5.138026E-002   1.230662E-002
   2.347671E-001   2.352806E-001   2.465905E-001   3.438981E-002   5.039881E-002   1.221098E-002
   2.257581E-001   2.262782E-001   2.377338E-001   3.529865E-002   4.939662E-002   1.205644E-002
   2.172139E-001   2.177403E-001   2.293355E-001   3.621106E-002   4.836924E-002   1.181416E-002
   2.091029E-001   2.096354E-001   2.213647E-001   3.712584E-002   4.731322E-002   1.146404E-002
   2.013962E-001   2.019346E-001   2.137928E-001   3.804180E-002   4.622605E-002   1.098218E-002
   1.940674E-001   1.946114E-001   2.065938E-001   3.895773E-002   4.510613E-002   1.036474E-002
   1.870918E-001   1.876413E-001   1.997436E-001   3.987243E-002   4.395272E-002   9.621859E-003
   1.804471E-001   1.810018E-001   1.932199E-001   4.078471E-002   4.276585E-002   8.779555E-003
   1.741123E-001   1.746721E-001   1.870023E-001   4.169336E-002   4.154631E-002   7.885612E-003
   1.680684E-001   1.686332E-001   1.810720E-001   4.259721E-002   4.029556E-002   6.959083E-003
   1.622977E-001   1.628672E-001   1.754114E-001   4.349508E-002   3.901569E-002   6.010639E-003
   1.567836E-001   1.573578E-001   1.700044E-001   4.438579E-002   3.770934E-002   5.224928E-003
   1.515111E-001   1.520899E-001   1.648362E-001   4.526819E-002   3.637969E-002   4.503193E-003
   1.464662E-001   1.470493E-001   1.598927E-001   4.614112E-002   3.503036E-002   3.912428E-003
   1.416357E-001   1.422232E-001   1.551612E-001   4.700344E-002   3.366534E-002   3.635651E-003
   1.370075E-001   1.375993E-001   1.506297E-001   4.785405E-002   3.228899E-002   3.514741E-003
   1.325705E-001   1.331664E-001   1.462872E-001   4.869184E-002   3.090594E-002   3.578922E-003
   1.283142E-001   1.289141E-001   1.421234E-001   4.951572E-002   2.952104E-002   3.968383E-003
   1.242287E-001   1.248326E-001   1.381285E-001   5.032463E-002   2.813932E-002   4.464481E-003
   1.203052E-001   1.209129E-001   1.342937E-001   5.111753E-002   2.676592E-002   5.220707E-003
   1.165348E-001   1.171464E-001   1.306106E-001   5.189340E-002   2.540604E-002   6.056843E-003
   1.129105E-001   1.135259E-001   1.270718E-001   5.265129E-002   2.406491E-002   6.874123E-003
   1.094222E-001   1.100413E-001   1.236678E-001   5.339011E-002   2.274771E-002   7.867855E-003
   1.060729E-001   1.066956E-001   1.204010E-001   5.410937E-002   2.145963E-002   8.732869E-003
   1.028190E-001   1.034453E-001   1.172295E-001   5.480660E-002   2.020541E-002   9.498629E-003
   9.979399E-002   1.004237E-001   1.142811E-001   5.548655E-002   1.899081E-002   1.004979E-002
   8.740271E-002   8.804740E-002   1.022294E-001   5.817905E-002   1.422786E-002   1.065205E-002
   7.676560E-002   7.742465E-002   9.191626E-002   6.037855E-002   1.063109E-002   8.490629E-003
   6.760269E-002   6.827553E-002   8.306357E-002   6.204064E-002   8.408669E-003   6.678500E-003
   5.965756E-002   6.034378E-002   7.541824E-002   6.313910E-002   7.630279E-003   6.388773E-003
   5.273839E-002   5.343765E-002   6.879038E-002   6.366715E-002   8.222514E-003   6.131776E-003
   4.668868E-002   4.740072E-002   6.302509E-002   6.363799E-002   9.983302E-003   5.015179E-003
   4.138252E-002   4.210714E-002   5.799766E-002   6.308406E-002   1.260438E-002   4.348782E-003
   3.671660E-002   3.745361E-002   5.360565E-002   6.205549E-002   1.570813E-002   5.331125E-003
   3.260547E-002   3.335474E-002   4.976432E-002   6.061765E-002   1.887375E-002   6.787703E-003
   2.897778E-002   2.973919E-002   4.640282E-002   5.884781E-002   2.169130E-002   7.038985E-003
   2.577342E-002   2.654687E-002   4.346140E-002   5.683111E-002   2.380286E-002   5.795769E-003
   2.294133E-002   2.372673E-002   4.088931E-002   5.465614E-002   2.495359E-002   4.483132E-003
   2.043785E-002   2.123512E-002   3.864307E-002   5.241020E-002   2.502799E-002   4.067070E-003
   1.822537E-002   1.903444E-002   3.668520E-002   5.017467E-002   2.407714E-002   4.344685E-003
   1.627131E-002   1.709212E-002   3.498321E-002   4.802055E-002   2.231311E-002   4.338446E-003
   1.454728E-002   1.537976E-002   3.350874E-002   4.600481E-002   2.007100E-002   4.336338E-003
   1.302841E-002   1.387250E-002   3.223694E-002   4.416750E-002   1.773969E-002   4.846824E-003
   1.169286E-002   1.254850E-002   3.114593E-002   4.252998E-002   1.567400E-002   5.108205E-003
   1.052128E-002   1.138841E-002   3.021633E-002   4.109443E-002   1.411020E-002   4.299152E-003
   9.496567E-003   1.037512E-002   2.943097E-002   3.984468E-002   1.311234E-002   3.191213E-003
   8.603466E-003   9.493379E-003   2.877452E-002   3.874837E-002   1.256963E-002   3.239585E-003
   7.828382E-003   8.729589E-003   2.823329E-002   3.776042E-002   1.225134E-002   3.780858E-003
   7.159144E-003   8.071576E-003   2.779502E-002   3.682736E-002   1.190039E-002   3.763059E-003
   6.584838E-003   7.508421E-003   2.744869E-002   3.589253E-002   1.134724E-002   3.670160E-003
   6.095649E-003   7.030310E-003   2.718437E-002   3.490151E-002   1.058593E-002   3.833711E-003
   5.682743E-003   6.628401E-003   2.699310E-002   3.380748E-002   9.786352E-003   3.451413E-003
   5.338147E-003   6.294720E-003   2.686681E-002   3.257604E-002   9.229507E-003   2.720454E-003
   5.054659E-003   6.022061E-003   2.679815E-002   3.118908E-002   9.185130E-003   2.683973E-003
   4.825768E-003   5.803909E-003   2.678050E-002   2.964723E-002   9.774506E-003   3.153506E-003
   4.645575E-003   5.634361E-003   2.680783E-002   2.797071E-002   1.089726E-002   3.253370E-003
   4.508737E-003   5.508071E-003   2.687467E-002   2.619845E-002   1.221645E-002   2.762540E-003
   4.410409E-003   5.420190E-003   2.697605E-002   2.438531E-002   1.329365E-002   2.770194E-003
   4.346196E-003   5.366319E-003   2.710744E-002   2.259776E-002   1.371359E-002   2.598072E-003
   4.312109E-003   5.342464E-003   2.726472E-002   2.090835E-002   1.329077E-002   2.284061E-003
   4.304526E-003   5.345000E-003   2.744415E-002   1.938906E-002   1.187004E-002   2.459831E-003
   4.320160E-003   5.370639E-003   2.764231E-002   1.810482E-002   1.055057E-002   2.815147E-003
   4.356029E-003   5.416392E-003   2.785610E-002   1.710709E-002   9.016518E-003   2.535420E-003
   4.409426E-003   5.479548E-003   2.808267E-002   1.642862E-002   7.908386E-003   2.201407E-003
   4.477894E-003   5.557650E-003   2.831947E-002   1.607980E-002   7.353902E-003   2.183520E-003
   4.559208E-003   5.648466E-003   2.856412E-002   1.604695E-002   7.275550E-003   2.039031E-003
   4.651352E-003   5.749978E-003   2.881451E-002   1.629293E-002   7.408597E-003   1.931866E-003
   4.752498E-003   5.860355E-003   2.906868E-002   1.676005E-002   7.504034E-003   2.275147E-003
   4.860997E-003   5.977945E-003   2.932487E-002   1.737494E-002   7.441051E-003   2.047504E-003
   4.975358E-003   6.101253E-003   2.958147E-002   1.805515E-002   7.272246E-003   1.777589E-003
   5.094236E-003   6.228930E-003   2.983702E-002   1.871658E-002   7.158312E-003   1.825458E-003
   5.216419E-003   6.359764E-003   3.009021E-002   1.928112E-002   7.240340E-003   1.838643E-003
   5.340821E-003   6.492662E-003   3.033982E-002   1.968369E-002   7.531308E-003   1.804508E-003
   5.466463E-003   6.626645E-003   3.058478E-002   1.987779E-002   7.885860E-003   1.861336E-003
   5.592474E-003   6.760837E-003   3.082411E-002   1.983903E-002   8.070424E-003   1.566243E-003
   5.718072E-003   6.894456E-003   3.105692E-002   1.956627E-002   7.891844E-003   1.464422E-003
   5.842565E-003   7.026805E-003   3.128242E-002   1.908010E-002   7.305541E-003   1.656184E-003
   5.965338E-003   7.157267E-003   3.149990E-002   1.841908E-002   6.443065E-003   1.522786E-003
   6.085848E-003   7.285296E-003   3.170871E-002   1.763409E-002   5.573242E-003   1.557772E-003
   6.203619E-003   7.410414E-003   3.190828E-002   1.678149E-002   4.951606E-003   1.375741E-003
   6.318234E-003   7.532202E-003   3.209809E-002   1.591612E-002   4.725991E-003   1.315469E-003
   6.429332E-003   7.650294E-003   3.227771E-002   1.508491E-002   4.851458E-003   1.464713E-003
   6.536601E-003   7.764380E-003   3.244671E-002   1.432199E-002   5.145545E-003   1.359225E-003
   6.639777E-003   7.874189E-003   3.260476E-002   1.364586E-002   5.392486E-003   1.258409E-003
   6.738636E-003   7.979498E-003   3.275154E-002   1.305902E-002   5.436664E-003   1.190581E-003
   6.832993E-003   8.080117E-003   3.288679E-002   1.255023E-002   5.319028E-003   1.184093E-003
   6.922697E-003   8.175895E-003   3.301026E-002   1.209748E-002   5.132031E-003   1.278077E-003
   7.007629E-003   8.266711E-003   3.312176E-002   1.167483E-002   5.049069E-003   1.110427E-003
   7.087699E-003   8.352470E-003   3.322112E-002   1.125721E-002   4.965772E-003   1.061054E-003
   7.162841E-003   8.433107E-003   3.330821E-002   1.082606E-002   4.832618E-003   1.049748E-003
   7.233014E-003   8.508578E-003   3.338290E-002   1.037313E-002   4.464791E-003   1.027410E-003
   7.298199E-003   8.578860E-003   3.344511E-002   9.902533E-003   3.922492E-003   9.785952E-004
   7.358393E-003   8.643950E-003   3.349476E-002   9.429980E-003   3.461208E-003   9.058185E-004
   7.413613E-003   8.703863E-003   3.353181E-002   8.980240E-003   3.291089E-003   9.491274E-004
   7.463889E-003   8.758626E-003   3.355622E-002   8.582117E-003   3.459651E-003   9.031702E-004
   7.509267E-003   8.808283E-003   3.356797E-002   8.262685E-003   3.773510E-003   8.856254E-004
   7.549803E-003   8.852889E-003   3.356706E-002   8.041322E-003   3.942050E-003   8.028596E-004
   7.585565E-003   8.892509E-003   3.355350E-002   7.924764E-003   3.233027E-003   8.316969E-004
   7.616631E-003   8.927219E-003   3.352732E-002   7.904384E-003   3.575491E-003   8.313659E-004
   7.643085E-003   8.957101E-003   3.348854E-002   7.955887E-003   3.355561E-003   7.729064E-004
   7.665020E-003   8.982248E-003   3.343721E-002   8.042212E-003   3.209362E-003   7.118568E-004
   7.682537E-003   9.002755E-003   3.337339E-002   8.119084E-003   3.076646E-003  -4.501451E-004
   7.695738E-003   9.018725E-003   3.329713E-002   8.142287E-003   2.852830E-003   7.211475E-004
   7.704733E-003   9.030266E-003   3.320850E-002   8.075445E-003   2.594669E-003   6.429707E-004
   7.709634E-003   9.037487E-003   3.310757E-002   7.896750E-003   2.431652E-003   6.305189E-004
   7.710559E-003   9.040503E-003   3.299443E-002   7.603271E-003   2.472956E-003   5.793603E-004
   7.707624E-003   9.039430E-003   3.286917E-002   7.211198E-003   2.647382E-003   6.053194E-004
   7.700951E-003   9.034387E-003   3.273187E-002   6.753480E-003   2.758629E-003   4.332722E-004
   7.690662E-003   9.025492E-003   3.258263E-002   6.272179E-003   2.661989E-003   5.665925E-004
   7.676878E-003   9.012868E-003   3.242156E-002   5.810647E-003   2.430147E-003   1.299298E-004
   7.659723E-003   8.996634E-003   3.224875E-002   5.403750E-003   2.168194E-003   4.945218E-004
   7.639322E-003   8.976912E-003   3.206432E-002   5.071699E-003   2.003699E-003   5.071772E-004
   7.615796E-003   8.953822E-003   3.186838E-002   4.818357E-003   1.931074E-003   4.904190E-004
   7.589269E-003   8.927486E-003   3.166104E-002   4.628975E-003   1.875665E-003   4.080731E-004
   7.559862E-003   8.898023E-003   3.144243E-002   4.479799E-003   1.388965E-003   3.988847E-004
   7.527696E-003   8.865552E-003   3.121267E-002   4.344107E-003   1.769260E-003  -3.557773E-004
   7.492892E-003   8.830188E-003   3.097188E-002   4.202522E-003   1.823778E-003   4.016218E-004
   7.455566E-003   8.792050E-003   3.072019E-002   4.045965E-003   1.882607E-003   2.521929E-004
   7.415837E-003   8.751249E-003   3.045774E-002   3.879128E-003   1.766850E-003   1.735103E-004
   7.373817E-003   8.707899E-003   3.018465E-002   3.718904E-003   1.512879E-003   3.376227E-004
   7.329621E-003   8.662110E-003   2.990107E-002   3.583484E-003   1.316642E-003   3.413390E-004
   7.283359E-003   8.613990E-003   2.960713E-002   3.484617E-003   1.235228E-003   3.937508E-004
   7.235140E-003   8.563645E-003   2.930299E-002   3.420370E-003   1.199688E-003  -3.957906E-004
   7.185071E-003   8.511178E-003   2.898878E-002   3.383401E-003   1.244973E-003   2.290303E-004
   7.133254E-003   8.456692E-003   2.866467E-002   3.334238E-003   1.223098E-003   2.731461E-004
   7.079794E-003   8.400285E-003   2.833079E-002   3.247240E-003   1.217993E-003   2.505147E-004
   7.024789E-003   8.342054E-003   2.798732E-002   3.100004E-003   1.124986E-003   2.574567E-004
   6.968336E-003   8.282094E-003   2.763440E-002   2.884695E-003   1.070632E-003   2.613677E-004
   6.910530E-003   8.220495E-003   2.727221E-002   2.624145E-003   8.898696E-004   2.216078E-004
   6.851464E-003   8.157347E-003   2.690092E-002   2.337609E-003   7.972142E-004  -2.125503E-004
   6.791228E-003   8.092738E-003   2.652070E-002   2.062173E-003   7.183069E-004   1.947337E-004
   6.729910E-003   8.026751E-003   2.613172E-002   1.835317E-003   8.357644E-004   1.585681E-004
   6.667594E-003   7.959468E-003   2.573417E-002   1.676247E-003   7.876961E-004   1.871248E-004
   6.604364E-003   7.890969E-003   2.532823E-002   1.574681E-003   7.463242E-004   1.383308E-004
   6.540299E-003   7.821330E-003   2.491410E-002   1.511801E-003   3.681658E-004   1.554951E-004
   6.475479E-003   7.750627E-003   2.449198E-002   1.458727E-003   5.766763E-004   2.231939E-003
   6.409980E-003   7.678931E-003   2.406206E-002   1.414939E-003   4.875616E-004   1.536668E-004
   6.343874E-003   7.606314E-003   2.362455E-002   1.333951E-003   4.311366E-004   1.289545E-004
   6.277234E-003   7.532841E-003   2.317966E-002   1.234350E-003   4.599677E-004  -6.718405E-004
   6.210130E-003   7.458579E-003   2.272762E-002   1.128944E-003   5.005998E-004   1.818623E-004
   6.142627E-003   7.383591E-003   2.226865E-002   1.030429E-003   3.982008E-004   4.950766E-005
   6.074793E-003   7.307939E-003   2.180298E-002   9.420990E-004   3.056265E-004  -7.447854E-004
   6.006690E-003   7.231681E-003   2.133084E-002   8.624120E-004   1.756477E-004   9.859693E-004
   5.938379E-003   7.154875E-003   2.085249E-002   7.675130E-004   2.168513E-004  -6.751280E-005
   5.869921E-003   7.077576E-003   2.036816E-002   6.453512E-004   1.710689E-004   7.752798E-005
   5.801374E-003   6.999837E-003   1.987812E-002   4.939000E-004   1.825960E-004   3.670689E-005
   5.732793E-003   6.921710E-003   1.938263E-002   3.213588E-004   1.091808E-004  -1.772617E-003
   5.664233E-003   6.843245E-003   1.888196E-002   1.620212E-004  -9.687400E-005   3.277707E-004
   5.595747E-003   6.764491E-003   1.837639E-002   3.107931E-005   1.217274E-005  -3.334339E-004
   5.527388E-003   6.685493E-003   1.786621E-002  -4.533354E-005  -1.847983E-005   1.743708E-004
   5.459205E-003   6.606298E-003   1.735170E-002  -9.001844E-005  -3.243997E-005   1.024602E-005
   5.391247E-003   6.526949E-003   1.683317E-002  -1.104143E-004  -6.023430E-005  -1.598365E-005
   5.323562E-003   6.447489E-003   1.631092E-002  -1.460800E-004  -7.526565E-005  -4.514161E-006
   5.256197E-003   6.367959E-003   1.578526E-002  -2.002490E-004  -3.085587E-004  -2.050048E-005
   5.189198E-003   6.288399E-003   1.525653E-002  -3.408600E-004  -3.858297E-004  -2.742002E-005
   5.122609E-003   6.208849E-003   1.472504E-002  -3.781627E-004  -4.259658E-004  -2.831386E-005
   5.056473E-003   6.129347E-003   1.419113E-002  -4.830705E-004  -2.959294E-004   3.174313E-004
   4.990836E-003   6.049929E-003   1.365516E-002  -5.980673E-004  -7.066881E-004  -5.577447E-005
   4.925738E-003   5.970634E-003   1.311746E-002  -6.950294E-004  -3.798283E-004  -9.046882E-005
   4.861222E-003   5.891497E-003   1.257839E-002  -1.200200E-003  -2.887200E-004  -2.327365E-004
   4.797330E-003   5.812553E-003   1.203832E-002  -8.215812E-004  -3.580777E-004  -1.556404E-004
   4.734102E-003   5.733838E-003   1.149763E-002  -9.313540E-004  -3.784243E-004  -2.987165E-004
   4.671581E-003   5.655386E-003   1.095668E-002  -1.002936E-003  -6.738038E-004  -1.697287E-004
   4.609807E-003   5.577232E-003   1.041586E-002  -1.096210E-003  -3.890680E-004  -3.048681E-004
   4.548821E-003   5.499411E-003   9.875562E-003  -1.133172E-003  -4.492794E-004  -1.557843E-004
   4.488664E-003   5.421956E-003   9.336182E-003  -1.106063E-003  -7.550105E-004  -1.306908E-004
   4.429379E-003   5.344904E-003   8.798119E-003  -1.138369E-003  -4.984337E-004  -3.789462E-004
   4.371007E-003   5.268289E-003   8.261780E-003  -1.201043E-003  -5.233728E-004  -2.554777E-003
   4.313591E-003   5.192147E-003   7.727574E-003  -1.294504E-003  -5.173128E-004  -1.166612E-003
   4.257174E-003   5.116514E-003   7.195917E-003  -1.365316E-003  -5.697599E-004   1.942193E-004
   4.201802E-003   5.041427E-003   6.667225E-003  -1.434577E-003  -6.006566E-004  -2.843817E-004
   4.147518E-003   4.966925E-003   6.141922E-003  -1.499083E-003  -2.595579E-003   2.607354E-004
   4.094370E-003   4.893046E-003   5.620431E-003  -1.554095E-003  -6.495264E-004  -1.397414E-004
   4.042407E-003   4.819831E-003   5.103179E-003  -1.608407E-003  -1.099676E-003  -9.602618E-005
   3.991677E-003   4.747322E-003   4.590594E-003  -1.665214E-003  -8.781479E-004  -2.171013E-004
   3.942232E-003   4.675562E-003   4.083105E-003  -1.709667E-003  -1.055005E-003  -1.595919E-004
   3.894126E-003   4.604598E-003   3.581141E-003  -1.739961E-003  -7.001208E-004  -2.619429E-003
   3.847415E-003   4.534476E-003   3.085132E-003  -1.775162E-003  -7.323726E-004   7.530377E-005
   3.802157E-003   4.465248E-003   2.595506E-003  -1.793500E-003  -9.199193E-004  -2.778844E-004
   3.758412E-003   4.396966E-003   2.112689E-003  -1.938155E-003  -8.331772E-004   1.545269E-003
   3.716246E-003   4.329684E-003   1.637105E-003  -1.932057E-003  -7.963621E-004  -7.840747E-004
   3.675724E-003   4.263463E-003   1.169176E-003  -1.975832E-003  -1.036369E-003  -2.127212E-004
   3.636919E-003   4.198364E-003   7.093191E-004  -2.032234E-003  -9.552237E-004  -1.612124E-004
   3.599903E-003   4.134452E-003   2.579462E-004  -2.098183E-003  -8.249078E-004  -3.627112E-004
   3.564757E-003   4.071798E-003  -1.845352E-004  -2.083233E-003  -1.410166E-003  -1.408126E-003
   3.531562E-003   4.010476E-003  -6.177241E-004  -2.121671E-003  -8.817170E-004  -1.937073E-004
   3.500408E-003   3.950565E-003  -1.041226E-003  -2.160359E-003  -9.658984E-004  -2.023968E-004
   3.471386E-003   3.892149E-003  -1.454656E-003  -2.183067E-003  -9.008198E-004  -1.856415E-004
   3.444597E-003   3.835318E-003  -1.857633E-003  -2.352091E-003  -9.685260E-004  -1.808306E-004
   3.420145E-003   3.780166E-003  -2.249790E-003  -2.274765E-003  -1.016012E-003   1.262694E-002
   3.398140E-003   3.726797E-003  -2.630768E-003  -2.279564E-003  -9.429688E-004  -1.783679E-004
   3.378702E-003   3.675319E-003  -3.000215E-003  -2.334123E-003  -1.266015E-003  -3.708149E-004
   3.361957E-003   3.625848E-003  -3.357795E-003  -2.395917E-003  -1.014236E-003  -2.076986E-004
   3.348037E-003   3.578508E-003  -3.703180E-003  -2.398825E-003  -9.762402E-004  -5.395374E-004
   3.337085E-003   3.533432E-003  -4.036056E-003  -2.382750E-003  -9.560271E-004  -4.530531E-004
   3.329253E-003   3.490763E-003  -4.356118E-003  -2.408981E-003  -1.099061E-003  -2.217478E-004
   3.324702E-003   3.450651E-003  -4.663076E-003  -2.425289E-003  -1.080832E-003  -2.727878E-003
   3.323604E-003   3.413259E-003  -4.956652E-003  -2.632719E-003  -1.004689E-003  -2.369515E-004
   3.326142E-003   3.378759E-003  -5.236582E-003  -4.717289E-003  -9.961090E-004  -5.785667E-003
   3.332510E-003   3.347338E-003  -5.502611E-003  -2.505959E-003  -1.004401E-003  -5.645712E-005
   3.342917E-003   3.319194E-003  -5.754500E-003  -2.541953E-003  -2.757454E-003  -3.624950E-004
   3.357585E-003   3.294537E-003  -5.992020E-003  -2.738964E-003  -1.272836E-003  -2.237304E-004
   3.376749E-003   3.273595E-003  -6.214954E-003  -2.560879E-003  -7.136276E-004  -8.025522E-004
   3.400661E-003   3.256610E-003  -6.423098E-003  -2.541403E-003  -1.035133E-003  -3.873780E-003
   3.429590E-003   3.243841E-003  -6.616254E-003  -2.577799E-003  -1.170604E-003  -2.559355E-004
   3.463821E-003   3.235563E-003  -6.794238E-003  -2.574977E-003  -1.073852E-003   4.656437E-003
   3.503661E-003   3.232073E-003  -6.956868E-003  -2.585830E-003  -1.644078E-003  -1.254213E-004
   3.549434E-003   3.233687E-003  -7.103974E-003  -2.613804E-003  -1.825546E-003  -2.944802E-004
   3.601487E-003   3.240741E-003  -7.235388E-003  -3.644304E-003  -1.361324E-003  -5.039903E-004
   3.660190E-003   3.253598E-003  -7.350944E-003  -2.600766E-003  -1.042623E-003   2.809423E-004
   3.725937E-003   3.272641E-003  -7.450478E-003  -3.388482E-003  -1.694432E-003  -1.902262E-003
   3.799150E-003   3.298283E-003  -7.533824E-003  -2.588995E-003  -1.129827E-003   1.662870E-004
   3.880274E-003   3.330963E-003  -7.600810E-003  -2.614364E-003  -1.043484E-003  -1.474379E-003
   3.969790E-003   3.371150E-003  -7.651259E-003  -2.665062E-003  -1.228883E-002   6.030508E-005
   4.068205E-003   3.419345E-003  -7.684981E-003  -3.255806E-003  -1.024501E-003   8.146121E-005
   4.176063E-003   3.476084E-003  -7.701773E-003  -2.633482E-003  -1.030024E-002  -3.730103E-004
   4.293941E-003   3.541936E-003  -7.701413E-003  -2.570279E-003  -1.049880E-003  -8.988785E-004
   4.422457E-003   3.617511E-003  -7.683656E-003  -2.511862E-003  -1.020459E-003  -4.604219E-004
   4.562268E-003   3.703459E-003  -7.648234E-003  -2.485175E-003  -1.118578E-003  -2.298632E-004
   4.714072E-003   3.800473E-003  -7.594843E-003  -2.444238E-003  -1.080173E-003   5.541057E-004
   4.878617E-003   3.909294E-003  -7.523145E-003  -2.520568E-003  -1.014882E-003   2.544029E-003
   5.056696E-003   4.030709E-003  -7.432760E-003  -2.680379E-003  -1.066877E-003   3.841096E-004
   5.249155E-003   4.165561E-003  -7.323262E-003  -2.387379E-003  -9.492836E-004  -7.110236E-004
   5.456896E-003   4.314745E-003  -7.194168E-003  -2.313271E-003  -1.104340E-003  -2.177460E-004
   5.680878E-003   4.479217E-003  -7.044942E-003  -2.275119E-003  -9.038509E-004  -3.977156E-003
   5.922122E-003   4.659997E-003  -6.874977E-003  -2.279156E-003  -8.930432E-004  -5.982333E-003
   6.181717E-003   4.858169E-003  -6.683597E-003  -2.175291E-003  -9.876706E-004   1.104264E-005
   6.460820E-003   5.074891E-003  -6.470048E-003  -2.188260E-003  -9.128064E-004  -8.213258E-004
   6.760663E-003   5.311392E-003  -6.233488E-003  -2.091309E-003  -8.109463E-004  -2.116692E-004
   7.082558E-003   5.568986E-003  -5.972984E-003  -2.030065E-003  -1.102065E-003  -2.044300E-003
   7.427898E-003   5.849068E-003  -5.687503E-003  -1.860879E-003  -7.071164E-004   1.024234E-003
   7.798167E-003   6.153124E-003  -5.375904E-003  -1.801425E-003  -2.374753E-003   4.874639E-002
   8.194944E-003   6.482736E-003  -5.036932E-003  -1.741546E-003  -5.492102E-003  -1.430681E-004
   8.619904E-003   6.839586E-003  -4.669209E-003  -1.588755E-003  -7.771263E-004   3.487798E-004
   9.074832E-003   7.225465E-003  -4.271226E-003  -1.477662E-003  -6.222614E-004  -1.204461E-004
   9.561621E-003   7.642275E-003  -3.841340E-003  -1.316247E-002  -5.576915E-004  -9.893872E-004
   1.008228E-002   8.092039E-003  -3.377759E-003  -1.224648E-003  -9.395658E-004   1.576719E-004
   1.063896E-002   8.576908E-003  -2.878538E-003  -1.087633E-003  -2.930311E-003  -8.437504E-005
   1.123392E-002   9.099164E-003  -2.341574E-003  -2.112441E-003   4.138595E-003   4.958001E-004
   1.186957E-002   9.661234E-003  -1.764593E-003  -7.854280E-004  -1.418047E-004  -5.265830E-003
   1.254847E-002   1.026569E-002  -1.145146E-003  -6.404301E-004  -1.175418E-002  -9.717455E-004
   1.327334E-002   1.091528E-002  -4.806005E-004  -1.410173E-003  -1.406038E-004  -3.359154E-004
   1.404704E-002   1.161288E-002   2.318672E-004  -1.022433E-003  -1.085854E-004   1.371351E-003
   1.487263E-002   1.236158E-002   9.952793E-004  -2.531629E-005  -4.604000E-007  -4.204626E-004
   1.575334E-002   1.316463E-002   1.812863E-003   1.943550E-004  -1.823408E-003  -2.448289E-003
   1.669259E-002   1.402550E-002   2.688059E-003   4.293450E-004  -1.179988E-004   8.083878E-004
   1.769400E-002   1.494783E-002   3.624529E-003   6.680468E-004  -8.488517E-004   2.461157E-004
   1.876139E-002   1.593549E-002   4.626159E-003   9.199422E-004   4.211880E-004   4.852095E-003
   1.989883E-002   1.699259E-002   5.697073E-003   1.250109E-003   6.014055E-003   8.900509E-004
   2.111059E-002   1.812344E-002   6.841634E-003   7.600203E-004   6.956537E-004  -4.130027E-005
   2.240119E-002   1.933262E-002   8.064452E-003   1.291765E-003   8.720950E-004   1.865992E-002
   2.377541E-002   2.062495E-002   9.370395E-003  -2.718952E-003   5.583807E-004   3.409369E-002
   2.523827E-002   2.200553E-002   1.076459E-002   2.566566E-003   1.495098E-003   2.058113E-004
   2.679508E-002   2.347973E-002   1.225243E-002   2.961825E-003   1.267094E-003   1.629499E-004
   2.845141E-002   2.505320E-002   1.383959E-002   3.315057E-003   1.012900E-002   3.347782E-003
   3.021315E-002   2.673189E-002   1.553203E-002   3.496415E-003  -2.479235E-003   1.087389E-004
   3.208646E-002   2.852206E-002   1.733597E-002   4.350953E-003   1.241377E-003   7.454413E-004
   3.407783E-002   3.043028E-002   1.925796E-002   4.897536E-003  -2.796669E-003  -1.240359E-003
   3.619405E-002   3.246344E-002   2.130483E-002   5.414718E-003   2.503447E-003   1.288155E-003
   3.844224E-002   3.462876E-002   2.348371E-002   6.033144E-003   2.585675E-003   4.737918E-004
   4.082985E-002   3.693382E-002   2.580204E-002  -1.467536E-003   2.610389E-003   1.143082E-003
   4.336466E-002   3.938650E-002   2.826759E-002   6.933094E-003   3.004674E-003   7.528455E-004
   4.605479E-002   4.199505E-002   3.088842E-002   8.026827E-003   3.200977E-003  -4.247667E-004
   4.890869E-002   4.476806E-002   3.367293E-002   8.749817E-003   1.885956E-002  -1.496871E-003
   5.193515E-002   4.771448E-002   3.662981E-002   9.555042E-003   3.836116E-003   2.713652E-003
   5.514330E-002   5.084357E-002   3.976808E-002   1.034903E-002   3.161145E-003  -3.985625E-002
   5.854258E-002   5.416496E-002   4.309707E-002   1.117156E-002   2.968558E-003   1.043486E-003
   6.214276E-002   5.768858E-002   4.662641E-002   1.221979E-002   5.146468E-003   1.224447E-003
   6.595392E-002   6.142468E-002   5.036600E-002   1.317430E-002   5.327161E-003   1.210428E-003
   6.998639E-002   6.538380E-002   5.432604E-002   1.426560E-002   1.904564E-002   1.036957E-003
   7.425081E-002   6.957678E-002   5.851700E-002   1.532797E-002   6.877789E-003   5.639330E-003
   7.875801E-002   7.401467E-002   6.294954E-002   1.370719E-002   1.513167E-002   1.531924E-003
   8.351906E-002   7.870874E-002   6.763457E-002   1.775177E-002   8.464179E-003  -2.143006E-004
   8.854517E-002   8.367046E-002   7.258314E-002   1.908494E-002   7.652861E-003   1.757608E-003
   9.384768E-002   8.891140E-002   7.780645E-002   2.048791E-002   8.213226E-003  -3.295976E-003
   9.943799E-002   9.444322E-002   8.331577E-002   2.033862E-002   8.428215E-003   3.540715E-004
   1.053275E-001   1.002776E-001   8.912239E-002   2.344285E-002   9.390921E-003  -4.640335E-004
   1.115276E-001   1.064261E-001   9.523757E-002   2.495248E-002   1.022917E-002   1.584993E-002
   1.180495E-001   1.129003E-001   1.016724E-001   2.680558E-002   1.874566E-002   1.847468E-003
   1.249041E-001   1.197114E-001   1.084380E-001   2.755081E-002   1.093241E-002   2.955363E-003
   1.321021E-001   1.268704E-001   1.155447E-001   3.051234E-002   1.723537E-002   2.670596E-003
   1.396539E-001   1.343878E-001   1.230031E-001   3.246357E-002   1.305248E-002   2.902902E-003
   1.475690E-001   1.422736E-001   1.308227E-001   3.402515E-002   1.383194E-002   1.036326E-003
   1.558567E-001   1.505373E-001   1.390127E-001   3.744286E-002   9.334366E-003   3.316710E-003
   1.645252E-001   1.591874E-001   1.475816E-001   1.607292E-002   1.622021E-002   4.300945E-003
   1.735818E-001   1.682316E-001   1.565367E-001   4.141366E-002   1.659414E-002   4.092642E-003
   1.830330E-001   1.776765E-001   1.658846E-001   4.236969E-002   1.841289E-002   1.784440E-002
   1.928839E-001   1.875276E-001   1.756305E-001   4.643041E-002   9.085828E-002  -9.135987E-003
   2.031382E-001   1.977889E-001   1.857784E-001   4.891156E-002   1.820104E-002   3.789072E-003
   2.137983E-001   2.084629E-001   1.963307E-001   5.197281E-002   2.642880E-002   6.810896E-003
   2.248647E-001   2.195505E-001   2.072881E-001   5.453371E-002   2.632535E-002   4.873841E-003
   2.363363E-001   2.310507E-001   2.186498E-001   5.790559E-002   2.282021E-002   3.540840E-002
   2.482099E-001   2.429605E-001   2.304127E-001   5.632488E-002   2.366107E-002   5.486499E-003
   2.604802E-001   2.552748E-001   2.425717E-001   6.425754E-002   3.517178E-002   5.340674E-003
   2.731397E-001   2.679862E-001   2.551195E-001   6.758162E-002   2.586567E-002   5.045789E-003
   2.861785E-001   2.810850E-001   2.680465E-001   6.552332E-002   2.747638E-002   5.636884E-003
   2.995842E-001   2.945588E-001   2.813405E-001   6.888405E-002   2.941453E-002   6.114941E-003
   3.133420E-001   3.083928E-001   2.949868E-001   7.815063E-002   1.729375E-001   6.387711E-003
   3.274342E-001   3.225694E-001   3.089682E-001   8.184658E-002   3.115773E-002   5.779522E-003
   3.418407E-001   3.370684E-001   3.232645E-001   8.417195E-002   3.836478E-002   6.186565E-003
   3.565385E-001   3.518667E-001   3.378533E-001   8.950717E-002   2.535543E-002   7.160951E-003
   3.715022E-001   3.669386E-001   3.527093E-001   9.212190E-002   3.743770E-002   8.601769E-003
   3.867035E-001   3.822559E-001   3.678044E-001   9.707645E-002   3.815230E-002   8.742625E-003
   4.021117E-001   3.977875E-001   3.831085E-001   1.015529E-001   4.064199E-002   8.348148E-003
   4.176937E-001   4.135002E-001   3.985885E-001   1.050394E-001   4.035220E-002   9.580275E-003
   4.334142E-001   4.293581E-001   4.142095E-001   1.096086E-001   4.395606E-002   3.467273E-001
   4.492357E-001   4.453236E-001   4.299343E-001   1.075297E-001   4.633547E-002   1.224036E-002
   4.651189E-001   4.613567E-001   4.457240E-001   1.181195E-001   4.753232E-002   1.063017E-002
   4.810229E-001   4.774163E-001   4.615380E-001   1.035845E-001   4.980083E-002   1.124041E-002
   4.969053E-001   4.934596E-001   4.773343E-001   1.253827E-001   5.065880E-002   4.320272E-002
   5.127229E-001   5.094426E-001   4.930700E-001   1.307296E-001   5.380051E-002   1.066688E-002
   5.284317E-001   5.253209E-001   5.087015E-001   1.348731E-001   5.269538E-002   2.000747E-002
   5.439872E-001   5.410494E-001   5.241846E-001   1.389811E-001   5.510901E-002   1.251119E-002
   5.593449E-001   5.565831E-001   5.394752E-001   1.426053E-001   5.784825E-002   3.808356E-002
   5.744606E-001   5.718773E-001   5.545296E-001   1.470176E-001   5.863554E-002   1.325273E-002
   5.892909E-001   5.868877E-001   5.693044E-001   1.487972E-001   6.045691E-002   9.614421E-003
   6.037931E-001   6.015712E-001   5.837574E-001   1.547037E-001   4.501256E-002   1.403777E-002
   6.179261E-001   6.158860E-001   5.978477E-001   1.234043E-001   6.344837E-002   1.349588E-002
   6.316500E-001   6.297917E-001   6.115359E-001   1.621495E-001   6.531995E-002   4.886518E-002
   6.449272E-001   6.432502E-001   6.247846E-001   1.647261E-001   5.876025E-002   1.239665E-002
   6.577222E-001   6.562252E-001   6.375584E-001   1.689514E-001   6.971216E-002   1.613430E-002
   6.700017E-001   6.686830E-001   6.498243E-001   1.722794E-001   6.909158E-002   7.533427E-003
   6.817352E-001   6.805925E-001   6.615520E-001   1.733879E-001   6.946449E-002   1.537252E-002
   6.928949E-001   6.919254E-001   6.727138E-001   1.773062E-001   7.145132E-002   1.582354E-002
   7.034556E-001   7.026565E-001   6.832850E-001   1.585296E-001   7.212270E-002   1.637425E-002
   7.133965E-001   7.127633E-001   6.932437E-001   1.838485E-001   7.358947E-002   1.661848E-002
