  0.000000000000000E+000  0.000000000000000E+000 -4.407290409385924E-007
   2733880477.20803       0.000000000000000E+000 -4.407290409385924E-007
   1602096874.25450       0.000000000000000E+000 -4.407290409385924E-007
   1564418215.94005       0.000000000000000E+000 -4.407290409385924E-007
   1283364046.82525       0.000000000000000E+000 -4.407290409385924E-007
   1110040423.70498       0.000000000000000E+000 -4.407290409385924E-007
   944159464.231316       0.000000000000000E+000 -4.407290409385924E-007
   807290799.924149       0.000000000000000E+000 -4.407290409385924E-007
   689126875.743754       0.000000000000000E+000 -4.407290409385924E-007
   588562784.424375       0.000000000000000E+000 -4.407290409385924E-007
   502592476.544431       0.000000000000000E+000 -4.407290409385924E-007
   429201533.728794       0.000000000000000E+000 -4.407290409385924E-007
   366521633.952839       0.000000000000000E+000 -4.407290409385924E-007
   312996973.469454       0.000000000000000E+000 -4.407290409385924E-007
   267288319.091769       0.000000000000000E+000 -4.407290409385924E-007
   228254861.049598       0.000000000000000E+000 -4.407290409385924E-007
   194921625.768479       0.000000000000000E+000 -4.407290409385924E-007
   166456220.955539       0.000000000000000E+000 -4.407290409385924E-007
   142147768.937703       0.000000000000000E+000 -4.407290409385924E-007
   121389187.684070       0.000000000000000E+000 -4.407290409385924E-007
   103662139.319945       0.000000000000000E+000 -4.407290409385924E-007
   88523723.0396688       0.000000000000000E+000 -4.407290409385924E-007
   75596408.8843502       0.000000000000000E+000 -4.407290409385924E-007
   64556098.0747020       0.000000000000000E+000 -4.407290409385924E-007
   55129046.4601340       0.000000000000000E+000 -4.407290409385924E-007
   47078547.4566681       0.000000000000000E+000 -4.407290409385924E-007
   40203014.9993847       0.000000000000000E+000 -4.407290409385924E-007
   34332123.9172084       0.000000000000000E+000 -4.407290409385924E-007
   29318372.6438327       0.000000000000000E+000 -4.407290409385924E-007
   25036877.6898226       0.000000000000000E+000 -4.407290409385924E-007
   21380608.6764206       0.000000000000000E+000 -4.407290409385924E-007
   18258290.2377166       0.000000000000000E+000 -4.407290409385924E-007
   15591937.9725452       0.000000000000000E+000 -4.407290409385924E-007
   13314967.3875957       0.000000000000000E+000 -4.407290409385924E-007
   11370514.3360967       0.000000000000000E+000 -4.407290409385924E-007
   9710019.78620628       0.000000000000000E+000 -4.407290409385924E-007
   8292015.76191222       0.000000000000000E+000 -4.407290409385924E-007
   7081090.14362514       0.000000000000000E+000 -4.407290409385924E-007
   6047002.20441881       0.000000000000000E+000 -4.407290409385924E-007
   5163927.43158968       0.000000000000000E+000 -4.407290409385924E-007
   4409812.59692313       0.000000000000000E+000 -4.407290409385924E-007
   3765825.01865596       0.000000000000000E+000 -4.407290409385924E-007
   3215882.24799861       0.000000000000000E+000 -4.407290409385924E-007
   2746250.43864254       0.000000000000000E+000 -4.407290409385924E-007
   2345201.36823429       0.000000000000000E+000 -4.407290409385924E-007
   2002719.54680781       0.000000000000000E+000 -4.407290409385924E-007
   1710252.09770157       0.000000000000000E+000 -4.407290409385924E-007
   1460495.16449061       0.000000000000000E+000 -4.407290409385924E-007
   1247211.51052048       0.000000000000000E+000 -4.407290409385924E-007
   1065074.75369152       0.000000000000000E+000 -4.407290409385924E-007
   909536.353541312       0.000000000000000E+000 -4.407290409385924E-007
   776712.006787247       0.000000000000000E+000 -4.407290409385924E-007
   663284.683738287       0.000000000000000E+000 -4.407290409385924E-007
   566421.665834047       0.000000000000000E+000 -4.407290409385924E-007
   483704.196220809       0.000000000000000E+000 -4.407290409385924E-007
   413065.851418020       0.000000000000000E+000 -4.407290409385924E-007
   352744.735408129       0.000000000000000E+000 -4.407290409385924E-007
   301227.751497898       0.000000000000000E+000 -4.407290409385924E-007
   257248.772956321       0.000000000000000E+000 -4.407290409385924E-007
   219647.719459181       0.000000000000000E+000 -4.407290409385924E-007
   187670.204540549       0.000000000000000E+000 -4.407290409385924E-007
   159974.974487531       0.000000000000000E+000 -4.407290409385924E-007
   137429.280475968       0.000000000000000E+000 -4.407290409385924E-007
   115138.021185694       0.000000000000000E+000 -4.407290409385924E-007
   103978.599905132       0.000000000000000E+000 -4.407290409385924E-007
   76073.7861305610       0.000000000000000E+000 -4.407290409385924E-007
   74540.1617806137       0.000000000000000E+000 -4.407290409385924E-007
   67313.0145550244       0.000000000000000E+000 -4.407290409385924E-007
   54539.8388285775       0.000000000000000E+000 -4.407290409385924E-007
   36921.5176735203       0.000000000000000E+000 -4.407290409385924E-007
   39568.1567924404       0.000000000000000E+000 -4.407290409385924E-007
   40450.6550007996       0.000000000000000E+000 -4.407290409385924E-007
   25157.3519200262       0.000000000000000E+000 -4.407290409385924E-007
   25147.2366476333       0.000000000000000E+000 -4.407290409385924E-007
   20226.4351318151       0.000000000000000E+000 -4.407290409385924E-007
   17663.1907801963       0.000000000000000E+000 -4.407290409385924E-007
   14960.7513505047       0.000000000000000E+000 -4.407290409385924E-007
   12806.6907577057       0.000000000000000E+000 -4.407290409385924E-007
   10921.3972822200       0.000000000000000E+000 -4.407290409385924E-007
   9323.70619173682       0.000000000000000E+000 -4.407290409385924E-007
   7954.89205179510       0.000000000000000E+000 -4.407290409385924E-007
   6786.16889194828       0.000000000000000E+000 -4.407290409385924E-007
   5786.93592688566       0.000000000000000E+000 -4.407290409385924E-007
   4932.75246328985       0.000000000000000E+000 -4.407290409385924E-007
   4202.29483542189       0.000000000000000E+000 -4.407290409385924E-007
   3577.50142069588       0.000000000000000E+000 -4.407290409385924E-007
   3042.93829024250       0.000000000000000E+000 -4.407290409385924E-007
   2585.46622481439       0.000000000000000E+000 -4.407290409385924E-007
   2193.89690028081       0.000000000000000E+000 -4.407290409385924E-007
   1858.71769450187       0.000000000000000E+000 -4.407290409385924E-007
   1571.83618400986       0.000000000000000E+000 -4.407290409385924E-007
   1326.40131916816       0.000000000000000E+000 -4.407290409385924E-007
   1116.52358739073       0.000000000000000E+000 -4.407290409385924E-007
   937.396282700947       0.000000000000000E+000 -4.407290409385924E-007
   784.338617888328       0.000000000000000E+000 -4.407290409385924E-007
   655.001689239994       0.000000000000000E+000 -4.407290409385924E-007
   542.803555790755       0.000000000000000E+000 -4.407290409385924E-007
   454.149225419866       0.000000000000000E+000 -4.407290409385924E-007
   364.661486346185       0.000000000000000E+000 -4.407290409385924E-007
   328.001445071550       0.000000000000000E+000 -4.407290409385924E-007
   342.733084203795       0.000000000000000E+000 -4.407290409385924E-007
   344.081632156457       0.000000000000000E+000 -4.407290409385924E-007
   351.066179182224       0.000000000000000E+000 -4.407290409385924E-007
   355.448886610677       0.000000000000000E+000 -4.407290409385924E-007
   369.894854983904       0.000000000000000E+000 -4.407290409385924E-007
   366.547700907556       0.000000000000000E+000 -4.407290409385924E-007
   374.253724338670       0.000000000000000E+000 -4.407290409385924E-007
   397.611482121882       0.000000000000000E+000 -4.407290409385924E-007
   406.174244116507       0.000000000000000E+000 -4.407290409385924E-007
   423.077820593132       0.000000000000000E+000 -4.407290409385924E-007
   439.097689751621       0.000000000000000E+000 -4.407290409385924E-007
   457.370473368042       0.000000000000000E+000 -4.407290409385924E-007
   476.655442284180       0.000000000000000E+000 -4.407290409385924E-007
   497.091626091720       0.000000000000000E+000 -4.407290409385924E-007
   518.333157047893       0.000000000000000E+000 -4.407290409385924E-007
   540.153206936270       0.000000000000000E+000 -4.407290409385924E-007
   562.274017078915       0.000000000000000E+000 -4.407290409385924E-007
   584.432329954795       0.000000000000000E+000 -4.407290409385924E-007
   606.371100094657       0.000000000000000E+000 -4.407290409385924E-007
   627.850060706833       0.000000000000000E+000 -4.407290409385924E-007
   648.647985613789       0.000000000000000E+000 -4.407290409385924E-007
   668.565179871452       0.000000000000000E+000 -4.407290409385924E-007
   687.424329049859       0.000000000000000E+000 -4.407290409385924E-007
   705.070778438327       0.000000000000000E+000 -4.407290409385924E-007
   721.372327384301       0.000000000000000E+000 -4.407290409385924E-007
   736.218766714577       0.000000000000000E+000 -4.407290409385924E-007
   749.521235265222       0.000000000000000E+000 -4.407290409385924E-007
   761.211438235875       0.000000000000000E+000 -4.407290409385924E-007
   771.240736502296       0.000000000000000E+000 -4.407290409385924E-007
   779.579106279591       0.000000000000000E+000 -4.407290409385924E-007
   786.213969655014       0.000000000000000E+000 -4.407290409385924E-007
   791.148902237859       0.000000000000000E+000 -4.407290409385924E-007
   794.402233605405       0.000000000000000E+000 -4.407290409385924E-007
   796.005562233915       0.000000000000000E+000 -4.407290409385924E-007
   796.002213954938       0.000000000000000E+000 -4.407290409385924E-007
   794.445674731091       0.000000000000000E+000 -4.407290409385924E-007
   791.398029904808       0.000000000000000E+000 -4.407290409385924E-007
   786.928440098165       0.000000000000000E+000 -4.407290409385924E-007
   781.111681198142       0.000000000000000E+000 -4.407290409385924E-007
   774.026770620313       0.000000000000000E+000 -4.407290409385924E-007
   765.755698394833       0.000000000000000E+000 -4.407290409385924E-007
   756.382275022581       0.000000000000000E+000 -4.407290409385924E-007
   745.991104059589       0.000000000000000E+000 -4.407290409385924E-007
   734.666682567233       0.000000000000000E+000 -4.407290409385924E-007
   722.492628008051       0.000000000000000E+000 -4.407290409385924E-007
   709.551027908583       0.000000000000000E+000 -4.407290409385924E-007
   695.921904819803       0.000000000000000E+000 -4.407290409385924E-007
   681.682788146185       0.000000000000000E+000 -4.407290409385924E-007
   666.908382551425       0.000000000000000E+000 -4.407290409385924E-007
   651.670322200574       0.000000000000000E+000 -4.407290409385924E-007
   636.036999829510       0.000000000000000E+000 -4.407290409385924E-007
   620.073459772873       0.000000000000000E+000 -4.407290409385924E-007
   603.841344644273       0.000000000000000E+000 -4.407290409385924E-007
   587.398886008676       0.000000000000000E+000 -4.407290409385924E-007
   570.800930312693       0.000000000000000E+000 -4.407290409385924E-007
   554.098992284716       0.000000000000000E+000 -4.407290409385924E-007
   537.341329003862       0.000000000000000E+000 -4.407290409385924E-007
   520.573028873609       0.000000000000000E+000 -4.407290409385924E-007
   503.836110656586       0.000000000000000E+000 -4.407290409385924E-007
   487.169628654542       0.000000000000000E+000 -4.407290409385924E-007
   470.609780921357       0.000000000000000E+000 -4.407290409385924E-007
   454.190018141179       0.000000000000000E+000 -4.407290409385924E-007
   437.941151424549       0.000000000000000E+000 -4.407290409385924E-007
   421.891457835687       0.000000000000000E+000 -4.407290409385924E-007
   406.066782900843       0.000000000000000E+000 -4.407290409385924E-007
   390.490639717953       0.000000000000000E+000 -4.407290409385924E-007
   375.184304572049       0.000000000000000E+000 -4.407290409385924E-007
   360.166909169114       0.000000000000000E+000 -4.407290409385924E-007
   345.455529752933       0.000000000000000E+000 -4.407290409385924E-007
   331.065273473405       0.000000000000000E+000 -4.407290409385924E-007
   317.009362396311       0.000000000000000E+000 -4.407290409385924E-007
   303.299215603266       0.000000000000000E+000 -4.407290409385924E-007
   289.944529763964       0.000000000000000E+000 -4.407290409385924E-007
   276.953358566807       0.000000000000000E+000 -4.407290409385924E-007
   264.332191312240       0.000000000000000E+000 -4.407290409385924E-007
   252.086030923363       0.000000000000000E+000 -4.407290409385924E-007
   240.218471558552       0.000000000000000E+000 -4.407290409385924E-007
   228.731775932674       0.000000000000000E+000 -4.407290409385924E-007
   217.626952397410       0.000000000000000E+000 -4.407290409385924E-007
   206.903831757306       0.000000000000000E+000 -4.407290409385924E-007
   196.561143749890       0.000000000000000E+000 -4.407290409385924E-007
   186.596593060966       0.000000000000000E+000 -4.407290409385924E-007
   177.006934714387       0.000000000000000E+000 -4.407290409385924E-007
   167.788048636156       0.000000000000000E+000 -4.407290409385924E-007
   158.935013173005       0.000000000000000E+000 -4.407290409385924E-007
   150.442177336014       0.000000000000000E+000 -4.407290409385924E-007
   142.303231521218       0.000000000000000E+000 -4.407290409385924E-007
   134.511276475755       0.000000000000000E+000 -4.407290409385924E-007
   127.058890271101       0.000000000000000E+000 -4.407290409385924E-007
   119.938193067783       0.000000000000000E+000 -4.407290409385924E-007
   113.140909468290       0.000000000000000E+000 -4.407290409385924E-007
   106.658428277039       0.000000000000000E+000 -4.407290409385924E-007
   100.481859510011       0.000000000000000E+000 -4.407290409385924E-007
   94.6020885230863       0.000000000000000E+000 -4.407290409385924E-007
   89.0098271525042       0.000000000000000E+000 -4.407290409385924E-007
   83.6956617892972       0.000000000000000E+000 -4.407290409385924E-007
   78.6500983370804       0.000000000000000E+000 -4.407290409385924E-007
   73.8636040251563       0.000000000000000E+000 -4.407290409385924E-007
   69.3266460773364       0.000000000000000E+000 -4.407290409385924E-007
   65.0297272565593       0.000000000000000E+000 -4.407290409385924E-007
   60.9634183292360       0.000000000000000E+000 -4.407290409385924E-007
   57.1183875096868       0.000000000000000E+000 -4.407290409385924E-007
   53.4854269644096       0.000000000000000E+000 -4.407290409385924E-007
   50.0554764688157       0.000000000000000E+000 -4.407290409385924E-007
   46.8196443218058       0.000000000000000E+000 -4.407290409385924E-007
   43.7692256356237       0.000000000000000E+000 -4.407290409385924E-007
   40.8957181229319       0.000000000000000E+000 -4.407290409385924E-007
   38.1908355142397       0.000000000000000E+000 -4.407290409385924E-007
   35.6465187380492       0.000000000000000E+000 -4.407290409385924E-007
   33.2549450037960       0.000000000000000E+000 -4.407290409385924E-007
   31.0085349251780       0.000000000000000E+000 -4.407290409385924E-007
   28.8999578242298       0.000000000000000E+000 -4.407290409385924E-007
   26.9221353544717       0.000000000000000E+000 -4.407290409385924E-007
   25.0682435801879       0.000000000000000E+000 -4.407290409385924E-007
   23.3317136460096       0.000000000000000E+000 -4.407290409385924E-007
   21.7062311691384       0.000000000000000E+000 -4.407290409385924E-007
   20.1857344824053       0.000000000000000E+000 -4.407290409385924E-007
   18.7644118533183       0.000000000000000E+000 -4.407290409385924E-007
   17.4366978008338       0.000000000000000E+000 -4.407290409385924E-007
   16.1972686276831       0.000000000000000E+000 -4.407290409385924E-007
   15.0410372821097       0.000000000000000E+000 -4.407290409385924E-007
   13.9631476591846       0.000000000000000E+000 -4.407290409385924E-007
   12.9589684473512       0.000000000000000E+000 -4.407290409385924E-007
   12.0240866207969       0.000000000000000E+000 -4.407290409385924E-007
   11.1543006737217       0.000000000000000E+000 -4.407290409385924E-007
   10.3456136853588       0.000000000000000E+000 -4.407290409385924E-007
   9.59422629867525       0.000000000000000E+000 -4.407290409385924E-007
   8.89652968725669       0.000000000000000E+000 -4.407290409385924E-007
   8.24909857587770       0.000000000000000E+000 -4.407290409385924E-007
   7.64868437068115       0.000000000000000E+000 -4.407290409385924E-007
   7.09220844412665       0.000000000000000E+000 -4.407290409385924E-007
   6.57675560855575       0.000000000000000E+000 -4.407290409385924E-007
   6.09956780114187       0.000000000000000E+000 -4.407290409385924E-007
   5.65803799174573       0.000000000000000E+000 -4.407290409385924E-007
   5.24970431478455       0.000000000000000E+000 -4.407290409385924E-007
   4.87224441738002       0.000000000000000E+000 -4.407290409385924E-007
   4.52347000807536       0.000000000000000E+000 -4.407290409385924E-007
   4.20132158501664       0.000000000000000E+000 -4.407290409385924E-007
   3.90386331896533       0.000000000000000E+000 -4.407290409385924E-007
   3.62927806482051       0.000000000000000E+000 -4.407290409385924E-007
   3.37586247649232       0.000000000000000E+000 -4.407290409385924E-007
   3.14202220187022       0.000000000000000E+000 -4.407290409385924E-007
   2.92626713890520       0.000000000000000E+000 -4.407290409385924E-007
   2.72720673871782       0.000000000000000E+000 -4.407290409385924E-007
   2.54354534700525       0.000000000000000E+000 -4.407290409385924E-007
   2.37407758072946       0.000000000000000E+000 -4.407290409385924E-007
   2.21768374240496       0.000000000000000E+000 -4.407290409385924E-007
   2.07332527900476       0.000000000000000E+000 -4.407290409385924E-007
   1.94004029631697       0.000000000000000E+000 -4.407290409385924E-007
   1.81693914248758       0.000000000000000E+000 -4.407290409385924E-007
   1.70320007633418       0.000000000000000E+000 -4.407290409385924E-007
   1.59806503671418       0.000000000000000E+000 -4.407290409385924E-007
   1.50083552918500       0.000000000000000E+000 -4.407290409385924E-007
   1.41086864528015       0.000000000000000E+000 -4.407290409385924E-007
   1.32757322809380       0.000000000000000E+000 -4.407290409385924E-007
   1.25040619600680       0.000000000000000E+000 -4.407290409385924E-007
   1.17886903389400       0.000000000000000E+000 -4.407290409385924E-007
   1.11250445904751       0.000000000000000E+000 -4.407290409385924E-007
   1.05089326611585       0.000000000000000E+000 -4.407290409385924E-007
  0.993651353590382       0.000000000000000E+000 -4.407290409385924E-007
  0.940426931678664       0.000000000000000E+000 -4.407290409385924E-007
  0.890897909797738       0.000000000000000E+000 -4.407290409385924E-007
  0.844769460010643       0.000000000000000E+000 -4.407290409385924E-007
  0.801771751476705       0.000000000000000E+000 -4.407290409385924E-007
  0.761657849658508       0.000000000000000E+000 -4.407290409385924E-007
  0.724201773363482       0.000000000000000E+000 -4.407290409385924E-007
  0.689196701761100       0.000000000000000E+000 -4.407290409385924E-007
  0.656453323380989       0.000000000000000E+000 -4.407290409385924E-007
  0.625798318599734       0.000000000000000E+000 -4.407290409385924E-007
  0.597072967357533       0.000000000000000E+000 -4.407290409385924E-007
  0.570131873459588       0.000000000000000E+000 -4.407290409385924E-007
  0.544841797292821       0.000000000000000E+000 -4.407290409385924E-007
  0.521080589294671       0.000000000000000E+000 -4.407290409385924E-007
  0.498736215848950       0.000000000000000E+000 -4.407290409385924E-007
  0.477705871083654       0.000000000000000E+000 -4.407290409385924E-007
  0.457895166949708       0.000000000000000E+000 -4.407290409385924E-007
  0.439217395534635       0.000000000000000E+000 -4.407290409385924E-007
  0.421592857379738       0.000000000000000E+000 -4.407290409385924E-007
  0.404948250091342       0.000000000000000E+000 -4.407290409385924E-007
  0.389216111955838       0.000000000000000E+000 -4.407290409385924E-007
  0.374334315977126       0.000000000000000E+000 -4.407290409385924E-007
  0.360245609406769       0.000000000000000E+000 -4.407290409385924E-007
  0.346897194969155       0.000000000000000E+000 -4.407290409385924E-007
  0.334240350130657       0.000000000000000E+000 -4.407290409385924E-007
  0.322230080322498       0.000000000000000E+000 -4.407290409385924E-007
  0.310824803901641       0.000000000000000E+000 -4.407290409385924E-007
  0.299986065065478       0.000000000000000E+000 -4.407290409385924E-007
  0.289678272703054       0.000000000000000E+000 -4.407290409385924E-007
  0.279868462904500       0.000000000000000E+000 -4.407290409385924E-007
  0.270526080739654       0.000000000000000E+000 -4.407290409385924E-007
  0.261622789226596       0.000000000000000E+000 -4.407290409385924E-007
  0.253132265272955       0.000000000000000E+000 -4.407290409385924E-007
  0.245030126099497       0.000000000000000E+000 -4.407290409385924E-007
  0.237293440805287       0.000000000000000E+000 -4.407290409385924E-007
  0.229901860733303       0.000000000000000E+000 -4.407290409385924E-007
  0.222832754536238       0.000000000000000E+000 -4.407290409385924E-007
  0.216078827415989       0.000000000000000E+000 -4.407290409385924E-007
  0.209581676753529       0.000000000000000E+000 -4.407290409385924E-007
  0.203479861407419       0.000000000000000E+000 -4.407290409385924E-007
  0.197180528230833       0.000000000000000E+000 -4.407290409385924E-007
  0.173799185269887       0.000000000000000E+000 -4.407290409385924E-007
  0.154284818698726       0.000000000000000E+000 -4.407290409385924E-007
  0.137711973030698       0.000000000000000E+000 -4.407290409385924E-007
  0.123558994865495       0.000000000000000E+000 -4.407290409385924E-007
  0.111371593317108       0.000000000000000E+000 -4.407290409385924E-007
  0.100807997100989       0.000000000000000E+000 -4.407290409385924E-007
  9.159409715195838E-002  0.000000000000000E+000 -4.407290409385924E-007
  8.351190447680669E-002  0.000000000000000E+000 -4.407290409385924E-007
  7.638535062362642E-002  0.000000000000000E+000 -4.407290409385924E-007
  7.007129268580115E-002  0.000000000000000E+000 -4.407290409385924E-007
  6.445233571123048E-002  0.000000000000000E+000 -4.407290409385924E-007
  5.943150107879559E-002  0.000000000000000E+000 -4.407290409385924E-007
  5.492811013587469E-002  0.000000000000000E+000 -4.407290409385924E-007
  5.087460913585955E-002  0.000000000000000E+000 -4.407290409385924E-007
  4.721408982833421E-002  0.000000000000000E+000 -4.407290409385924E-007
  4.389833960802804E-002  0.000000000000000E+000 -4.407290409385924E-007
  4.088629544155064E-002  0.000000000000000E+000 -4.407290409385924E-007
  3.814280908260567E-002  0.000000000000000E+000 -4.407290409385924E-007
  3.563765398354014E-002  0.000000000000000E+000 -4.407290409385924E-007
  3.334472136445239E-002  0.000000000000000E+000 -4.407290409385924E-007
  3.124136537505061E-002  0.000000000000000E+000 -4.407290409385924E-007
  2.930786657984821E-002  0.000000000000000E+000 -4.407290409385924E-007
  2.752698995491985E-002  0.000000000000000E+000 -4.407290409385924E-007
  2.588361884122209E-002  0.000000000000000E+000 -4.407290409385924E-007
  2.436445029720998E-002  0.000000000000000E+000 -4.407290409385924E-007
  2.295774035827816E-002  0.000000000000000E+000 -4.407290409385924E-007
  2.165309007447827E-002  0.000000000000000E+000 -4.407290409385924E-007
  2.044126503398085E-002  0.000000000000000E+000 -4.407290409385924E-007
  1.931404251519116E-002  0.000000000000000E+000 -4.407290409385924E-007
  1.826408153718556E-002  0.000000000000000E+000 -4.407290409385924E-007
  1.728481197096592E-002  0.000000000000000E+000 -4.407290409385924E-007
  1.637033958215867E-002  0.000000000000000E+000 -4.407290409385924E-007
  1.551536444219524E-002  0.000000000000000E+000 -4.407290409385924E-007
  1.471511059954880E-002  0.000000000000000E+000 -4.407290409385924E-007
  1.396526526978060E-002  0.000000000000000E+000 -4.407290409385924E-007
  1.326192609994360E-002  0.000000000000000E+000 -4.407290409385924E-007
  1.260155530483771E-002  0.000000000000000E+000 -4.407290409385924E-007
  1.198093967112230E-002  0.000000000000000E+000 -4.407290409385924E-007
  1.139715558574410E-002  0.000000000000000E+000 -4.407290409385924E-007
  1.084753838156219E-002  0.000000000000000E+000 -4.407290409385924E-007
  1.032965540016323E-002  0.000000000000000E+000 -4.407290409385924E-007
  9.841282266799272E-003  0.000000000000000E+000 -4.407290409385924E-007
  9.380381946375070E-003  0.000000000000000E+000 -4.407290409385924E-007
  8.945086214231146E-003  0.000000000000000E+000 -4.407290409385924E-007
  8.533679228940055E-003  0.000000000000000E+000 -4.407290409385924E-007
  8.144582938616919E-003  0.000000000000000E+000 -4.407290409385924E-007
  7.776344090922294E-003  0.000000000000000E+000 -4.407290409385924E-007
  7.427622648076336E-003  0.000000000000000E+000 -4.407290409385924E-007
  7.097181436333607E-003  0.000000000000000E+000 -4.407290409385924E-007
  6.783876881506491E-003  0.000000000000000E+000 -4.407290409385924E-007
  6.486650702318532E-003  0.000000000000000E+000 -4.407290409385924E-007
  6.204522450195846E-003  0.000000000000000E+000 -4.407290409385924E-007
  5.936582798333990E-003  0.000000000000000E+000 -4.407290409385924E-007
  5.681987495002044E-003  0.000000000000000E+000 -4.407290409385924E-007
  5.439951907446534E-003  0.000000000000000E+000 -4.407290409385924E-007
  5.209746090971020E-003  0.000000000000000E+000 -4.407290409385924E-007
  4.990690326591236E-003  0.000000000000000E+000 -4.407290409385924E-007
  4.782151076597435E-003  0.000000000000000E+000 -4.407290409385924E-007
  4.583537314579928E-003  0.000000000000000E+000 -4.407290409385924E-007
  4.394297189903360E-003  0.000000000000000E+000 -4.407290409385924E-007
  4.213914993288678E-003  0.000000000000000E+000 -4.407290409385924E-007
  4.041908392063099E-003  0.000000000000000E+000 -4.407290409385924E-007
  3.877825908165820E-003  0.000000000000000E+000 -4.407290409385924E-007
  3.721244615387332E-003  0.000000000000000E+000 -4.407290409385924E-007
  3.571768033561607E-003  0.000000000000000E+000 -4.407290409385924E-007
  3.429024201395890E-003  0.000000000000000E+000 -4.407290409385924E-007
  3.292663910286030E-003  0.000000000000000E+000 -4.407290409385924E-007
  3.162359084392694E-003  0.000000000000000E+000 -4.407290409385924E-007
  3.037801292918764E-003  0.000000000000000E+000 -4.407290409385924E-007
  2.918700382706228E-003  0.000000000000000E+000 -4.407290409385924E-007
  2.804783220005595E-003  0.000000000000000E+000 -4.407290409385924E-007
  2.695792531585996E-003  0.000000000000000E+000 -4.407290409385924E-007
  2.591485836419992E-003  0.000000000000000E+000 -4.407290409385924E-007
  2.491634459842829E-003  0.000000000000000E+000 -4.407290409385924E-007
  2.396022623059091E-003  0.000000000000000E+000 -4.407290409385924E-007
  2.304446601486960E-003  0.000000000000000E+000 -4.407290409385924E-007
  2.216713946040498E-003  0.000000000000000E+000 -4.407290409385924E-007
  2.132642762044273E-003  0.000000000000000E+000 -4.407290409385924E-007
  2.052061041001318E-003  0.000000000000000E+000 -4.407290409385924E-007
  1.974806040733863E-003  0.000000000000000E+000 -4.407290409385924E-007
  1.900723710101992E-003  0.000000000000000E+000 -4.407290409385924E-007
  1.829668154521566E-003  0.000000000000000E+000 -4.407290409385924E-007
  1.761501139114780E-003  0.000000000000000E+000 -4.407290409385924E-007
  1.696091626454469E-003  0.000000000000000E+000 -4.407290409385924E-007
  1.633315346225953E-003  0.000000000000000E+000 -4.407290409385924E-007
  1.573054394245470E-003  0.000000000000000E+000 -4.407290409385924E-007
  1.515196858659130E-003  0.000000000000000E+000 -4.407290409385924E-007
  1.459636471164548E-003  0.000000000000000E+000 -4.407290409385924E-007
  1.406272281456299E-003  0.000000000000000E+000 -4.407290409385924E-007
  1.355008353007473E-003  0.000000000000000E+000 -4.407290409385924E-007
  1.305753478788465E-003  0.000000000000000E+000 -4.407290409385924E-007
  1.258420915284225E-003  0.000000000000000E+000 -4.407290409385924E-007
  1.212928133599932E-003  0.000000000000000E+000 -4.407290409385924E-007
  1.169196586341307E-003  0.000000000000000E+000 -4.407290409385924E-007
  1.127151489166419E-003  0.000000000000000E+000 -4.407290409385924E-007
  1.086721616005601E-003  0.000000000000000E+000 -4.407290409385924E-007
  1.047839106893846E-003  0.000000000000000E+000 -4.407290409385924E-007
  1.010439287653003E-003  0.000000000000000E+000 -4.407290409385924E-007
  9.744605004892387E-004  0.000000000000000E+000 -4.407290409385924E-007
  9.398439448608981E-004  0.000000000000000E+000 -4.407290409385924E-007
  9.065335278318706E-004  0.000000000000000E+000 -4.407290409385924E-007
  8.744757233311060E-004  0.000000000000000E+000 -4.407290409385924E-007
  8.436194396781848E-004  0.000000000000000E+000 -4.407290409385924E-007
  8.139158948930043E-004  0.000000000000000E+000 -4.407290409385924E-007
  7.853184991651555E-004  0.000000000000000E+000 -4.407290409385924E-007
  7.577827441469543E-004  0.000000000000000E+000 -4.407290409385924E-007
  7.312660985363941E-004  0.000000000000000E+000 -4.407290409385924E-007
  7.057279095672098E-004  0.000000000000000E+000 -4.407290409385924E-007
  6.811293100522150E-004  0.000000000000000E+000 -4.407290409385924E-007
  6.574331306248876E-004  0.000000000000000E+000 -4.407290409385924E-007
  6.346038167974901E-004  0.000000000000000E+000 -4.407290409385924E-007
  6.126073506424130E-004  0.000000000000000E+000 -4.407290409385924E-007
  5.914111766876860E-004  0.000000000000000E+000 -4.407290409385924E-007
  5.709841318865564E-004  0.000000000000000E+000 -4.407290409385924E-007
  5.512963793011282E-004  0.000000000000000E+000 -4.407290409385924E-007
  5.323193453880850E-004  0.000000000000000E+000 -4.407290409385924E-007
  5.140256605533759E-004  0.000000000000000E+000 -4.407290409385924E-007
  4.963891029011215E-004  0.000000000000000E+000 -4.407290409385924E-007
  4.793845448786832E-004  0.000000000000000E+000 -4.407290409385924E-007
  4.629879027252136E-004  0.000000000000000E+000 -4.407290409385924E-007
  4.471760885279935E-004  0.000000000000000E+000 -4.407290409385924E-007
  4.319269647329145E-004  0.000000000000000E+000 -4.407290409385924E-007
  4.172193009746462E-004  0.000000000000000E+000 -4.407290409385924E-007
  4.030327331160457E-004  0.000000000000000E+000 -4.407290409385924E-007
  3.893477243147849E-004  0.000000000000000E+000 -4.407290409385924E-007
  3.761455280706578E-004  0.000000000000000E+000 -4.407290409385924E-007
  3.634081530941990E-004  0.000000000000000E+000 -4.407290409385924E-007
  3.511183299141677E-004  0.000000000000000E+000 -4.407290409385924E-007
  3.392594791296985E-004  0.000000000000000E+000 -4.407290409385924E-007
  3.278156812097810E-004  0.000000000000000E+000 -4.407290409385924E-007
  3.167716477652552E-004  0.000000000000000E+000 -4.407290409385924E-007
  3.061126941892091E-004  0.000000000000000E+000 -4.407290409385924E-007
  2.958247136418245E-004  0.000000000000000E+000 -4.407290409385924E-007
  2.858941522432337E-004  0.000000000000000E+000 -4.407290409385924E-007
  2.763079854675029E-004  0.000000000000000E+000 -4.407290409385924E-007
  2.670536956383813E-004  0.000000000000000E+000 -4.407290409385924E-007
  2.581192504843050E-004  0.000000000000000E+000 -4.407290409385924E-007
  2.494930826934414E-004  0.000000000000000E+000 -4.407290409385924E-007
  2.411640704218073E-004  0.000000000000000E+000 -4.407290409385924E-007
  2.331215186920637E-004  0.000000000000000E+000 -4.407290409385924E-007
  2.253551416571792E-004  0.000000000000000E+000 -4.407290409385924E-007
  2.178550456662952E-004  0.000000000000000E+000 -4.407290409385924E-007
  2.106117131043879E-004  0.000000000000000E+000 -4.407290409385924E-007
  2.036159869608860E-004  0.000000000000000E+000 -4.407290409385924E-007
  1.968590560947256E-004  0.000000000000000E+000 -4.407290409385924E-007
  1.903324411531558E-004  0.000000000000000E+000 -4.407290409385924E-007
  1.840279811278319E-004  0.000000000000000E+000 -4.407290409385924E-007
  1.779378204958094E-004  0.000000000000000E+000 -4.407290409385924E-007
  1.720543969354370E-004  0.000000000000000E+000 -4.407290409385924E-007
  1.663704295785577E-004  0.000000000000000E+000 -4.407290409385924E-007
  1.608789077767971E-004  0.000000000000000E+000 -4.407290409385924E-007
  1.555730803553008E-004  0.000000000000000E+000 -4.407290409385924E-007
  1.504464453326468E-004  0.000000000000000E+000 -4.407290409385924E-007
  1.454927400867373E-004  0.000000000000000E+000 -4.407290409385924E-007
  1.407059319341738E-004  0.000000000000000E+000 -4.407290409385924E-007
  1.360802091235242E-004  0.000000000000000E+000 -4.407290409385924E-007
  1.316099722009614E-004  0.000000000000000E+000 -4.407290409385924E-007
  1.272898257493605E-004  0.000000000000000E+000 -4.407290409385924E-007
  1.231145704712510E-004  0.000000000000000E+000 -4.407290409385924E-007
  1.190791956062284E-004  0.000000000000000E+000 -4.407290409385924E-007
  1.151788716638513E-004  0.000000000000000E+000 -4.407290409385924E-007
  1.114089434614511E-004  0.000000000000000E+000 -4.407290409385924E-007
  1.077649234485004E-004  0.000000000000000E+000 -4.407290409385924E-007
  1.042424853074097E-004  0.000000000000000E+000 -4.407290409385924E-007
  1.008374578189636E-004  0.000000000000000E+000 -4.407290409385924E-007
  9.754581897642592E-005  0.000000000000000E+000 -4.407290409385924E-007
  9.436369034246112E-005  0.000000000000000E+000 -4.407290409385924E-007
  9.128733163485340E-005  0.000000000000000E+000 -4.407290409385924E-007
  8.831313553021234E-005  0.000000000000000E+000 -4.407290409385924E-007
  8.543762268047474E-005  0.000000000000000E+000 -4.407290409385924E-007
  8.265743692523143E-005  0.000000000000000E+000 -4.407290409385924E-007
  7.996934070155163E-005  0.000000000000000E+000 -4.407290409385924E-007
  7.737021063084839E-005  0.000000000000000E+000 -4.407290409385924E-007
  7.485703328931029E-005  0.000000000000000E+000 -4.407290409385924E-007
  7.242690113549363E-005  0.000000000000000E+000 -4.407290409385924E-007
  7.007700860935779E-005  0.000000000000000E+000 -4.407290409385924E-007
  6.780464837824709E-005  0.000000000000000E+000 -4.407290409385924E-007
  6.560720773173012E-005  0.000000000000000E+000 -4.407290409385924E-007
  6.348216511940995E-005  0.000000000000000E+000 -4.407290409385924E-007
  6.142708682046226E-005  0.000000000000000E+000 -4.407290409385924E-007
  5.943962374564117E-005  0.000000000000000E+000 -4.407290409385924E-007
  5.751750836079475E-005  0.000000000000000E+000 -4.407290409385924E-007
  5.565855173068816E-005  0.000000000000000E+000 -4.407290409385924E-007
  5.386064067574592E-005  0.000000000000000E+000 -4.407290409385924E-007
  5.212173503839197E-005  0.000000000000000E+000 -4.407290409385924E-007
  5.043986505374819E-005  0.000000000000000E+000 -4.407290409385924E-007
  4.881312881986520E-005  0.000000000000000E+000 -4.407290409385924E-007
  4.723968986564147E-005  0.000000000000000E+000 -4.407290409385924E-007
  4.571777480958853E-005  0.000000000000000E+000 -4.407290409385924E-007
  4.424567110747470E-005  0.000000000000000E+000 -4.407290409385924E-007
  4.282172488471211E-005  0.000000000000000E+000 -4.407290409385924E-007
  4.144433885035621E-005  0.000000000000000E+000 -4.407290409385924E-007
  4.011197028917512E-005  0.000000000000000E+000 -4.407290409385924E-007
  3.882312912779716E-005  0.000000000000000E+000 -4.407290409385924E-007
  3.757637607482422E-005  0.000000000000000E+000 -4.407290409385924E-007
  3.637032082657100E-005  0.000000000000000E+000 -4.407290409385924E-007
  3.520362034356620E-005  0.000000000000000E+000 -4.407290409385924E-007
  3.407497718601774E-005  0.000000000000000E+000 -4.407290409385924E-007
  3.298313791391548E-005  0.000000000000000E+000 -4.407290409385924E-007
  3.192689154359458E-005  0.000000000000000E+000 -4.407290409385924E-007
  3.090506806168308E-005  0.000000000000000E+000 -4.407290409385924E-007
  2.991653699256290E-005  0.000000000000000E+000 -4.407290409385924E-007
  2.896020601796727E-005  0.000000000000000E+000 -4.407290409385924E-007
  2.803501964613205E-005  0.000000000000000E+000 -4.407290409385924E-007
  2.713995792894609E-005  0.000000000000000E+000 -4.407290409385924E-007
  2.627403522520548E-005  0.000000000000000E+000 -4.407290409385924E-007
  2.543629900724632E-005  0.000000000000000E+000 -4.407290409385924E-007
  2.462582871081846E-005  0.000000000000000E+000 -4.407290409385924E-007
  2.384173462464516E-005  0.000000000000000E+000 -4.407290409385924E-007
  2.308315681980808E-005  0.000000000000000E+000 -4.407290409385924E-007
  2.234926411560340E-005  0.000000000000000E+000 -4.407290409385924E-007
  2.163925308202332E-005  0.000000000000000E+000 -4.407290409385924E-007
  2.095234707631512E-005  0.000000000000000E+000 -4.407290409385924E-007
  2.028779531235777E-005  0.000000000000000E+000 -4.407290409385924E-007
  1.964487196182461E-005  0.000000000000000E+000 -4.407290409385924E-007
  1.902287528582871E-005  0.000000000000000E+000 -4.407290409385924E-007
  1.842112679487698E-005  0.000000000000000E+000 -4.407290409385924E-007
  1.783897043740973E-005  0.000000000000000E+000 -4.407290409385924E-007
  1.727577181437828E-005  0.000000000000000E+000 -4.407290409385924E-007
  1.673091741923430E-005  0.000000000000000E+000 -4.407290409385924E-007
  1.620381390256013E-005  0.000000000000000E+000 -4.407290409385924E-007
  1.569388735936580E-005  0.000000000000000E+000 -4.407290409385924E-007
  1.520058263912619E-005  0.000000000000000E+000 -4.407290409385924E-007
  1.472336267641581E-005  0.000000000000000E+000 -4.407290409385924E-007
  1.426170784200618E-005  0.000000000000000E+000 -4.407290409385924E-007
  1.381511531318691E-005  0.000000000000000E+000 -4.407290409385924E-007
  1.338309846226104E-005  0.000000000000000E+000 -4.407290409385924E-007
  1.296518626257174E-005  0.000000000000000E+000 -4.407290409385924E-007
  1.256092271123295E-005  0.000000000000000E+000 -4.407290409385924E-007
  1.216986626754215E-005  0.000000000000000E+000 -4.407290409385924E-007
  1.179158930685621E-005  0.000000000000000E+000 -4.407290409385924E-007
  1.142567758834435E-005  0.000000000000000E+000 -4.407290409385924E-007
  1.107172973739767E-005  0.000000000000000E+000 -4.407290409385924E-007
  1.072935674043501E-005  0.000000000000000E+000 -4.407290409385924E-007
  1.039818145322600E-005  0.000000000000000E+000 -4.407290409385924E-007
  1.007783812119290E-005  0.000000000000000E+000 -4.407290409385924E-007
  9.767971911932359E-006  0.000000000000000E+000 -4.407290409385924E-007
  9.468238459448940E-006  0.000000000000000E+000 -4.407290409385924E-007
  9.178303420437724E-006  0.000000000000000E+000 -4.407290409385924E-007
  8.897842041766688E-006  0.000000000000000E+000 -4.407290409385924E-007
  8.626538740446844E-006  0.000000000000000E+000 -4.407290409385924E-007
  8.364086695079467E-006  0.000000000000000E+000 -4.407290409385924E-007
  8.110187450473623E-006  0.000000000000000E+000 -4.407290409385924E-007
  7.864550534931588E-006  0.000000000000000E+000 -4.407290409385924E-007
  7.626893091726264E-006  0.000000000000000E+000 -4.407290409385924E-007
  7.396939525398059E-006  0.000000000000000E+000 -4.407290409385924E-007
  7.174421163916060E-006  0.000000000000000E+000 -4.407290409385924E-007
  6.959075938589995E-006  0.000000000000000E+000 -4.407290409385924E-007
  6.750648082324524E-006  0.000000000000000E+000 -4.407290409385924E-007
  6.548887849178295E-006  0.000000000000000E+000 -4.407290409385924E-007
  6.353551255915297E-006  0.000000000000000E+000 -4.407290409385924E-007
  6.164399848622652E-006  0.000000000000000E+000 -4.407290409385924E-007
  5.981200495958751E-006  0.000000000000000E+000 -4.407290409385924E-007
  5.803725211732441E-006  0.000000000000000E+000 -4.407290409385924E-007
  5.631751008939942E-006  0.000000000000000E+000 -4.407290409385924E-007
  5.465059787781646E-006  0.000000000000000E+000 -4.407290409385924E-007
  5.303438259841422E-006  0.000000000000000E+000 -4.407290409385924E-007
  5.146677910453726E-006  0.000000000000000E+000 -4.407290409385924E-007
  4.994575001320397E-006  0.000000000000000E+000 -4.407290409385924E-007
  4.846930614497651E-006  0.000000000000000E+000 -4.407290409385924E-007
  4.703550738905746E-006  0.000000000000000E+000 -4.407290409385924E-007
  4.564246399656094E-006  0.000000000000000E+000 -4.407290409385924E-007
  4.428833829549782E-006  0.000000000000000E+000 -4.407290409385924E-007
  4.297134681596209E-006  0.000000000000000E+000 -4.407290409385924E-007
  4.168976280106119E-006  0.000000000000000E+000 -4.407290409385924E-007
  4.044191906848678E-006  0.000000000000000E+000 -4.407290409385924E-007
  3.922621117627293E-006  0.000000000000000E+000 -4.407290409385924E-007
  3.804110083422998E-006  0.000000000000000E+000 -4.407290409385924E-007
  3.688511948777925E-006  0.000000000000000E+000 -4.407290409385924E-007
  3.575687199263215E-006  0.000000000000000E+000 -4.407290409385924E-007
  3.465504028322620E-006  0.000000000000000E+000 -4.407290409385924E-007
  3.357838693240744E-006  0.000000000000000E+000 -4.407290409385924E-007
  3.252575848819991E-006  0.000000000000000E+000 -4.407290409385924E-007
  3.149608847362312E-006  0.000000000000000E+000 -4.407290409385924E-007
  3.048839992858665E-006  0.000000000000000E+000 -4.407290409385924E-007
  2.950180738005342E-006  0.000000000000000E+000 -4.407290409385924E-007
  2.853551813044386E-006  0.000000000000000E+000 -4.407290409385924E-007
  2.758883276490842E-006  0.000000000000000E+000 -4.407290409385924E-007
  2.666114479442399E-006  0.000000000000000E+000 -4.407290409385924E-007
  2.575193936918775E-006  0.000000000000000E+000 -4.407290409385924E-007
  2.486079101975757E-006  0.000000000000000E+000 -4.407290409385924E-007
  2.398736040636703E-006  0.000000000000000E+000 -4.407290409385924E-007
  2.313139009598747E-006  0.000000000000000E+000 -4.407290409385924E-007
  2.229269936334053E-006  0.000000000000000E+000 -4.407290409385924E-007
  2.147117823661941E-006  0.000000000000000E+000 -4.407290409385924E-007
  2.066678029627489E-006  0.000000000000000E+000 -4.407290409385924E-007
  1.987951651824967E-006  0.000000000000000E+000 -4.407290409385924E-007
  1.910944217200806E-006  0.000000000000000E+000 -4.407290409385924E-007
  1.835666724687536E-006  0.000000000000000E+000 -4.407290409385924E-007
  1.762127739757258E-006  0.000000000000000E+000 -4.407290409385924E-007
  1.690358793607233E-006  0.000000000000000E+000 -4.407290409385924E-007
  1.620315474470416E-006  0.000000000000000E+000 -4.407290409385924E-007
  1.552242511705231E-006  0.000000000000000E+000 -4.407290409385924E-007
  1.485307339890363E-006  0.000000000000000E+000 -4.407290409385924E-007
  1.422696043199995E-006  0.000000000000000E+000 -4.407290409385924E-007
  1.352591451452878E-006  0.000000000000000E+000 -4.407290409385924E-007
  1.319161244793057E-006  0.000000000000000E+000 -4.407290409385924E-007
  1.157622178688307E-006  0.000000000000000E+000 -4.407290409385924E-007
  1.482997866870086E-006  0.000000000000000E+000 -4.407290409385924E-007
  0.000000000000000E+000  0.000000000000000E+000 -4.407290409385924E-007
