  0.000000000000000E+000
  -38860353.2383194     
   20890313.8606070     
  -8327400.44259504     
   3050565.32204950     
  -925922.129165365     
   390437.422340700     
  -4835.01851510259     
   96058.7370483430     
   50229.9372232002     
   49405.6190672803     
   45891.0877258378     
   44880.0906791508     
   40096.3430569259     
   32473.7341268387     
   22777.2315103767     
   12058.3978297024     
   1063.50924652379     
  -9675.77518439339     
  -19821.3222276326     
  -29170.1931338027     
  -37612.4326673255     
  -45098.3829165699     
  -51613.9921109898     
  -57167.0928550789     
  -61777.7358626482     
  -65474.2234227407     
  -68291.0785127358     
  -70268.6060241266     
  -71452.8181147948     
  -71895.3529143519     
  -71653.0970212753     
  -70787.4501905168     
  -69363.2763282470     
  -67447.6328680074     
  -65108.3816645349     
  -62412.8054027932     
  -59426.3034528959     
  -56211.2486176142     
  -52826.0400226331     
  -49324.3810915012     
  -45754.7830545526     
  -42160.2838474058     
  -38578.3653766237     
  -35041.0355250316     
  -31575.0501237098     
  -28202.2419930113     
  -24939.9229784054     
  -21801.3369583410     
  -18796.1382415385     
  -15930.8694069512     
  -13209.4318771241     
  -10633.5284165579     
  -8203.07238028058     
  -5916.55703690964     
  -3771.38264395731     
  -1764.13715317714     
   109.163479886794     
   1852.87973661315     
   3471.58768212578     
   4969.95721012551     
   6352.65553815483     
   7624.28312603261     
   8789.32670360947     
   9852.13427369595     
   10816.9028598853     
   11687.6783915745     
   12468.3633156406     
   13162.7301588281     
   13774.4385013314     
   14307.0529687427     
   14764.0619043242     
   15148.8946691726     
   15464.9365335855     
   15715.5418502279     
   15904.0437185114     
   16033.7604617444     
   16107.9999130978     
   16130.0596734610     
   16103.2256141841     
   16030.7674646253     
   15915.9328203455     
   15761.9390370690     
   15571.9645016341     
   15349.1385481067     
   15096.5312061526     
   14817.1427080559     
   14513.8931763043     
   14189.6127864759     
   13847.0324929780     
   13488.7756650724     
   13117.3507687964     
   12735.1448545677     
   12344.4185598450     
   11947.3019461015     
   11545.7917703711     
   11141.7496011577     
   10736.9014977722     
   10332.8381270665     
   9931.01643547873     
   9532.76177838747     
   9139.27100314678     
   8751.61625422064     
   8370.74923758040     
   7997.50610415017     
   7632.61264538343     
   7276.68985915690     
   6930.25969857843     
   6593.75100685411     
   6267.50553839420     
   5951.78398026602     
   5646.77199056492     
   5352.58617266915     
   5069.27991303179     
   4796.84917788936     
   4535.23810659120     
   4284.34449604806     
   4044.02513158023     
   3814.10093722590     
   3594.36198467934     
   3384.57232287412     
   3184.47462235158     
   2993.79463350201     
   2812.24541456707     
   2639.53133024205     
   2475.35173854310     
   2319.40438592406     
   2171.38839367646     
   2031.00687778192     
   1897.96906074251     
   1771.99194953755     
   1652.80149788954     
   1540.13325440483     
   1433.73259433685     
   1333.35446186844     
   1238.76280563682     
   1149.72970453050     
   1066.03431147180     
   987.461714447802     
   913.801781936657     
   844.848111990015     
   780.397124113779     
   720.247363774967     
   664.199052536224     
   612.053873143371     
   563.615013356981     
   518.687415780706     
   477.078213077167     
   438.597305550904     
   403.058027254659     
   370.277853600508     
   340.079128903424     
   312.289740025601     
   286.743741144126     
   263.281894792691     
   241.752102945161     
   222.009741236359     
   203.917887908103     
   187.347430194866     
   172.177101344609     
   158.293400658702     
   145.590459682161     
   133.969829887038     
   123.340225123004     
   113.617219093065     
   104.722917369492     
   96.5856023523460     
   89.1393752485193     
   82.3237853317798     
   76.0834658381976     
   70.3677769363783     
   65.1304535243609     
   60.3292749606590     
   55.9257432371932     
   51.8847804244441     
   48.1744487365438     
   44.7656769131787     
   41.6320232124972     
   38.7494311890549     
   36.0960462120069     
   33.6519350876326     
   31.3991970006087     
   29.3207762797633     
   27.4039166106645     
   25.6273509354953     
   24.0055577354188     
   22.4339046391996     
   21.2253646760935     
   19.2588710359368     
   20.3224343639913     
   11.5555330991987     
   36.0072676138151     
  -48.6880105764546     
   220.352731221753     
  -629.117479496781     
   1944.64686747085     
  -5452.76474598093     
   13897.4288160761     
  -27517.5106888622     
   12079.6533123887     
  -4552.01025390213     
   1584.53098534205     
  -512.385168542736     
   168.884496368655     
  -47.1140958626532     
   18.5811473959795     
  -2.02507621054538     
   3.57352978509572     
   1.46457909346347     
   1.71330703665796     
   1.33740568062878     
   1.19481753473731     
   1.02635836799550     
  0.898834947721929     
  0.786849489315403     
  0.692747398216199     
  0.611955801508833     
  0.542643831350048     
  0.482806736282379     
  0.430962509045547     
  0.385856229806618     
  0.346467120129459     
  0.311947391807075     
  0.281593140904737     
  0.254816102644487     
  0.231122730292151     
  0.210097082953247     
  0.191387214256862     
  0.174694156657730     
  0.159763007527086     
  0.146375655656950     
  0.134344843535671     
  0.123509272544483     
  0.113729577018852     
  0.104884977436547     
  9.687050411829549E-002
  8.959467372492085E-002
  8.297754754261367E-002
  7.694909413570881E-002
  7.144781226413756E-002
  6.641956366966545E-002
  6.181658209069073E-002
  5.759663173507357E-002
  5.372228621319501E-002
  5.016031418524133E-002
  4.688114879617318E-002
  4.385843549653896E-002
  4.106863644401568E-002
  3.849069475017754E-002
  3.610573755452916E-002
  3.389682245750689E-002
  3.184871498050748E-002
  2.994769384609287E-002
  2.818138273895764E-002
  2.653860083953545E-002
  2.500923334226143E-002
  2.358411646659303E-002
  2.225493674751772E-002
  2.101414237389009E-002
  1.985486394199125E-002
  1.877084539315867E-002
  1.775638210209361E-002
  1.680626580079171E-002
  1.591573623351145E-002
  1.508043741514244E-002
  1.429637893449186E-002
  1.355990139734414E-002
  1.286764530746070E-002
  1.221652355528218E-002
  1.160369600721125E-002
  1.102654799985529E-002
  1.048266911394409E-002
  9.969836131739948E-003
  9.485995892916849E-003
  9.029251084424194E-003
  8.597846531499682E-003
  8.190157455716577E-003
  7.804678375399457E-003
  7.440013181013870E-003
  7.094866349743618E-003
  6.768034530081169E-003
  6.458399308259983E-003
  6.164920413746335E-003
  5.886629350423619E-003
  5.622624223650782E-003
  5.372064113470591E-003
  5.134164648399874E-003
  4.908193880431533E-003
  4.693467780035452E-003
  4.489347524646541E-003
  4.295235085334815E-003
  4.110571483368354E-003
  3.934832710066926E-003
  3.767528269012728E-003
  3.608198071012026E-003
  3.456410677550732E-003
  3.311761152104049E-003
  3.173869227324374E-003
  3.042377667081030E-003
  2.916950617972731E-003
  2.797272256345347E-003
  2.683045342002058E-003
  2.573990083571213E-003
  2.469842908531291E-003
  2.370355439927364E-003
  2.275293551321078E-003
  2.184436327726837E-003
  2.097575334903342E-003
  2.014513857454409E-003
  1.935065941347704E-003
  1.859056071120641E-003
  1.786318149532020E-003
  1.716695252472477E-003
  1.650038794880546E-003
  1.586208240565390E-003
  1.525070474020547E-003
  1.466499436687652E-003
  1.410375646506390E-003
  1.356585921683423E-003
  1.305022833947562E-003
  1.255584590530957E-003
  1.208174503022100E-003
  1.162700863764520E-003
  1.119076551697149E-003
  1.077218812269764E-003
  1.037049054007664E-003
  9.984925071123063E-004
  9.614781643151201E-004
  9.259384102068711E-004
  8.918089897586840E-004
  8.590286930460398E-004
  8.275393008471138E-004
  7.972853374940701E-004
  7.682139994054456E-004
  7.402749415738210E-004
  7.134202081375046E-004
  6.876040895190267E-004
  6.627829685911248E-004
  6.389152818898527E-004
  6.159613557564630E-004
  5.938833307491064E-004
  5.726450859828850E-004
  5.522121138443416E-004
  5.325514836282775E-004
  5.136317202960118E-004
  4.954227703066517E-004
  4.778958951223664E-004
  4.610236533779734E-004
  4.447797644769777E-004
  4.291391582561023E-004
  4.140777969760646E-004
  3.995727226829515E-004
  3.856019597413304E-004
  3.721444620942968E-004
  3.591801070053683E-004
  3.466896062986577E-004
  3.346545065668768E-004
  3.230571220922688E-004
  3.118805162410352E-004
  3.011084595864880E-004
  2.907253986225734E-004
  2.807164277645759E-004
  2.710672539852710E-004
  2.617641769581803E-004
  2.527940571069440E-004
  2.441442874913700E-004
  2.358027829971757E-004
  2.277579407735613E-004
  2.199986283097949E-004
  2.125141688711482E-004
  2.052942979160920E-004
  1.983291805638827E-004
  1.916093572687321E-004
  1.851257519866855E-004
  1.788696497667887E-004
  1.728326672121525E-004
  1.670067682145303E-004
  1.613842123972286E-004
  1.559575762827688E-004
  1.507197161021968E-004
  1.456637689498636E-004
  1.407831360107665E-004
  1.360714716113593E-004
  1.315226771814724E-004
  1.271308819379854E-004
  1.228904456117703E-004
  1.187959352536696E-004
  1.148421326274440E-004
  1.110240073789687E-004
  1.073367259757004E-004
  1.037756338168000E-004
  1.003362485598728E-004
  9.701426085606069E-005
  9.380551466120622E-005
  9.070601470190061E-005
  8.771190941012056E-005
  8.481949041134881E-005
  8.202518670314943E-005
  7.932555632993965E-005
  7.671728463836895E-005
  7.419717627043932E-005
  7.176215326349670E-005
  6.940924647068213E-005
  6.713559737216087E-005
  6.493844452521028E-005
  6.281513141844468E-005
  6.076308967779353E-005
  5.877984649218901E-005
  5.686301356970606E-005
  5.501028650771393E-005
  5.321944112113503E-005
  5.148833177855121E-005
  4.981488214722776E-005
  4.819709253222338E-005
  4.663302539477133E-005
  4.512081147298478E-005
  4.365864287954275E-005
  4.224477000685754E-005
  4.087750123064153E-005
  3.955520001348534E-005
  3.827627876545805E-005
  3.703920379036168E-005
  3.584248460705739E-005
  3.468467894284695E-005
  3.356438641371384E-005
  3.248024677212696E-005
  3.143094151482605E-005
  3.041518645215545E-005
  2.943173513756784E-005
  2.847937389483986E-005
  2.755692204698483E-005
  2.666322908746028E-005
  2.579717506153808E-005
  2.495766788120546E-005
  2.414364314630348E-005
  2.335406318767530E-005
  2.258791666436884E-005
  2.184421733676663E-005
  2.112200549693669E-005
  2.042034618379918E-005
  1.973833135414609E-005
  1.907507952123730E-005
  1.842973733206438E-005
  1.780148084204077E-005
  1.718951784474132E-005
  1.659308932354783E-005
  1.601147325975138E-005
  1.544398684408012E-005
  1.488999067618769E-005
  1.434889268103222E-005
  1.382015215462844E-005
  1.330328517805960E-005
  1.279786887798831E-005
  1.230354717141218E-005
  1.182003579442522E-005
  1.134712716033723E-005
  1.088469584394131E-005
  1.043270219202338E-005
  9.991196647756921E-006
  9.560321995455850E-006
  9.140314994473832E-006
  8.731506265680875E-006
  8.334318550789742E-006
  7.949262122914148E-006
  7.576929528934467E-006
  7.217985373505148E-006
  6.873155995534105E-006
  6.543214161586815E-006
  6.228962497580961E-006
  5.931213726914697E-006
  5.650768498928476E-006
  5.388391596735058E-006
  5.144786846085036E-006
  4.920570460067772E-006
  4.716246000507867E-006
  4.532178488559222E-006
  4.368571822014715E-006
  4.225448517526627E-006
  4.102631444761953E-006
  3.999738320091305E-006
  3.916151366329412E-006
  3.851099675622127E-006
  3.803369820698161E-006
  3.772354790651334E-006
  3.754426296984105E-006
  3.755712954425880E-006
  3.747686637617493E-006
  3.821251407945683E-006
  3.655864617091932E-006
  4.336625492618037E-006
  2.186316644536520E-006
  9.495709512303923E-006
 -1.430015120085084E-005
  6.235013599560815E-005
 -1.775087342049446E-004
  5.460087521352518E-004
 -1.512888122009654E-003
  3.778227856438687E-003
 -7.038001072817586E-003
  0.000000000000000E+000
