   169.126245917797     
   147.837774045256     
   128.683260878617     
   111.551475154287     
   96.3162003242008     
   82.8414825673009     
   70.9862497864123     
   60.6082404449586     
   51.5672398814342     
   43.7276413350851     
   36.9603857464201     
   31.1443232544949     
   26.1670952003174     
   21.9255778598297     
   18.3259984020536     
   15.2837640601954     
   12.7230956959978     
   10.5765165738792     
   8.78425454271539     
   7.29361706124338     
   6.05836168927357     
   5.03811213667710     
   4.19780836935694     
   3.50721397471663     
   2.94045090112306     
   2.47556392129548     
   2.09409491269826     
   1.78066712385963     
   1.52258248596816     
   1.30943474177192     
   1.13275322608324     
  0.985676990672252     
  0.862670967921317     
  0.759279292065929     
  0.671919252459605     
  0.597709577427850     
  0.534330608880774     
  0.479911249478362     
  0.432938055613715     
  0.392183144906928     
  0.356646480333860     
  0.325510535409518     
  0.298103895767642     
  0.273871437256975     
  0.252393000407924     
  0.234058619582195     
  0.214983922109265     
  0.121811617577347     
 -0.119942195403092     
  0.252119214961162     
  0.257755978504590     
  0.123619805771548     
  0.128773498574082     
  0.152681167502589     
  0.134392669844302     
  0.119539763517073     
  0.116567349782396     
  0.111239060680148     
  0.103950457462788     
  9.835248292539864E-002
  9.357177674440129E-002
  8.875446300456674E-002
  8.423394977459273E-002
  8.012408064563102E-002
  7.627828405226998E-002
  7.265929471638335E-002
  6.927866576577599E-002
  6.611473374995774E-002
  6.314258248320807E-002
  6.034910627933139E-002
  5.772187190029473E-002
  5.524749125739375E-002
  5.291435855527885E-002
  5.071228422559982E-002
  4.863191641468622E-002
  4.666450984110154E-002
  4.480227951043528E-002
  4.303799822280361E-002
  4.136509896964486E-002
  3.977752547919416E-002
  3.826971114262678E-002
  3.683656636109861E-002
  3.547334606732649E-002
  3.417573586040210E-002
  3.293968813286360E-002
  3.176151019929201E-002
  3.063774621800067E-002
  2.956521014988544E-002
  2.854094352014153E-002
  2.756218373719800E-002
  2.662638497966882E-002
  2.573114697593677E-002
  2.487426285873251E-002
  2.405364714162403E-002
  2.326737166609827E-002
  2.251362314845937E-002
  2.179070743747418E-002
  2.109704350973627E-002
  2.043113838773248E-002
  1.979160664214976E-002
  1.917713190467416E-002
  1.858649204341115E-002
  1.801852684764730E-002
  1.747215160456447E-002
  1.694634276510149E-002
  1.644013390362399E-002
  1.595261935078903E-002
  1.548293676962857E-002
  1.503028085587188E-002
  1.459388247546966E-002
  1.417302133675997E-002
  1.376701164795660E-002
  1.337520621170310E-002
  1.299699275671125E-002
  1.263178835010963E-002
  1.227904462373663E-002
  1.193823632674654E-002
  1.160886997556917E-002
  1.129047268480170E-002
  1.098259815204417E-002
  1.068482064377388E-002
  1.039673521792713E-002
  1.011795795873088E-002
  9.848120963908477E-003
  9.586876863859246E-003
  9.333891554838394E-003
  9.088849307087137E-003
  8.851446959850330E-003
  8.621396411916862E-003
  8.398422477873313E-003
  8.182261696573280E-003
  7.972663780730202E-003
  7.769387697431971E-003
  7.572205010344616E-003
  7.380895408676925E-003
  7.195249540853933E-003
  7.015066154061935E-003
  6.840152825176867E-003
  6.670325567859861E-003
  6.505407291571438E-003
  6.345229409788569E-003
  6.189628991023190E-003
  6.038451015500722E-003
  5.891545735823109E-003
  5.748770110838468E-003
  5.609986542194574E-003
  5.475062771020745E-003
  5.343872215848119E-003
  5.216292521705313E-003
  5.092206945511849E-003
  4.971502387688590E-003
  4.854070812144911E-003
  4.739807770150815E-003
  4.628613009667957E-003
  4.520390055440175E-003
  4.415045757423820E-003
  4.312490870759727E-003
  4.212638853152584E-003
  4.115406923461570E-003
  4.020714765960393E-003
  3.928485357663678E-003
  3.838644208572055E-003
  3.751119509764174E-003
  3.665842136206241E-003
  3.582745096175466E-003
  3.501764126323638E-003
  3.422836768567368E-003
  3.345903112468617E-003
  3.270904989954731E-003
  3.197786404246629E-003
  3.126493197967254E-003
  3.056972961529225E-003
  2.989175225586075E-003
  2.923050933585430E-003
  2.858552955292634E-003
  2.795635418421676E-003
  2.734254191757488E-003
  2.674366419092823E-003
  2.615930694976589E-003
  2.558906977448602E-003
  2.503256388210552E-003
  2.448941468009530E-003
  2.395925726552991E-003
  2.344174041597260E-003
  2.293652202953584E-003
  2.244327199619206E-003
  2.196166978592496E-003
  2.149140469150858E-003
  2.103217625968806E-003
  2.058369196785558E-003
  2.014566974613199E-003
  1.971783441883147E-003
  1.929992055913139E-003
  1.889166958310623E-003
  1.849283122752821E-003
  1.810316256677215E-003
  1.772242742232392E-003
  1.735039739925499E-003
  1.698684965495570E-003
  1.663156907185960E-003
  1.628434561635663E-003
  1.594497622337840E-003
  1.561326309923686E-003
  1.528901426915882E-003
  1.497204345287614E-003
  1.466216908213148E-003
  1.435921552672344E-003
  1.406301116592832E-003
  1.377339008746660E-003
  1.349019025550457E-003
  1.321325462980417E-003
  1.294243030969686E-003
  1.267756850083024E-003
  1.241852486432728E-003
  1.216515841848764E-003
  1.191733271893837E-003
  1.167491431153760E-003
  1.143777395648798E-003
  1.120578545201253E-003
  1.097882619009206E-003
  1.075677685603778E-003
  1.053952106511085E-003
  1.032694593261101E-003
  1.011894102501713E-003
  9.915399370141081E-004
  9.716216297110064E-004
  9.521290244584799E-004
  9.330522080914890E-004
  9.143815271817556E-004
  8.961075923970482E-004
  8.782212264517948E-004
  8.607135271345662E-004
  8.435757763653273E-004
  8.267995190732676E-004
  8.103764824338362E-004
  7.942986230263355E-004
  7.785580944635935E-004
  7.631472393147202E-004
  7.480586127144377E-004
  7.332849261053230E-004
  7.188191066011671E-004
  7.046542237236658E-004
  6.907835461238967E-004
  6.772004900091900E-004
  6.638986410044091E-004
  6.508717458793693E-004
  6.381136901512318E-004
  6.256185304417945E-004
  6.133804413177457E-004
  6.013937655727714E-004
  5.896529592946279E-004
  5.781526288822747E-004
  5.668875020778723E-004
  5.558524320921288E-004
  5.450424044588115E-004
  5.344525079286693E-004
  5.240779685964589E-004
  5.139141039556521E-004
  5.039563618915129E-004
  4.942002826486161E-004
  4.846415197077052E-004
  4.752758273141091E-004
  4.660990531137944E-004
  4.571071534467531E-004
  4.482961628200218E-004
  4.396622253955934E-004
  4.312015580919623E-004
  4.229104783522795E-004
  4.147853802688368E-004
  4.068227432028045E-004
  3.990191306095530E-004
  3.913711760669666E-004
  3.838756021830648E-004
  3.765291921352832E-004
  3.693288159758351E-004
  3.622714031753370E-004
  3.553539603519563E-004
  3.485735584860335E-004
  3.419273328782185E-004
  3.354124890825467E-004
  3.290262859763475E-004
  3.227660549714465E-004
  3.166291756104514E-004
  3.106130957371544E-004
  3.047153127327875E-004
  2.989333829977178E-004
  2.932649173306389E-004
  2.877075752728373E-004
  2.822590749185606E-004
  2.769171756459204E-004
  2.716796954778438E-004
  2.665444916575680E-004
  2.615094747731876E-004
  2.565725973072738E-004
  2.517318568392261E-004
  2.469852970238865E-004
  2.423309987630828E-004
  2.377670915124914E-004
  2.332917374251765E-004
  2.289031456245068E-004
  2.245995579383067E-004
  2.203792576298256E-004
  2.162405636991265E-004
  2.121818296493417E-004
  2.082014479546712E-004
  2.042978399274497E-004
  2.004694668485453E-004
  1.967148165253833E-004
  1.930324140664386E-004
  1.894208123273965E-004
  1.858785962279680E-004
  1.824043812886226E-004
  1.789968095481179E-004
  1.756545558602351E-004
  1.723763178254887E-004
  1.691608256338489E-004
  1.660068315110755E-004
  1.629131170869663E-004
  1.598784877992755E-004
  1.569017738603151E-004
  1.539818316808089E-004
  1.511175382312750E-004
  1.483077979253040E-004
  1.455515335256030E-004
  1.428476940932209E-004
  1.401952473722978E-004
  1.375931841485030E-004
  1.350405157572158E-004
  1.325362727003030E-004
  1.300795078328452E-004
  1.276692901728057E-004
  1.253047114842943E-004
  1.229848786788874E-004
  1.207089196990723E-004
  1.184759785570088E-004
  1.162852172489465E-004
  1.141358155357212E-004
  1.120269680790033E-004
  1.099578884956863E-004
  1.079278033575579E-004
  1.059359578832744E-004
  1.039816100771911E-004
  1.020640346316578E-004
  1.001825201800871E-004
  9.833636937117225E-005
  9.652490017902609E-005
  9.474744227302397E-005
  9.300334126304922E-005
  9.129195337413641E-005
  8.961264995438211E-005
  8.796481333767111E-005
  8.634783901904821E-005
  8.476113463240127E-005
  8.320411875158875E-005
  8.167622310484845E-005
  8.017688873810898E-005
  7.870556996440125E-005
  7.726172999093295E-005
  7.584484417642944E-005
  7.445439743007649E-005
  7.308988500002353E-005
  7.175081270009268E-005
  7.043669493179843E-005
  6.914705730210672E-005
  6.788143299155939E-005
  6.663936609215763E-005
  6.542040830331568E-005
  6.422412101084552E-005
  6.305007395534910E-005
  6.189784498946870E-005
  6.076702112849621E-005
  5.965719620061960E-005
  5.856797348828065E-005
  5.749896256458931E-005
  5.644978188019636E-005
  5.542005649217183E-005
  5.440941913240689E-005
  5.341750985403522E-005
  5.244397508928232E-005
  5.148846916463965E-005
  5.055065189992231E-005
  4.963019099983603E-005
  4.872675950797703E-005
  4.784003762272848E-005
  4.696971133320501E-005
  4.611547268722997E-005
  4.527702013508127E-005
  4.445405717654291E-005
  4.364629405321780E-005
  4.285344552711764E-005
  4.207523285602700E-005
  4.131138191391245E-005
  4.056162429533391E-005
  3.982569669184887E-005
  3.910334057459686E-005
  3.839430298470306E-005
  3.769833500774390E-005
  3.701519342557183E-005
  3.634463881954933E-005
  3.568643706443232E-005
  3.504035807722183E-005
  3.440617632207150E-005
  3.378367074884225E-005
  3.317262408915124E-005
  3.257282388226040E-005
  3.198406096362968E-005
  3.140613092082114E-005
  3.083883260098078E-005
  3.028196912349063E-005
  2.973534717202424E-005
  2.919877703238409E-005
  2.867207292327506E-005
  2.815505207817666E-005
  2.764753583851070E-005
  2.714934828674308E-005
  2.666031742012634E-005
  2.618027407749245E-005
  2.570905251791298E-005
  2.524649014928762E-005
  2.479242723184553E-005
  2.434670745001911E-005
  2.390917692231876E-005
  2.347968523456970E-005
  2.305808429837926E-005
  2.264422921338512E-005
  2.223797758060168E-005
  2.183918972239283E-005
  2.144772873562319E-005
  2.106345998270236E-005
  2.068625177797492E-005
  2.031597443544534E-005
  1.995250115365141E-005
  1.959570714036978E-005
  1.924547017188221E-005
  1.890167023406359E-005
  1.856418946876032E-005
  1.823291244625695E-005
  1.790772554925777E-005
  1.758851767270706E-005
  1.727517938421907E-005
  1.696760361665398E-005
  1.666568505866918E-005
  1.636932044753118E-005
  1.607840846767900E-005
  1.579284950778488E-005
  1.551254605868366E-005
  1.523740207735454E-005
  1.496732362385440E-005
  1.470221818006637E-005
  1.444199513833560E-005
  1.418656543075675E-005
  1.393584160745041E-005
  1.368973791992370E-005
  1.344816996625115E-005
  1.321105513562305E-005
  1.297831201828808E-005
  1.274986092992488E-005
  1.252562340727042E-005
  1.230552250480060E-005
  1.208948262060503E-005
  1.187742941757599E-005
  1.166929002277795E-005
  1.146499262821670E-005
  1.126446691940518E-005
  1.106764357496460E-005
  1.087445465708065E-005
  1.068483327659495E-005
  1.049871372747662E-005
  1.031603145996444E-005
  1.013672290168902E-005
  9.960725712204339E-006
  9.787978394535030E-006
  9.618420662084442E-006
  9.451993052397876E-006
  9.288637183484789E-006
  9.128295564490490E-006
  8.970911607347615E-006
  8.816429697418743E-006
  8.664794966639736E-006
  8.515953554012710E-006
  8.369852266892038E-006
  8.226438862934089E-006
  8.085661781556768E-006
  7.947470283291039E-006
  7.811814373559338E-006
  7.678644733635129E-006
  7.547912844870803E-006
  7.419570756258694E-006
  7.293571317954237E-006
  7.169867913073257E-006
  7.048414653537320E-006
  6.929166215963467E-006
  6.812077892480303E-006
  6.697105594952671E-006
  6.584205742307102E-006
  6.473335408289009E-006
  6.364452109902385E-006
  6.257514002049138E-006
  6.152479682741669E-006
  6.049308318298964E-006
