   -4.263837E-23   -1.279553E-20   -2.982571E-19   -1.027995E-16   -5.380536E-16   -4.263837E-15
   -4.766914E-23   -1.430524E-20   -3.334476E-19   -1.149285E-16   -6.015369E-16   -4.766914E-15
   -5.338113E-23   -1.601938E-20   -3.734032E-19   -1.286999E-16   -6.736165E-16   -5.338113E-15
   -5.985877E-23   -1.796328E-20   -4.187146E-19   -1.443172E-16   -7.553579E-16   -5.985877E-15
   -6.719678E-23   -2.016538E-20   -4.700443E-19   -1.620089E-16   -8.479562E-16   -6.719678E-15
   -7.550141E-23   -2.265755E-20   -5.281355E-19   -1.820310E-16   -9.527524E-16   -7.550141E-15
   -8.489185E-23   -2.547557E-20   -5.938220E-19   -2.046710E-16   -1.071250E-15   -8.489184E-15
   -9.550172E-23   -2.865953E-20   -6.680385E-19   -2.302510E-16   -1.205136E-15   -9.550171E-15
   -1.074809E-22   -3.225440E-20   -7.518331E-19   -2.591323E-16   -1.356301E-15   -1.074808E-14
   -1.209972E-22   -3.631059E-20   -8.463806E-19   -2.917197E-16   -1.526864E-15   -1.209972E-14
   -1.362391E-22   -4.088458E-20   -9.529980E-19   -3.284673E-16   -1.719201E-15   -1.362391E-14
   -1.534174E-22   -4.603970E-20   -1.073161E-18   -3.698835E-16   -1.935974E-15   -1.534174E-14
   -1.727686E-22   -5.184687E-20   -1.208523E-18   -4.165384E-16   -2.180166E-15   -1.727685E-14
   -1.945574E-22   -5.838559E-20   -1.360937E-18   -4.690705E-16   -2.455120E-15   -1.945574E-14
   -2.190807E-22   -6.574488E-20   -1.532478E-18   -5.281952E-16   -2.764579E-15   -2.190806E-14
   -2.466706E-22   -7.402447E-20   -1.725471E-18   -5.947135E-16   -3.112737E-15   -2.466706E-14
   -2.776995E-22   -8.333606E-20   -1.942520E-18   -6.695230E-16   -3.504290E-15   -2.776994E-14
   -3.125841E-22   -9.380474E-20   -2.186539E-18   -7.536284E-16   -3.944499E-15   -3.125840E-14
   -3.517911E-22   -1.055705E-19   -2.460793E-18   -8.481550E-16   -4.439252E-15   -3.517910E-14
   -3.958431E-22   -1.187903E-19   -2.768939E-18   -9.543627E-16   -4.995144E-15   -3.958429E-14
   -4.453250E-22   -1.336395E-19   -3.115067E-18   -1.073662E-15   -5.619556E-15   -4.453248E-14
   -5.008918E-22   -1.503148E-19   -3.503759E-18   -1.207631E-15   -6.320753E-15   -5.008915E-14
   -5.632763E-22   -1.690360E-19   -3.940141E-18   -1.358038E-15   -7.107983E-15   -5.632760E-14
   -6.332990E-22   -1.900495E-19   -4.429952E-18   -1.526860E-15   -7.991599E-15   -6.332986E-14
   -7.118779E-22   -2.136306E-19   -4.979616E-18   -1.716311E-15   -8.983187E-15   -7.118775E-14
   -8.000406E-22   -2.400877E-19   -5.596317E-18   -1.928868E-15   -1.009571E-14   -8.000401E-14
   -8.989368E-22   -2.697659E-19   -6.288100E-18   -2.167302E-15   -1.134368E-14   -8.989361E-14
   -1.009853E-21   -3.030511E-19   -7.063961E-18   -2.434716E-15   -1.274333E-14   -1.009852E-13
   -1.134228E-21   -3.403753E-19   -7.933969E-18   -2.734579E-15   -1.431282E-14   -1.134227E-13
   -1.273672E-21   -3.822217E-19   -8.909385E-18   -3.070774E-15   -1.607246E-14   -1.273670E-13
   -1.429986E-21   -4.291307E-19   -1.000281E-17   -3.447642E-15   -1.804499E-14   -1.429984E-13
   -1.605185E-21   -4.817071E-19   -1.122834E-17   -3.870041E-15   -2.025583E-14   -1.605184E-13
   -1.801524E-21   -5.406272E-19   -1.260173E-17   -4.343406E-15   -2.273343E-14   -1.801522E-13
   -2.021522E-21   -6.066475E-19   -1.414063E-17   -4.873813E-15   -2.550959E-14   -2.021520E-13
   -2.268000E-21   -6.806140E-19   -1.586475E-17   -5.468061E-15   -2.861988E-14   -2.267996E-13
   -2.544109E-21   -7.634729E-19   -1.779615E-17   -6.133751E-15   -3.210411E-14   -2.544105E-13
   -2.853377E-21   -8.562825E-19   -1.995949E-17   -6.879384E-15   -3.600676E-14   -2.853373E-13
   -3.199747E-21   -9.602261E-19   -2.238236E-17   -7.714468E-15   -4.037760E-14   -3.199741E-13
   -3.587628E-21   -1.076627E-18   -2.509560E-17   -8.649633E-15   -4.527226E-14   -3.587621E-13
   -4.021950E-21   -1.206964E-18   -2.813370E-17   -9.696767E-15   -5.075297E-14   -4.021941E-13
   -4.508226E-21   -1.352893E-18   -3.153523E-17   -1.086916E-14   -5.688929E-14   -4.508216E-13
   -5.052621E-21   -1.516263E-18   -3.534329E-17   -1.218168E-14   -6.375900E-14   -5.052609E-13
   -5.662025E-21   -1.699142E-18   -3.960610E-17   -1.365093E-14   -7.144907E-14   -5.662010E-13
   -6.344143E-21   -1.903842E-18   -4.437755E-17   -1.529549E-14   -8.005672E-14   -6.344126E-13
   -7.107590E-21   -2.132948E-18   -4.971788E-17   -1.713613E-14   -8.969064E-14   -7.107569E-13
   -7.961993E-21   -2.389349E-18   -5.569447E-17   -1.919606E-14   -1.004724E-13   -7.961968E-13
   -8.918117E-21   -2.676277E-18   -6.238260E-17   -2.150124E-14   -1.125377E-13   -8.918087E-13
   -9.987996E-21   -2.997341E-18   -6.986644E-17   -2.408068E-14   -1.260385E-13   -9.987959E-13
   -1.118508E-20   -3.356579E-18   -7.824009E-17   -2.696680E-14   -1.411444E-13   -1.118504E-12
   -1.252440E-20   -3.758502E-18   -8.760871E-17   -3.019585E-14   -1.580453E-13   -1.252435E-12
   -1.402277E-20   -4.208154E-18   -9.808984E-17   -3.380836E-14   -1.769532E-13   -1.402270E-12
   -1.569896E-20   -4.711171E-18   -1.098149E-16   -3.784960E-14   -1.981051E-13   -1.569889E-12
   -1.757398E-20   -5.273853E-18   -1.229307E-16   -4.237019E-14   -2.217659E-13   -1.757389E-12
   -1.967128E-20   -5.903241E-18   -1.376014E-16   -4.742671E-14   -2.482317E-13   -1.967117E-12
   -2.201710E-20   -6.607207E-18   -1.540105E-16   -5.308238E-14   -2.778335E-13   -2.201696E-12
   -2.464073E-20   -7.394545E-18   -1.723629E-16   -5.940785E-14   -3.109411E-13   -2.464057E-12
   -2.757494E-20   -8.275084E-18   -1.928878E-16   -6.648212E-14   -3.479678E-13   -2.757475E-12
   -3.085633E-20   -9.259810E-18   -2.158413E-16   -7.439342E-14   -3.893756E-13   -3.085610E-12
   -3.452580E-20   -1.036100E-17   -2.415094E-16   -8.324038E-14   -4.356807E-13   -3.452553E-12
   -3.862908E-20   -1.159237E-17   -2.702120E-16   -9.313323E-14   -4.874599E-13   -3.862875E-12
   -4.321726E-20   -1.296926E-17   -3.023065E-16   -1.041951E-13   -5.453579E-13   -4.321686E-12
   -4.834741E-20   -1.450879E-17   -3.381921E-16   -1.165637E-13   -6.100952E-13   -4.834693E-12
   -5.408333E-20   -1.623010E-17   -3.783151E-16   -1.303928E-13   -6.824767E-13   -5.408275E-12
   -6.049631E-20   -1.815460E-17   -4.231742E-16   -1.458543E-13   -7.634019E-13   -6.049562E-12
   -6.766601E-20   -2.030619E-17   -4.733265E-16   -1.631401E-13   -8.538760E-13   -6.766517E-12
   -7.568141E-20   -2.271157E-17   -5.293946E-16   -1.824650E-13   -9.550222E-13   -7.568041E-12
   -8.464199E-20   -2.540059E-17   -5.920742E-16   -2.040685E-13   -1.068095E-12   -8.464078E-12
   -9.465886E-20   -2.840659E-17   -6.621426E-16   -2.282188E-13   -1.194498E-12   -9.465740E-12
   -1.058562E-19   -3.176685E-17   -7.404684E-16   -2.552151E-13   -1.335796E-12   -1.058544E-11
   -1.183727E-19   -3.552298E-17   -8.280219E-16   -2.853919E-13   -1.493742E-12   -1.183706E-11
   -1.323634E-19   -3.972151E-17   -9.258875E-16   -3.191230E-13   -1.670290E-12   -1.323609E-11
   -1.480015E-19   -4.441441E-17   -1.035277E-15   -3.568258E-13   -1.867626E-12   -1.479985E-11
   -1.654805E-19   -4.965975E-17   -1.157543E-15   -3.989669E-13   -2.088192E-12   -1.654768E-11
   -1.850165E-19   -5.552241E-17   -1.294198E-15   -4.460675E-13   -2.334716E-12   -1.850121E-11
   -2.068511E-19   -6.207487E-17   -1.446932E-15   -4.987099E-13   -2.610246E-12   -2.068459E-11
   -2.312543E-19   -6.939811E-17   -1.617633E-15   -5.575449E-13   -2.918188E-12   -2.312479E-11
   -2.585274E-19   -7.758261E-17   -1.808410E-15   -6.232992E-13   -3.262345E-12   -2.585197E-11
   -2.890073E-19   -8.672945E-17   -2.021618E-15   -6.967850E-13   -3.646968E-12   -2.889981E-11
   -3.230703E-19   -9.695157E-17   -2.259890E-15   -7.789095E-13   -4.076806E-12   -3.230593E-11
   -3.611368E-19   -1.083751E-16   -2.526167E-15   -8.706863E-13   -4.557164E-12   -3.611236E-11
   -4.036766E-19   -1.211411E-16   -2.823734E-15   -9.732479E-13   -5.093969E-12   -4.036607E-11
   -4.512142E-19   -1.354069E-16   -3.156262E-15   -1.087859E-12   -5.693842E-12   -4.511951E-11
   -5.043360E-19   -1.513484E-16   -3.527851E-15   -1.215934E-12   -6.364180E-12   -5.043130E-11
   -5.636968E-19   -1.691622E-16   -3.943082E-15   -1.359050E-12   -7.113246E-12   -5.636692E-11
   -6.300281E-19   -1.890679E-16   -4.407073E-15   -1.518972E-12   -7.950272E-12   -6.299949E-11
   -7.041472E-19   -2.113106E-16   -4.925539E-15   -1.697670E-12   -8.885571E-12   -7.041073E-11
   -7.869672E-19   -2.361644E-16   -5.504868E-15   -1.897345E-12   -9.930662E-12   -7.869192E-11
   -8.795078E-19   -2.639353E-16   -6.152193E-15   -2.120456E-12   -1.109842E-11   -8.794501E-11
   -9.829084E-19   -2.949653E-16   -6.875485E-15   -2.369751E-12   -1.240321E-11   -9.828391E-11
   -1.098442E-18   -3.296362E-16   -7.683646E-15   -2.648297E-12   -1.386110E-11   -1.098358E-10
   -1.227530E-18   -3.683748E-16   -8.586621E-15   -2.959522E-12   -1.549004E-11   -1.227430E-10
   -1.371760E-18   -4.116576E-16   -9.595521E-15   -3.307255E-12   -1.731005E-11   -1.371640E-10
   -1.532908E-18   -4.600171E-16   -1.072275E-14   -3.695775E-12   -1.934354E-11   -1.532763E-10
   -1.712954E-18   -5.140480E-16   -1.198219E-14   -4.129858E-12   -2.161549E-11   -1.712780E-10
   -1.914113E-18   -5.744146E-16   -1.338930E-14   -4.614842E-12   -2.415386E-11   -1.913904E-10
   -2.138857E-18   -6.418591E-16   -1.496140E-14   -5.156689E-12   -2.698984E-11   -2.138606E-10
   -2.389950E-18   -7.172104E-16   -1.671780E-14   -5.762060E-12   -3.015829E-11   -2.389647E-10
   -2.670475E-18   -8.013945E-16   -1.868008E-14   -6.438393E-12   -3.369815E-11   -2.670112E-10
   -2.983881E-18   -8.954458E-16   -2.087237E-14   -7.193997E-12   -3.765289E-11   -2.983444E-10
   -3.334016E-18   -1.000520E-15   -2.332158E-14   -8.038156E-12   -4.207112E-11   -3.333491E-10
   -3.725182E-18   -1.117906E-15   -2.605781E-14   -8.981237E-12   -4.700707E-11   -3.724551E-10
   -4.162183E-18   -1.249048E-15   -2.911464E-14   -1.003482E-11   -5.252138E-11   -4.161424E-10
   -4.650383E-18   -1.395554E-15   -3.252962E-14   -1.121184E-11   -5.868174E-11   -4.649471E-10
   -5.195777E-18   -1.559223E-15   -3.634467E-14   -1.252676E-11   -6.556376E-11   -5.194680E-10
   -5.805058E-18   -1.742065E-15   -4.060662E-14   -1.399570E-11   -7.325193E-11   -5.803739E-10
   -6.485704E-18   -1.946323E-15   -4.536777E-14   -1.563669E-11   -8.184058E-11   -6.484119E-10
   -7.246067E-18   -2.174504E-15   -5.068654E-14   -1.746988E-11   -9.143509E-11   -7.244162E-10
   -8.095477E-18   -2.429407E-15   -5.662819E-14   -1.951775E-11   -1.021532E-10   -8.093186E-10
   -9.044352E-18   -2.714159E-15   -6.326561E-14   -2.180543E-11   -1.141263E-10   -9.041598E-10
   -1.010433E-17   -3.032253E-15   -7.068021E-14   -2.436097E-11   -1.275013E-10   -1.010102E-09
   -1.128841E-17   -3.387590E-15   -7.896292E-14   -2.721571E-11   -1.424422E-10   -1.128443E-09
   -1.261112E-17   -3.784526E-15   -8.821531E-14   -3.040465E-11   -1.591321E-10   -1.260634E-09
   -1.408867E-17   -4.227930E-15   -9.855080E-14   -3.396691E-11   -1.777757E-10   -1.408291E-09
   -1.573917E-17   -4.723235E-15   -1.100961E-13   -3.794613E-11   -1.986015E-10   -1.573225E-09
   -1.758285E-17   -5.276514E-15   -1.229928E-13   -4.239110E-11   -2.218647E-10   -1.757454E-09
   -1.964231E-17   -5.894547E-15   -1.373988E-13   -4.735628E-11   -2.478504E-10   -1.963232E-09
   -2.194279E-17   -6.584908E-15   -1.534907E-13   -5.290253E-11   -2.768769E-10   -2.193078E-09
   -2.451247E-17   -7.356054E-15   -1.714657E-13   -5.909779E-11   -3.092999E-10   -2.449803E-09
   -2.738283E-17   -8.217435E-15   -1.915440E-13   -6.601796E-11   -3.455163E-10   -2.736547E-09
   -3.058904E-17   -9.179600E-15   -2.139716E-13   -7.374780E-11   -3.859699E-10   -3.056817E-09
   -3.417036E-17   -1.025433E-14   -2.390231E-13   -8.238199E-11   -4.311559E-10   -3.414527E-09
   -3.817065E-17   -1.145480E-14   -2.670053E-13   -9.202624E-11   -4.816275E-10   -3.814049E-09
   -4.263890E-17   -1.279569E-14   -2.982609E-13   -1.027987E-10   -5.380026E-10   -4.260264E-09
   -4.762981E-17   -1.429344E-14   -3.331724E-13   -1.148311E-10   -6.009711E-10   -4.758622E-09
   -5.320447E-17   -1.596636E-14   -3.721674E-13   -1.282709E-10   -6.713037E-10   -5.315207E-09
   -5.943112E-17   -1.783494E-14   -4.157231E-13   -1.432825E-10   -7.498610E-10   -5.936814E-09
   -6.638597E-17   -1.992206E-14   -4.643726E-13   -1.600496E-10   -8.376040E-10   -6.631026E-09
   -7.415412E-17   -2.225323E-14   -5.187111E-13   -1.787775E-10   -9.356059E-10   -7.406311E-09
   -8.283062E-17   -2.485700E-14   -5.794036E-13   -1.996951E-10   -1.045065E-09   -8.272122E-09
   -9.252163E-17   -2.776522E-14   -6.471925E-13   -2.230585E-10   -1.167321E-09   -9.239011E-09
   -1.033457E-16   -3.101345E-14   -7.229071E-13   -2.491533E-10   -1.303867E-09   -1.031876E-08
   -1.154351E-16   -3.464143E-14   -8.074734E-13   -2.782987E-10   -1.456373E-09   -1.152451E-08
   -1.289379E-16   -3.869353E-14   -9.019256E-13   -3.108510E-10   -1.626703E-09   -1.287094E-08
   -1.440190E-16   -4.321929E-14   -1.007419E-12   -3.472083E-10   -1.816938E-09   -1.437444E-08
   -1.608628E-16   -4.827403E-14   -1.125242E-12   -3.878150E-10   -2.029403E-09   -1.605328E-08
   -1.796753E-16   -5.391956E-14   -1.256836E-12   -4.331674E-10   -2.266691E-09   -1.792786E-08
   -2.006864E-16   -6.022487E-14   -1.403810E-12   -4.838196E-10   -2.531703E-09   -2.002095E-08
   -2.241529E-16   -6.726701E-14   -1.567958E-12   -5.403907E-10   -2.827672E-09   -2.235797E-08
   -2.503614E-16   -7.513204E-14   -1.751288E-12   -6.035717E-10   -3.158213E-09   -2.496724E-08
   -2.796321E-16   -8.391603E-14   -1.956038E-12   -6.741343E-10   -3.527359E-09   -2.788040E-08
   -3.123227E-16   -9.372628E-14   -2.184710E-12   -7.529403E-10   -3.939615E-09   -3.113273E-08
   -3.488323E-16   -1.046826E-13   -2.440096E-12   -8.409519E-10   -4.400009E-09   -3.476360E-08
   -3.896068E-16   -1.169188E-13   -2.725315E-12   -9.392436E-10   -4.914158E-09   -3.881689E-08
   -4.351440E-16   -1.305843E-13   -3.043849E-12   -1.049015E-09   -5.488329E-09   -4.334158E-08
   -4.859998E-16   -1.458458E-13   -3.399588E-12   -1.171606E-09   -6.129522E-09   -4.839227E-08
   -5.427948E-16   -1.628897E-13   -3.796871E-12   -1.308513E-09   -6.845551E-09   -5.402985E-08
   -6.062222E-16   -1.819239E-13   -4.240548E-12   -1.461404E-09   -7.645138E-09   -6.032220E-08
   -6.770558E-16   -2.031806E-13   -4.736031E-12   -1.632146E-09   -8.538022E-09   -6.734501E-08
   -7.561596E-16   -2.269192E-13   -5.289366E-12   -1.822820E-09   -9.535073E-09   -7.518263E-08
   -8.444984E-16   -2.534292E-13   -5.907299E-12   -2.035751E-09   -1.064843E-08   -8.392908E-08
   -9.431494E-16   -2.830338E-13   -6.597366E-12   -2.273533E-09   -1.189163E-08   -9.368912E-08
   -1.053315E-15   -3.160940E-13   -7.367980E-12   -2.539065E-09   -1.327980E-08   -1.045795E-07
   -1.176339E-15   -3.530126E-13   -8.228534E-12   -2.835582E-09   -1.482981E-08   -1.167301E-07
   -1.313719E-15   -3.942397E-13   -9.189513E-12   -3.166695E-09   -1.656051E-08   -1.302859E-07
   -1.467130E-15   -4.402774E-13   -1.026263E-11   -3.536435E-09   -1.849291E-08   -1.454080E-07
   -1.638440E-15   -4.916866E-13   -1.146095E-11   -3.949304E-09   -2.065048E-08   -1.622760E-07
   -1.829736E-15   -5.490933E-13   -1.279907E-11   -4.410326E-09   -2.305939E-08   -1.810895E-07
   -2.043345E-15   -6.131965E-13   -1.429327E-11   -4.925110E-09   -2.574888E-08   -2.020707E-07
   -2.281870E-15   -6.847763E-13   -1.596176E-11   -5.499918E-09   -2.875154E-08   -2.254671E-07
   -2.548211E-15   -7.647039E-13   -1.782483E-11   -6.141738E-09   -3.210376E-08   -2.515533E-07
   -2.845610E-15   -8.539516E-13   -1.990514E-11   -6.858372E-09   -3.584614E-08   -2.806349E-07
   -3.177683E-15   -9.536048E-13   -2.222800E-11   -7.658526E-09   -4.002395E-08   -3.130517E-07
   -3.548468E-15   -1.064875E-12   -2.482165E-11   -8.551921E-09   -4.468772E-08   -3.491806E-07
   -3.962472E-15   -1.189116E-12   -2.771762E-11   -9.549404E-09   -4.989383E-08   -3.894405E-07
   -4.424726E-15   -1.327835E-12   -3.095110E-11   -1.066308E-08   -5.570514E-08   -4.342961E-07
   -4.940845E-15   -1.482720E-12   -3.456137E-11   -1.190647E-08   -6.219177E-08   -4.842631E-07
   -5.517098E-15   -1.655650E-12   -3.859227E-11   -1.329464E-08   -6.943194E-08   -5.399130E-07
   -6.160479E-15   -1.848725E-12   -4.309274E-11   -1.484442E-08   -7.751286E-08   -6.018792E-07
   -6.878798E-15   -2.064288E-12   -4.811739E-11   -1.657460E-08   -8.653179E-08   -6.708630E-07
   -7.680768E-15   -2.304955E-12   -5.372719E-11   -1.850612E-08   -9.659717E-08   -7.476406E-07
   -8.576116E-15   -2.573644E-12   -5.999016E-11   -2.066237E-08   -1.078299E-07   -8.330701E-07
   -9.575695E-15   -2.873612E-12   -6.698224E-11   -2.306944E-08   -1.203647E-07   -9.280997E-07
   -1.069162E-14   -3.208494E-12   -7.478814E-11   -2.575643E-08   -1.343519E-07   -1.033776E-06
   -1.193740E-14   -3.582347E-12   -8.350243E-11   -2.875582E-08   -1.499587E-07   -1.151254E-06
   -1.332814E-14   -3.999698E-12   -9.323061E-11   -3.210383E-08   -1.673718E-07   -1.281806E-06
   -1.488065E-14   -4.465598E-12   -1.040904E-10   -3.584088E-08   -1.867990E-07   -1.426830E-06
   -1.661372E-14   -4.985682E-12   -1.162133E-10   -4.001206E-08   -2.084718E-07   -1.587865E-06
   -1.854830E-14   -5.566241E-12   -1.297457E-10   -4.466764E-08   -2.326481E-07   -1.766600E-06
   -2.070779E-14   -6.214291E-12   -1.448513E-10   -4.986372E-08   -2.596150E-07   -1.964884E-06
   -2.311826E-14   -6.937660E-12   -1.617126E-10   -5.566284E-08   -2.896923E-07   -2.184741E-06
   -2.580883E-14   -7.745084E-12   -1.805331E-10   -6.213476E-08   -3.232359E-07   -2.428381E-06
   -2.881196E-14   -8.646305E-12   -2.015399E-10   -6.935726E-08   -3.606418E-07   -2.698212E-06
   -3.216387E-14   -9.652195E-12   -2.249865E-10   -7.741708E-08   -4.023510E-07   -2.996852E-06
   -3.590498E-14   -1.077488E-11   -2.511555E-10   -8.641092E-08   -4.488536E-07   -3.327138E-06
   -4.008035E-14   -1.202788E-11   -2.803621E-10   -9.644659E-08   -5.006950E-07   -3.692140E-06
   -4.474026E-14   -1.342630E-11   -3.129581E-10   -1.076443E-07   -5.584814E-07   -4.095163E-06
   -4.994078E-14   -1.498694E-11   -3.493356E-10   -1.201379E-07   -6.228867E-07   -4.539755E-06
   -5.574446E-14   -1.672859E-11   -3.899321E-10   -1.340768E-07   -6.946596E-07   -5.029707E-06
   -6.222103E-14   -1.867218E-11   -4.352355E-10   -1.496274E-07   -7.746317E-07   -5.569052E-06
   -6.944830E-14   -2.084104E-11   -4.857898E-10   -1.669750E-07   -8.637267E-07   -6.162052E-06
   -7.751298E-14   -2.326120E-11   -5.422018E-10   -1.863263E-07   -9.629693E-07   -6.813178E-06
   -8.651179E-14   -2.596169E-11   -6.051479E-10   -2.079112E-07   -1.073497E-06   -7.527089E-06
   -9.655258E-14   -2.897487E-11   -6.753826E-10   -2.319863E-07   -1.196570E-06   -8.308584E-06
   -1.077556E-13   -3.233683E-11   -7.537466E-10   -2.588369E-07   -1.333587E-06   -9.162546E-06
   -1.202548E-13   -3.608777E-11   -8.411777E-10   -2.887809E-07   -1.486095E-06   -1.009387E-05
   -1.341997E-13   -4.027256E-11   -9.387210E-10   -3.221725E-07   -1.655810E-06   -1.110736E-05
   -1.497569E-13   -4.494117E-11   -1.047542E-09   -3.594055E-07   -1.844628E-06   -1.220759E-05
   -1.671119E-13   -5.014932E-11   -1.168938E-09   -4.009186E-07   -2.054646E-06   -1.339876E-05
   -1.864718E-13   -5.595910E-11   -1.304358E-09   -4.471999E-07   -2.288183E-06   -1.468447E-05
   -2.080671E-13   -6.243973E-11   -1.455414E-09   -4.987925E-07   -2.547797E-06   -1.606747E-05
   -2.321549E-13   -6.966834E-11   -1.623905E-09   -5.563006E-07   -2.836313E-06   -1.754934E-05
   -2.590215E-13   -7.773085E-11   -1.811832E-09   -6.203961E-07   -3.156841E-06   -1.913011E-05
   -2.889861E-13   -8.672303E-11   -2.021428E-09   -6.918262E-07   -3.512808E-06   -2.080777E-05
   -3.224041E-13   -9.675155E-11   -2.255180E-09   -7.714215E-07   -3.907983E-06   -2.257774E-05
   -3.596715E-13   -1.079353E-10   -2.515858E-09   -8.601052E-07   -4.346508E-06   -2.443214E-05
   -4.012295E-13   -1.204066E-10   -2.806546E-09   -9.589031E-07   -4.832926E-06   -2.635901E-05
   -4.475696E-13   -1.343130E-10   -3.130683E-09   -1.068955E-06   -5.372217E-06   -2.834135E-05
   -4.992390E-13   -1.498186E-10   -3.492095E-09   -1.191525E-06   -5.969828E-06   -3.035599E-05
   -5.568472E-13   -1.671065E-10   -3.895047E-09   -1.328020E-06   -6.631710E-06   -3.237228E-05
   -6.210727E-13   -1.863802E-10   -4.344283E-09   -1.479998E-06   -7.364350E-06   -3.435058E-05
   -6.926713E-13   -2.078664E-10   -4.845089E-09   -1.649188E-06   -8.174809E-06   -3.624051E-05
   -7.724842E-13   -2.318178E-10   -5.403349E-09   -1.837509E-06   -9.070749E-06   -3.797897E-05
   -8.614478E-13   -2.585152E-10   -6.025611E-09   -2.047087E-06   -1.006047E-05   -3.948793E-05
   -9.606045E-13   -2.882715E-10   -6.719167E-09   -2.280279E-06   -1.115294E-05   -4.067191E-05
   -1.071114E-12   -3.214347E-10   -7.492128E-09   -2.539694E-06   -1.235780E-05   -4.141529E-05
   -1.194268E-12   -3.583924E-10   -8.353524E-09   -2.828223E-06   -1.368541E-05   -4.157934E-05
   -1.331502E-12   -3.995755E-10   -9.313399E-09   -3.149062E-06   -1.514684E-05   -4.099914E-05
   -1.484415E-12   -4.454636E-10   -1.038293E-08   -3.505747E-06   -1.675384E-05   -3.948035E-05
   -1.654785E-12   -4.965902E-10   -1.157455E-08   -3.902187E-06   -1.851887E-05   -3.679599E-05
   -1.844588E-12   -5.535488E-10   -1.290208E-08   -4.342700E-06   -2.045503E-05   -3.268350E-05
   -2.056024E-12   -6.169992E-10   -1.438091E-08   -4.832051E-06   -2.257599E-05   -2.684211E-05
   -2.291538E-12   -6.876753E-10   -1.602814E-08   -5.375500E-06   -2.489592E-05   -1.893091E-05
   -2.553849E-12   -7.663930E-10   -1.786277E-08   -5.978843E-06   -2.742933E-05   -8.568082E-06
   -2.845981E-12   -8.540596E-10   -1.990595E-08   -6.648465E-06   -3.019091E-05    4.668376E-06
   -3.171293E-12   -9.516831E-10   -2.218117E-08   -7.391392E-06   -3.319529E-05    2.123769E-05
   -3.533519E-12   -1.060384E-09   -2.471454E-08   -8.215353E-06   -3.645672E-05    4.163048E-05
   -3.936808E-12   -1.181408E-09   -2.753507E-08   -9.128835E-06   -3.998874E-05    6.635906E-05
   -4.385773E-12   -1.316139E-09   -3.067500E-08   -1.014115E-05   -4.380365E-05    9.594304E-05
   -4.885533E-12   -1.466113E-09   -3.417013E-08   -1.126252E-05   -4.791195E-05    1.308889E-04
   -5.441779E-12   -1.633038E-09   -3.806025E-08   -1.250411E-05   -5.232163E-05    1.716621E-04
   -6.060828E-12   -1.818809E-09   -4.238952E-08   -1.387815E-05   -5.703725E-05    2.186515E-04
   -6.749697E-12   -2.025533E-09   -4.720698E-08   -1.539799E-05   -6.205896E-05    2.721229E-04
   -7.516174E-12   -2.255545E-09   -5.256709E-08   -1.707818E-05   -6.738117E-05    3.321622E-04
   -8.368904E-12   -2.511442E-09   -5.853028E-08   -1.893455E-05   -7.299111E-05    3.986074E-04
   -9.317485E-12   -2.796102E-09   -6.516361E-08   -2.098431E-05   -7.886704E-05    4.709678E-04
   -1.037256E-11   -3.112720E-09   -7.254152E-08   -2.324612E-05   -8.497619E-05    5.483330E-04
   -1.154595E-11   -3.464843E-09   -8.074656E-08   -2.574017E-05   -9.127237E-05    6.292718E-04
   -1.285076E-11   -3.856401E-09   -8.987033E-08   -2.848826E-05   -9.769317E-05    7.117268E-04
   -1.430151E-11   -4.291758E-09   -1.000144E-07   -3.151385E-05   -1.041568E-04    7.929088E-04
   -1.591434E-11   -4.775748E-09   -1.112913E-07   -3.484215E-05   -1.105585E-04    8.692013E-04
   -1.770710E-11   -5.313735E-09   -1.238261E-07   -3.850011E-05   -1.167663E-04    9.360870E-04
   -1.969961E-11   -5.911663E-09   -1.377570E-07   -4.251650E-05   -1.226166E-04    9.881123E-04
   -2.191381E-11   -6.576118E-09   -1.532373E-07   -4.692188E-05   -1.279090E-04    1.018910E-03
   -2.437403E-11   -7.314400E-09   -1.704372E-07   -5.174855E-05   -1.324008E-04    1.021308E-03
   -2.710723E-11   -8.134596E-09   -1.895447E-07   -5.703054E-05   -1.358009E-04    9.875414E-04
   -3.014325E-11   -9.045663E-09   -2.107683E-07   -6.280340E-05   -1.377637E-04    9.096168E-04
   -3.351515E-11   -1.005752E-08   -2.343390E-07   -6.910409E-05   -1.378819E-04    7.798335E-04
   -3.725953E-11   -1.118116E-08   -2.605123E-07   -7.597074E-05   -1.356805E-04    5.915034E-04
   -4.141692E-11   -1.242872E-08   -2.895711E-07   -8.344224E-05   -1.306096E-04    3.398736E-04
   -4.603216E-11   -1.381368E-08   -3.218285E-07   -9.155790E-05   -1.220385E-04    2.324584E-05
   -5.115489E-11   -1.535093E-08   -3.576310E-07   -1.003568E-04   -1.092506E-04   -3.557417E-04
   -5.684000E-11   -1.705693E-08   -3.973617E-07   -1.098773E-04   -9.143897E-05   -7.887433E-04
   -6.314825E-11   -1.894992E-08   -4.414445E-07   -1.201557E-04   -6.770494E-05   -1.260370E-03
   -7.014679E-11   -2.105005E-08   -4.903480E-07   -1.312259E-04   -3.705878E-05   -1.747072E-03
   -7.790990E-11   -2.337960E-08   -5.445904E-07   -1.431176E-04    1.575404E-06   -2.216474E-03
   -8.651968E-11   -2.596322E-08   -6.047444E-07   -1.558549E-04    4.935001E-05   -2.627487E-03
   -9.606688E-11   -2.882812E-08   -6.714427E-07   -1.694547E-04    1.074779E-04   -2.931508E-03
   -1.066518E-10   -3.200441E-08   -7.453845E-07   -1.839241E-04    1.772086E-04   -3.075093E-03
   -1.183852E-10   -3.552531E-08   -8.273422E-07   -1.992586E-04    2.597949E-04   -3.004369E-03
   -1.313894E-10   -3.942756E-08   -9.181686E-07   -2.154387E-04    3.564486E-04   -2.671368E-03
   -1.457996E-10   -4.375169E-08   -1.018806E-06   -2.324266E-04    4.682824E-04   -2.042201E-03
   -1.617651E-10   -4.854248E-08   -1.130292E-06   -2.501625E-04    5.962373E-04   -1.106627E-03
   -1.794505E-10   -5.384936E-08   -1.253776E-06   -2.685603E-04    7.409932E-04    1.118866E-04
   -1.990376E-10   -5.972686E-08   -1.390524E-06   -2.875023E-04    9.028619E-04    1.547108E-03
   -2.207272E-10   -6.623519E-08   -1.541930E-06   -3.068339E-04    1.081660E-03    3.084040E-03
   -2.447404E-10   -7.344074E-08   -1.709537E-06   -3.263575E-04    1.276565E-03    4.558489E-03
   -2.713214E-10   -8.141676E-08   -1.895042E-06   -3.458252E-04    1.485951E-03    5.764914E-03
   -3.007394E-10   -9.024402E-08   -2.100318E-06   -3.649315E-04    1.707213E-03    6.474862E-03
   -3.332913E-10   -1.000116E-07   -2.327428E-06   -3.833051E-04    1.936581E-03    6.467261E-03
   -3.693043E-10   -1.108176E-07   -2.578647E-06   -4.005002E-04    2.168927E-03    5.569787E-03
   -4.091389E-10   -1.227703E-07   -2.856480E-06   -4.159866E-04    2.397588E-03    3.707599E-03
   -4.531927E-10   -1.359888E-07   -3.163688E-06   -4.291406E-04    2.614207E-03    9.520347E-04
   -5.019035E-10   -1.506046E-07   -3.503311E-06   -4.392342E-04    2.808619E-03   -2.441866E-03
   -5.557534E-10   -1.667623E-07   -3.878694E-06   -4.454257E-04    2.968793E-03   -6.023031E-03
   -6.152735E-10   -1.846212E-07   -4.293523E-06   -4.467492E-04    3.080878E-03   -9.171721E-03
   -6.810487E-10   -2.043567E-07   -4.751852E-06   -4.421057E-04    3.129356E-03   -1.117772E-02
   -7.537227E-10   -2.261619E-07   -5.258143E-06   -4.302545E-04    3.097368E-03   -1.137181E-02
   -8.340041E-10   -2.502495E-07   -5.817304E-06   -4.098072E-04    2.967213E-03   -9.298978E-03
   -9.226726E-10   -2.768533E-07   -6.434736E-06   -3.792227E-04    2.721085E-03   -4.903387E-03
   -1.020586E-09   -3.062306E-07   -7.116374E-06   -3.368068E-04    2.342060E-03    1.323135E-03
   -1.128688E-09   -3.386645E-07   -7.868747E-06   -2.807148E-04    1.815362E-03    8.289732E-03
   -1.248018E-09   -3.744664E-07   -8.699031E-06   -2.089598E-04    1.129896E-03    1.441072E-02
   -1.379715E-09   -4.139786E-07   -9.615114E-06   -1.194274E-04    2.800586E-04    1.789955E-02
   -1.525036E-09   -4.575777E-07   -1.062566E-05   -9.898441E-06   -7.322510E-04    1.723704E-02
   -1.685361E-09   -5.056774E-07   -1.174019E-05    1.219194E-04   -1.895482E-03    1.172759E-02
   -1.862205E-09   -5.587325E-07   -1.296917E-05    2.783480E-04   -3.186294E-03    1.983878E-03
   -2.057235E-09   -6.172430E-07   -1.432408E-05    4.616837E-04   -4.567596E-03   -9.867935E-03
   -2.272284E-09   -6.817579E-07   -1.581753E-05    6.741260E-04   -5.987020E-03   -2.045593E-02
   -2.509362E-09   -7.528808E-07   -1.746337E-05    9.176916E-04   -7.376097E-03   -2.599236E-02
   -2.770680E-09   -8.312743E-07   -1.927680E-05    1.194110E-03   -8.650486E-03   -2.355774E-02
   -3.058666E-09   -9.176665E-07   -2.127451E-05    1.504699E-03   -9.711606E-03   -1.248368E-02
   -3.375986E-09   -1.012857E-06   -2.347480E-05    1.850222E-03   -1.045002E-02    4.724116E-03
   -3.725569E-09   -1.117724E-06   -2.589777E-05    2.230724E-03   -1.075091E-02    2.093649E-02
   -4.110636E-09   -1.233233E-06   -2.856550E-05    2.645349E-03   -1.050173E-02    3.305406E-02
   -4.534733E-09   -1.360447E-06   -3.150229E-05    3.092142E-03   -9.602314E-03    3.334577E-02
   -5.001797E-09   -1.500548E-06   -3.473509E-05    3.567856E-03   -7.976868E-03    1.966573E-02
   -5.516302E-09   -1.654875E-06   -3.829451E-05    4.067806E-03   -5.587628E-03   -4.220319E-03
   -6.083724E-09   -1.825072E-06   -4.221805E-05    4.585962E-03   -2.448732E-03   -2.896120E-02
   -6.712248E-09   -2.013591E-06   -4.656191E-05    5.115986E-03    1.362363E-03   -4.293367E-02
   -7.311657E-09   -2.193373E-06   -5.070230E-05    5.584263E-03    5.094359E-03   -3.771619E-02
   -7.410070E-09   -2.222890E-06   -5.138202E-05    5.656138E-03    5.687894E-03   -3.546614E-02
   -7.510615E-09   -2.253047E-06   -5.207644E-05    5.728465E-03    6.287691E-03   -3.287720E-02
   -7.613499E-09   -2.283905E-06   -5.278698E-05    5.801353E-03    6.893375E-03   -2.996617E-02
   -7.718980E-09   -2.315542E-06   -5.351545E-05    5.874949E-03    7.504675E-03   -2.675288E-02
   -7.827306E-09   -2.348032E-06   -5.426354E-05    5.949388E-03    8.121349E-03   -2.325991E-02
   -7.939003E-09   -2.381534E-06   -5.503492E-05    6.025015E-03    8.743482E-03   -1.951314E-02
   -8.053342E-09   -2.415827E-06   -5.582450E-05    6.101215E-03    9.369801E-03   -1.553781E-02
   -8.171174E-09   -2.451168E-06   -5.663820E-05    6.178572E-03    1.000076E-02   -1.136564E-02
   -8.293729E-09   -2.487926E-06   -5.748453E-05    6.257952E-03    1.063738E-02   -7.030014E-03
   -8.421109E-09   -2.526132E-06   -5.836420E-05    6.339357E-03    1.127944E-02   -2.563674E-03
   -8.553828E-09   -2.565938E-06   -5.928075E-05    6.423094E-03    1.192725E-02    1.998713E-03
   -8.692410E-09   -2.607503E-06   -6.023783E-05    6.509472E-03    1.258116E-02    6.621421E-03
   -8.837451E-09   -2.651006E-06   -6.123953E-05    6.598843E-03    1.324167E-02    1.126791E-02
   -8.989576E-09   -2.696632E-06   -6.229020E-05    6.691573E-03    1.390935E-02    1.590110E-02
   -9.149435E-09   -2.744579E-06   -6.339432E-05    6.788034E-03    1.458486E-02    2.048349E-02
   -9.317696E-09   -2.795046E-06   -6.455652E-05    6.888601E-03    1.526889E-02    2.497740E-02
   -9.495043E-09   -2.848239E-06   -6.578152E-05    6.993646E-03    1.596214E-02    2.934500E-02
   -9.682167E-09   -2.904363E-06   -6.707410E-05    7.103532E-03    1.666534E-02    3.354847E-02
   -9.879771E-09   -2.963631E-06   -6.843910E-05    7.218619E-03    1.737922E-02    3.755007E-02
   -1.008856E-08   -3.026256E-06   -6.988145E-05    7.339252E-03    1.810448E-02    4.131227E-02
   -1.030927E-08   -3.092453E-06   -7.140612E-05    7.465771E-03    1.884178E-02    4.479783E-02
   -1.054262E-08   -3.162443E-06   -7.301819E-05    7.598506E-03    1.959175E-02    4.797001E-02
   -1.078937E-08   -3.236452E-06   -7.472285E-05    7.737778E-03    2.035494E-02    5.079267E-02
   -1.105029E-08   -3.314709E-06   -7.652538E-05    7.883904E-03    2.113186E-02    5.323055E-02
   -1.132616E-08   -3.397453E-06   -7.843126E-05    8.037193E-03    2.192293E-02    5.524945E-02
   -1.161780E-08   -3.484926E-06   -8.044610E-05    8.197951E-03    2.272849E-02    5.681653E-02
   -1.192605E-08   -3.577383E-06   -8.257574E-05    8.366479E-03    2.354879E-02    5.790065E-02
   -1.225180E-08   -3.675086E-06   -8.482620E-05    8.543077E-03    2.438398E-02    5.847266E-02
   -1.259595E-08   -3.778308E-06   -8.720376E-05    8.728041E-03    2.523408E-02    5.850583E-02
   -1.295944E-08   -3.887333E-06   -8.971496E-05    8.921668E-03    2.609902E-02    5.797627E-02
   -1.334327E-08   -4.002457E-06   -9.236663E-05    9.124253E-03    2.697857E-02    5.686333E-02
   -1.374848E-08   -4.123992E-06   -9.516591E-05    9.336092E-03    2.787238E-02    5.515011E-02
   -1.417613E-08   -4.252261E-06   -9.812024E-05    9.557479E-03    2.877993E-02    5.282396E-02
   -1.462738E-08   -4.387605E-06   -1.012375E-04    9.788710E-03    2.970056E-02    4.987694E-02
   -1.510340E-08   -4.530381E-06   -1.045258E-04    1.003008E-02    3.063343E-02    4.630637E-02
   -1.560545E-08   -4.680963E-06   -1.079938E-04    1.028190E-02    3.157750E-02    4.211534E-02
   -1.613484E-08   -4.839744E-06   -1.116505E-04    1.054445E-02    3.253155E-02    3.731318E-02
   -1.669294E-08   -5.007137E-06   -1.155054E-04    1.081804E-02    3.349415E-02    3.191596E-02
   -1.728121E-08   -5.183577E-06   -1.195686E-04    1.110296E-02    3.446363E-02    2.594692E-02
   -1.790116E-08   -5.369520E-06   -1.238505E-04    1.139953E-02    3.543811E-02    1.943686E-02
   -1.855439E-08   -5.565446E-06   -1.283620E-04    1.170803E-02    3.641545E-02    1.242448E-02
   -1.924259E-08   -5.771858E-06   -1.331149E-04    1.202877E-02    3.739323E-02    4.956636E-03
   -1.996753E-08   -5.989287E-06   -1.381213E-04    1.236205E-02    3.836876E-02   -2.911497E-03
   -2.073105E-08   -6.218290E-06   -1.433939E-04    1.270815E-02    3.933906E-02   -1.111634E-02
   -2.153511E-08   -6.459451E-06   -1.489462E-04    1.306737E-02    4.030082E-02   -1.958599E-02
   -2.238175E-08   -6.713384E-06   -1.547924E-04    1.343998E-02    4.125042E-02   -2.824035E-02
   -2.327313E-08   -6.980733E-06   -1.609471E-04    1.382628E-02    4.218386E-02   -3.699151E-02
   -2.421148E-08   -7.262172E-06   -1.674259E-04    1.422651E-02    4.309682E-02   -4.574421E-02
   -2.519917E-08   -7.558408E-06   -1.742450E-04    1.464093E-02    4.398455E-02   -5.439649E-02
   -2.623867E-08   -7.870180E-06   -1.814214E-04    1.506979E-02    4.484193E-02   -6.284053E-02
   -2.733255E-08   -8.198261E-06   -1.889729E-04    1.551330E-02    4.566340E-02   -7.096367E-02
   -2.848349E-08   -8.543459E-06   -1.969179E-04    1.597166E-02    4.644298E-02   -7.864964E-02
   -2.969432E-08   -8.906615E-06   -2.052759E-04    1.644504E-02    4.717425E-02   -8.577994E-02
   -3.096795E-08   -9.288607E-06   -2.140669E-04    1.693360E-02    4.785030E-02   -9.223548E-02
   -3.230742E-08   -9.690347E-06   -2.233118E-04    1.743744E-02    4.846376E-02   -9.789835E-02
   -3.371591E-08   -1.011278E-05   -2.330326E-04    1.795665E-02    4.900677E-02   -1.026538E-01
   -3.519668E-08   -1.055690E-05   -2.432516E-04    1.849125E-02    4.947098E-02   -1.063922E-01
   -3.675314E-08   -1.102371E-05   -2.539924E-04    1.904124E-02    4.984753E-02   -1.090117E-01
   -3.838880E-08   -1.151428E-05   -2.652790E-04    1.960656E-02    5.012707E-02   -1.104201E-01
   -4.010728E-08   -1.202969E-05   -2.771365E-04    2.018708E-02    5.029976E-02   -1.105376E-01
   -4.191234E-08   -1.257106E-05   -2.895905E-04    2.078262E-02    5.035526E-02   -1.092989E-01
   -4.380781E-08   -1.313954E-05   -3.026676E-04    2.139294E-02    5.028276E-02   -1.066562E-01
   -4.579765E-08   -1.373633E-05   -3.163949E-04    2.201770E-02    5.007098E-02   -1.025807E-01
   -4.788590E-08   -1.436263E-05   -3.308001E-04    2.265650E-02    4.970824E-02   -9.706550E-02
   -5.007671E-08   -1.501969E-05   -3.459119E-04    2.330885E-02    4.918243E-02   -9.012700E-02
   -5.237430E-08   -1.570877E-05   -3.617592E-04    2.397416E-02    4.848110E-02   -8.180677E-02
   -5.478296E-08   -1.643116E-05   -3.783715E-04    2.465173E-02    4.759149E-02   -7.217267E-02
   -5.730706E-08   -1.718817E-05   -3.957788E-04    2.534079E-02    4.650060E-02   -6.131968E-02
   -5.995104E-08   -1.798113E-05   -4.140116E-04    2.604042E-02    4.519522E-02   -4.937008E-02
   -6.271935E-08   -1.881138E-05   -4.331005E-04    2.674960E-02    4.366206E-02   -3.647307E-02
   -6.561650E-08   -1.968026E-05   -4.530764E-04    2.746718E-02    4.188780E-02   -2.280376E-02
   -6.864703E-08   -2.058915E-05   -4.739703E-04    2.819189E-02    3.985918E-02   -8.561329E-03
   -7.181546E-08   -2.153938E-05   -4.958135E-04    2.892232E-02    3.756314E-02    6.033439E-03
   -7.512632E-08   -2.253234E-05   -5.186370E-04    2.965692E-02    3.498691E-02    2.074150E-02
   -7.858413E-08   -2.356936E-05   -5.424716E-04    3.039400E-02    3.211815E-02    3.530960E-02
   -8.219336E-08   -2.465179E-05   -5.673481E-04    3.113172E-02    2.894506E-02    4.947508E-02
   -8.595844E-08   -2.578095E-05   -5.932968E-04    3.186811E-02    2.545658E-02    6.297131E-02
   -8.988373E-08   -2.695816E-05   -6.203475E-04    3.260102E-02    2.164245E-02    7.553378E-02
   -9.397351E-08   -2.818469E-05   -6.485294E-04    3.332817E-02    1.749347E-02    8.690657E-02
   -9.823195E-08   -2.946180E-05   -6.778711E-04    3.404713E-02    1.300161E-02    9.684912E-02
   -1.026631E-07   -3.079071E-05   -7.084005E-04    3.475530E-02    8.160154E-03    1.051432E-01
   -1.072709E-07   -3.217260E-05   -7.401443E-04    3.544996E-02    2.963948E-03    1.115997E-01
   -1.120592E-07   -3.360860E-05   -7.731283E-04    3.612821E-02   -2.590489E-03    1.160652E-01
   -1.170316E-07   -3.509980E-05   -8.073775E-04    3.678704E-02   -8.504768E-03    1.184278E-01
   -1.221915E-07   -3.664723E-05   -8.429151E-04    3.742328E-02   -1.477846E-02    1.186226E-01
   -1.275422E-07   -3.825188E-05   -8.797634E-04    3.803363E-02   -2.140893E-02    1.166352E-01
   -1.330868E-07   -3.991466E-05   -9.179432E-04    3.861468E-02   -2.839120E-02    1.125053E-01
   -1.388281E-07   -4.163643E-05   -9.574737E-04    3.916289E-02   -3.571774E-02    1.063275E-01
   -1.447687E-07   -4.341797E-05   -9.983728E-04    3.967461E-02   -4.337840E-02    9.825140E-02
   -1.509110E-07   -4.525999E-05   -1.040656E-03    4.014610E-02   -5.136026E-02    8.847922E-02
   -1.572573E-07   -4.716315E-05   -1.084339E-03    4.057353E-02   -5.964750E-02    7.726232E-02
   -1.638093E-07   -4.912802E-05   -1.129434E-03    4.095299E-02   -6.822134E-02    6.489532E-02
   -1.705687E-07   -5.115508E-05   -1.175951E-03    4.128050E-02   -7.705999E-02    5.170884E-02
   -1.775369E-07   -5.324475E-05   -1.223899E-03    4.155206E-02   -8.613855E-02    3.806048E-02
   -1.847151E-07   -5.539736E-05   -1.273287E-03    4.176360E-02   -9.542905E-02    2.432460E-02
   -1.921041E-07   -5.761319E-05   -1.324120E-03    4.191105E-02   -1.049005E-01    1.088093E-02
   -1.997045E-07   -5.989240E-05   -1.376401E-03    4.199032E-02   -1.145187E-01   -1.897364E-03
   -2.075167E-07   -6.223509E-05   -1.430132E-03    4.199734E-02   -1.242467E-01   -1.365599E-02
   -2.155407E-07   -6.464130E-05   -1.485313E-03    4.192807E-02   -1.340445E-01   -2.407153E-02
   -2.237763E-07   -6.711098E-05   -1.541943E-03    4.177850E-02   -1.438696E-01   -3.286275E-02
   -2.322233E-07   -6.964399E-05   -1.600018E-03    4.154467E-02   -1.536768E-01   -3.980084E-02
   -2.408808E-07   -7.224015E-05   -1.659533E-03    4.122273E-02   -1.634186E-01   -4.471788E-02
   -2.497481E-07   -7.489918E-05   -1.720482E-03    4.080889E-02   -1.730454E-01   -4.751339E-02
   -2.588240E-07   -7.762077E-05   -1.782857E-03    4.029947E-02   -1.825056E-01   -4.815840E-02
   -2.681073E-07   -8.040451E-05   -1.846647E-03    3.969092E-02   -1.917464E-01   -4.669696E-02
   -2.775963E-07   -8.324995E-05   -1.911843E-03    3.897983E-02   -2.007135E-01   -4.324477E-02
   -2.872895E-07   -8.615658E-05   -1.978431E-03    3.816295E-02   -2.093519E-01   -3.798513E-02
   -2.971850E-07   -8.912385E-05   -2.046399E-03    3.723718E-02   -2.176061E-01   -3.116196E-02
   -3.072807E-07   -9.215114E-05   -2.115731E-03    3.619960E-02   -2.254205E-01   -2.307056E-02
   -3.175745E-07   -9.523780E-05   -2.186413E-03    3.504752E-02   -2.327399E-01   -1.404597E-02
   -3.280640E-07   -9.838315E-05   -2.258427E-03    3.377843E-02   -2.395099E-01   -4.449827E-03
   -3.387469E-07   -1.015864E-04   -2.331757E-03    3.239004E-02   -2.456774E-01    5.344056E-03
   -3.496206E-07   -1.048469E-04   -2.406384E-03    3.088031E-02   -2.511910E-01    1.496460E-02
   -3.606825E-07   -1.081638E-04   -2.482289E-03    2.924743E-02   -2.560013E-01    2.405825E-02
   -3.719299E-07   -1.115363E-04   -2.559455E-03    2.748984E-02   -2.600618E-01    3.230301E-02
   -3.833601E-07   -1.149636E-04   -2.637860E-03    2.560624E-02   -2.633291E-01    3.942101E-02
   -3.949703E-07   -1.184448E-04   -2.717486E-03    2.359563E-02   -2.657631E-01    4.518911E-02
   -4.067577E-07   -1.219792E-04   -2.798312E-03    2.145723E-02   -2.673280E-01    4.944694E-02
   -4.187193E-07   -1.255657E-04   -2.880317E-03    1.919059E-02   -2.679922E-01    5.210219E-02
   -4.308524E-07   -1.292036E-04   -2.963482E-03    1.679553E-02   -2.677290E-01    5.313263E-02
   -4.431542E-07   -1.328921E-04   -3.047786E-03    1.427216E-02   -2.665169E-01    5.258505E-02
   -4.556217E-07   -1.366302E-04   -3.133210E-03    1.162088E-02   -2.643399E-01    5.057107E-02
   -4.682522E-07   -1.404172E-04   -3.219732E-03    8.842398E-03   -2.611878E-01    4.725998E-02
   -4.810429E-07   -1.442522E-04   -3.307333E-03    5.937718E-03   -2.570564E-01    4.286920E-02
   -4.939911E-07   -1.481343E-04   -3.395995E-03    2.908143E-03   -2.519479E-01    3.765261E-02
   -5.070941E-07   -1.520629E-04   -3.485697E-03   -2.447249E-04   -2.458711E-01    3.188754E-02
   -5.203494E-07   -1.560370E-04   -3.576422E-03   -3.518982E-03   -2.388411E-01    2.586106E-02
   -5.337543E-07   -1.600560E-04   -3.668150E-03   -6.912427E-03   -2.308799E-01    1.985612E-02
   -5.473065E-07   -1.641191E-04   -3.760865E-03   -1.042256E-02   -2.220161E-01    1.413847E-02
   -5.610036E-07   -1.682256E-04   -3.854550E-03   -1.404660E-02   -2.122851E-01    8.944799E-03
   -5.748433E-07   -1.723748E-04   -3.949188E-03   -1.778145E-02   -2.017286E-01    4.472729E-03
   -5.888234E-07   -1.765661E-04   -4.044762E-03   -2.162375E-02   -1.903949E-01    8.731637E-04
   -6.029418E-07   -1.807987E-04   -4.141259E-03   -2.556986E-02   -1.783387E-01   -1.754790E-03
   -6.171965E-07   -1.850722E-04   -4.238664E-03   -2.961584E-02   -1.656204E-01   -3.366096E-03
   -6.315855E-07   -1.893860E-04   -4.336962E-03   -3.375750E-02   -1.523060E-01   -3.969271E-03
   -6.461072E-07   -1.937394E-04   -4.436140E-03   -3.799037E-02   -1.384672E-01   -3.623222E-03
   -6.607597E-07   -1.981320E-04   -4.536186E-03   -4.230974E-02   -1.241801E-01   -2.431700E-03
   -6.755415E-07   -2.025633E-04   -4.637089E-03   -4.671062E-02   -1.095256E-01   -5.357892E-04
   -6.904510E-07   -2.070329E-04   -4.738836E-03   -5.118781E-02   -9.458831E-02    1.895109E-03
   -7.054869E-07   -2.115403E-04   -4.841418E-03   -5.573585E-02   -7.945615E-02    4.673232E-03
   -7.206478E-07   -2.160851E-04   -4.944824E-03   -6.034905E-02   -6.421988E-02    7.602807E-03
   -7.359325E-07   -2.206670E-04   -5.049046E-03   -6.502151E-02   -4.897237E-02    1.049024E-02
   -7.513399E-07   -2.252856E-04   -5.154074E-03   -6.974712E-02   -3.380795E-02    1.315363E-02
   -7.668689E-07   -2.299406E-04   -5.259902E-03   -7.451954E-02   -1.882172E-02    1.543118E-02
   -7.825186E-07   -2.346317E-04   -5.366521E-03   -7.933227E-02   -4.108876E-03    1.718820E-02
   -7.982881E-07   -2.393587E-04   -5.473924E-03   -8.417862E-02    1.023606E-02    1.832235E-02
   -8.141766E-07   -2.441213E-04   -5.582106E-03   -8.905170E-02    2.411990E-02    1.876718E-02
   -8.301834E-07   -2.489193E-04   -5.691060E-03   -9.394450E-02    3.745160E-02    1.849375E-02
   -8.463078E-07   -2.537524E-04   -5.800782E-03   -9.884981E-02    5.014292E-02    1.751057E-02
   -8.625493E-07   -2.586206E-04   -5.911266E-03   -1.037603E-01    6.210919E-02    1.586189E-02
   -8.789074E-07   -2.635237E-04   -6.022509E-03   -1.086685E-01    7.326998E-02    1.362467E-02
   -8.953816E-07   -2.684616E-04   -6.134505E-03   -1.135669E-01    8.354981E-02    1.090437E-02
   -9.119716E-07   -2.734340E-04   -6.247253E-03   -1.184478E-01    9.287880E-02    7.829872E-03
   -9.286770E-07   -2.784410E-04   -6.360748E-03   -1.233033E-01    1.011933E-01    4.547835E-03
   -9.454975E-07   -2.834824E-04   -6.474987E-03   -1.281256E-01    1.084363E-01    1.216599E-03
   -9.624329E-07   -2.885582E-04   -6.589970E-03   -1.329069E-01    1.145585E-01   -2.000071E-03
   -9.794832E-07   -2.936683E-04   -6.705692E-03   -1.376390E-01    1.195179E-01   -4.939282E-03
   -9.966480E-07   -2.988127E-04   -6.822153E-03   -1.423140E-01    1.232811E-01   -7.445222E-03
   -1.013927E-06   -3.039914E-04   -6.939351E-03   -1.469238E-01    1.258233E-01   -9.375187E-03
   -1.031321E-06   -3.092043E-04   -7.057284E-03   -1.514604E-01    1.271283E-01   -1.060533E-02
   -1.048830E-06   -3.144514E-04   -7.175952E-03   -1.559156E-01    1.271893E-01   -1.103605E-02
   -1.066453E-06   -3.197328E-04   -7.295354E-03   -1.602814E-01    1.260088E-01   -1.059690E-02
   -1.084190E-06   -3.250484E-04   -7.415490E-03   -1.645497E-01    1.235984E-01   -9.250937E-03
   -1.102042E-06   -3.303983E-04   -7.536358E-03   -1.687127E-01    1.199792E-01   -6.998197E-03
   -1.120009E-06   -3.357826E-04   -7.657959E-03   -1.727623E-01    1.151818E-01   -3.878243E-03
   -1.138091E-06   -3.412012E-04   -7.780293E-03   -1.766906E-01    1.092455E-01    2.857888E-05
   -1.156288E-06   -3.466543E-04   -7.903360E-03   -1.804900E-01    1.022189E-01    4.601395E-03
   -1.174601E-06   -3.521418E-04   -8.027160E-03   -1.841528E-01    9.415868E-02    9.680830E-03
   -1.193029E-06   -3.576638E-04   -8.151695E-03   -1.876714E-01    8.513013E-02    1.507302E-02
   -1.211573E-06   -3.632205E-04   -8.276964E-03   -1.910384E-01    7.520598E-02    2.055573E-02
   -1.230233E-06   -3.688119E-04   -8.402968E-03   -1.942467E-01    6.446611E-02    2.588664E-02
   -1.249009E-06   -3.744381E-04   -8.529708E-03   -1.972890E-01    5.299695E-02    3.081360E-02
   -1.267902E-06   -3.800992E-04   -8.657186E-03   -2.001585E-01    4.089070E-02    3.508661E-02
   -1.286913E-06   -3.857952E-04   -8.785402E-03   -2.028486E-01    2.824467E-02    3.847111E-02
   -1.306040E-06   -3.915263E-04   -8.914357E-03   -2.053528E-01    1.516043E-02    4.076175E-02
   -1.325285E-06   -3.972926E-04   -9.044054E-03   -2.076648E-01    1.742953E-03    4.179603E-02
   -1.344649E-06   -4.030942E-04   -9.174493E-03   -2.097786E-01   -1.190023E-02    4.146682E-02
   -1.364131E-06   -4.089312E-04   -9.305675E-03   -2.116886E-01   -2.565999E-02    3.973274E-02
   -1.383732E-06   -4.148038E-04   -9.437603E-03   -2.133893E-01   -3.942652E-02    3.662549E-02
   -1.403452E-06   -4.207119E-04   -9.570278E-03   -2.148755E-01   -5.309034E-02    3.225335E-02
   -1.423292E-06   -4.266559E-04   -9.703702E-03   -2.161425E-01   -6.654320E-02    2.680002E-02
   -1.443253E-06   -4.326358E-04   -9.837876E-03   -2.171857E-01   -7.967912E-02    2.051851E-02
   -1.463334E-06   -4.386518E-04   -9.972803E-03   -2.180010E-01   -9.239529E-02    1.372000E-02
   -1.483536E-06   -4.447039E-04   -1.010848E-02   -2.185845E-01   -1.045930E-01    6.757940E-03
   -1.503860E-06   -4.507923E-04   -1.024492E-02   -2.189329E-01   -1.161787E-01    8.065776E-06
   -1.524306E-06   -4.569173E-04   -1.038212E-02   -2.190430E-01   -1.270644E-01   -6.154516E-03
   -1.544874E-06   -4.630788E-04   -1.052007E-02   -2.189123E-01   -1.371693E-01   -1.137979E-02
   -1.565566E-06   -4.692771E-04   -1.065879E-02   -2.185384E-01   -1.464196E-01   -1.536715E-02
   -1.586382E-06   -4.755124E-04   -1.079827E-02   -2.179196E-01   -1.547500E-01   -1.788778E-02
   -1.607321E-06   -4.817847E-04   -1.093852E-02   -2.170543E-01   -1.621036E-01   -1.880319E-02
   -1.628386E-06   -4.880942E-04   -1.107954E-02   -2.159418E-01   -1.684332E-01   -1.807835E-02
   -1.649575E-06   -4.944412E-04   -1.122133E-02   -2.145813E-01   -1.737010E-01   -1.578793E-02
   -1.670891E-06   -5.008257E-04   -1.136390E-02   -2.129729E-01   -1.778794E-01   -1.211475E-02
   -1.692332E-06   -5.072479E-04   -1.150724E-02   -2.111171E-01   -1.809512E-01   -7.340049E-03
   -1.713901E-06   -5.137080E-04   -1.165136E-02   -2.090145E-01   -1.829096E-01   -1.825910E-03
   -1.735597E-06   -5.202062E-04   -1.179626E-02   -2.066667E-01   -1.837584E-01    4.009427E-03
   -1.757421E-06   -5.267425E-04   -1.194194E-02   -2.040754E-01   -1.835119E-01    9.721614E-03
   -1.779374E-06   -5.333173E-04   -1.208841E-02   -2.012430E-01   -1.821945E-01    1.487361E-02
   -1.801457E-06   -5.399307E-04   -1.223567E-02   -1.981723E-01   -1.798409E-01    1.906987E-02
   -1.823669E-06   -5.465828E-04   -1.238371E-02   -1.948666E-01   -1.764951E-01    2.198870E-02
   -1.922731E-06   -5.762485E-04   -1.304306E-02   -1.776814E-01   -1.515902E-01    1.682678E-02
   -2.024361E-06   -6.066801E-04   -1.371793E-02   -1.564910E-01   -1.150212E-01   -4.315499E-03
   -2.128614E-06   -6.378938E-04   -1.440853E-02   -1.319096E-01   -7.476886E-02   -6.942570E-03
   -2.235547E-06   -6.699067E-04   -1.511512E-02   -1.047179E-01   -3.896504E-02    1.872339E-02
   -2.345218E-06   -7.027359E-04   -1.583793E-02   -7.584103E-02   -1.421263E-02    3.901988E-02
   -2.457690E-06   -7.363996E-04   -1.657720E-02   -4.631850E-02   -4.251629E-03    2.266468E-02
   -2.573025E-06   -7.709163E-04   -1.733318E-02   -1.726558E-02   -9.279599E-03   -1.213282E-02
   -2.691288E-06   -8.063050E-04   -1.810613E-02    1.017250E-02   -2.609055E-02   -2.170341E-02
   -2.812546E-06   -8.425854E-04   -1.889629E-02    3.487186E-02   -4.899946E-02    1.256945E-03
   -2.936866E-06   -8.797775E-04   -1.970393E-02    5.578475E-02   -7.132089E-02    2.118810E-02
   -3.064321E-06   -9.179021E-04   -2.052929E-02    7.199508E-02   -8.702398E-02    1.512656E-02
   -3.194981E-06   -9.569803E-04   -2.137265E-02    8.277177E-02   -9.213837E-02    1.643885E-03
   -3.328921E-06   -9.970339E-04   -2.223424E-02    8.761664E-02   -8.555691E-02    4.677210E-03
   -3.466217E-06   -1.038085E-03   -2.311433E-02    8.630337E-02   -6.905680E-02    1.724745E-02
   -3.606946E-06   -1.080157E-03   -2.401317E-02    7.890442E-02   -4.659138E-02    1.697999E-02
   -3.751188E-06   -1.123272E-03   -2.493103E-02    6.580296E-02   -2.311669E-02   -2.624043E-04
   -3.899025E-06   -1.167455E-03   -2.586815E-02    4.768745E-02   -3.338447E-03   -1.489699E-02
   -4.050541E-06   -1.212729E-03   -2.682478E-02    2.552776E-02    9.249210E-03   -6.611119E-03
   -4.205821E-06   -1.259121E-03   -2.780117E-02    5.321372E-04    1.280960E-02    1.737771E-02
   -4.364953E-06   -1.306656E-03   -2.879757E-02   -2.591366E-02    7.094039E-03    2.452821E-02
   -4.528027E-06   -1.355359E-03   -2.981422E-02   -5.232292E-02   -6.935902E-03    4.857742E-03
   -4.695133E-06   -1.405258E-03   -3.085135E-02   -7.719629E-02   -2.749278E-02   -6.381843E-03
   -4.866367E-06   -1.456380E-03   -3.190920E-02   -9.911687E-02   -5.212195E-02    8.957761E-03
   -5.041825E-06   -1.508752E-03   -3.298799E-02   -1.168458E-01   -7.761355E-02    1.272780E-02
   -5.221604E-06   -1.562405E-03   -3.408795E-02   -1.294112E-01   -9.989779E-02   -1.060590E-02
   -5.405806E-06   -1.617365E-03   -3.520929E-02   -1.361840E-01   -1.142992E-01   -1.214614E-02
   -5.594533E-06   -1.673665E-03   -3.635222E-02   -1.369322E-01   -1.164457E-01    1.946763E-02
   -5.787891E-06   -1.731333E-03   -3.751693E-02   -1.318490E-01   -1.037991E-01    2.506352E-02
   -5.985988E-06   -1.790401E-03   -3.870362E-02   -1.215495E-01   -7.731575E-02   -3.374159E-03
   -6.188932E-06   -1.850902E-03   -3.991247E-02   -1.070343E-01   -4.238869E-02   -8.967084E-03
   -6.396838E-06   -1.912867E-03   -4.114365E-02   -8.961900E-02   -8.229778E-03    7.725171E-03
   -6.609820E-06   -1.976330E-03   -4.239731E-02   -7.083518E-02    1.465084E-02    3.775713E-03
   -6.827997E-06   -2.041325E-03   -4.367362E-02   -5.230736E-02    1.832065E-02   -6.810744E-03
   -7.051487E-06   -2.107886E-03   -4.497270E-02   -3.561635E-02    1.198460E-03    5.388400E-03
   -7.280415E-06   -2.176049E-03   -4.629467E-02   -2.216019E-02   -3.015302E-02    1.862047E-02
   -7.514907E-06   -2.245851E-03   -4.763965E-02   -1.302573E-02   -6.262645E-02    6.456667E-03
   -7.755091E-06   -2.317327E-03   -4.900772E-02   -8.883898E-03   -8.159413E-02   -1.224604E-02
   -8.001098E-06   -2.390516E-03   -5.039897E-02   -9.920770E-03   -7.759874E-02   -4.453813E-03
   -8.253064E-06   -2.465456E-03   -5.181344E-02   -1.581361E-02   -5.163847E-02    1.178263E-02
   -8.511126E-06   -2.542187E-03   -5.325119E-02   -2.575743E-02   -1.601676E-02    1.266883E-03
   -8.775424E-06   -2.620748E-03   -5.471224E-02   -3.854225E-02    1.053166E-02   -1.492899E-03
   -9.046102E-06   -2.701181E-03   -5.619657E-02   -5.267590E-02    1.185397E-02    1.629148E-02
   -9.323308E-06   -2.783528E-03   -5.770418E-02   -6.654119E-02   -1.666578E-02   -1.030163E-03
   -9.607191E-06   -2.867831E-03   -5.923501E-02   -7.857158E-02   -6.415987E-02   -1.806800E-02
   -9.897904E-06   -2.954134E-03   -6.078900E-02   -8.742583E-02   -1.083112E-01    9.175923E-03
   -1.019561E-05   -3.042481E-03   -6.236606E-02   -9.214080E-02   -1.262331E-01    1.098003E-02
   -1.050046E-05   -3.132918E-03   -6.396605E-02   -9.224248E-02   -1.068860E-01   -5.406090E-03
   -1.081262E-05   -3.225491E-03   -6.558884E-02   -8.779973E-02   -5.804610E-02    6.682997E-03
   -1.113226E-05   -3.320248E-03   -6.723425E-02   -7.941122E-02   -3.174605E-03    1.436482E-03
   -1.145955E-05   -3.417236E-03   -6.890205E-02   -6.812490E-02    3.090689E-02   -1.231392E-02
   -1.179467E-05   -3.516505E-03   -7.059202E-02   -5.529854E-02    2.889150E-02    3.340084E-03
   -1.213779E-05   -3.618105E-03   -7.230386E-02   -4.241899E-02   -4.430098E-03    1.280206E-02
   -1.248911E-05   -3.722088E-03   -7.403728E-02   -3.090496E-02   -4.744383E-02   -3.513087E-03
   -1.284879E-05   -3.828506E-03   -7.579192E-02   -2.192203E-02   -7.516490E-02   -4.434205E-03
   -1.321705E-05   -3.937412E-03   -7.756739E-02   -1.623832E-02   -7.448301E-02    3.955816E-03
   -1.359406E-05   -4.048860E-03   -7.936326E-02   -1.414393E-02   -5.134884E-02   -9.691608E-03
   -1.398004E-05   -4.162906E-03   -8.117905E-02   -1.544772E-02   -2.530494E-02    6.966822E-03
   -1.437518E-05   -4.279608E-03   -8.301426E-02   -1.955228E-02   -1.542863E-02    1.005539E-02
   -1.477970E-05   -4.399022E-03   -8.486832E-02   -2.559337E-02   -2.767211E-02   -1.498645E-02
   -1.519380E-05   -4.521207E-03   -8.674062E-02   -3.261788E-02   -5.224253E-02    3.431643E-03
   -1.561771E-05   -4.646224E-03   -8.863051E-02   -3.976494E-02   -7.195510E-02   -1.927628E-03
   -1.605165E-05   -4.774134E-03   -9.053726E-02   -4.641296E-02   -7.442757E-02   -1.553001E-03
   -1.649584E-05   -4.905000E-03   -9.246013E-02   -5.226038E-02   -5.899307E-02    9.417581E-03
   -1.695051E-05   -5.038884E-03   -9.439828E-02   -5.732100E-02   -3.460628E-02   -1.036539E-02
   -1.741592E-05   -5.175853E-03   -9.635085E-02   -6.183379E-02   -1.264020E-02   -4.959907E-03
   -1.789229E-05   -5.315972E-03   -9.831690E-02   -6.610777E-02   -1.310489E-03    5.848010E-03
   -1.837988E-05   -5.459309E-03   -1.002954E-01   -7.034164E-02   -4.485745E-03   -4.244130E-03
   -1.887893E-05   -5.605933E-03   -1.022854E-01   -7.446884E-02   -2.199358E-02    3.791166E-03
   -1.938972E-05   -5.755914E-03   -1.042856E-01   -7.807849E-02   -4.813013E-02   -7.944007E-03
   -1.991250E-05   -5.909323E-03   -1.062950E-01   -8.044868E-02   -7.046622E-02   -6.018453E-03
   -2.044755E-05   -6.066234E-03   -1.083122E-01   -8.070213E-02   -7.471876E-02    9.707221E-03
   -2.099514E-05   -6.226721E-03   -1.103360E-01   -7.806057E-02   -5.627997E-02   -9.748998E-03
   -2.155555E-05   -6.390858E-03   -1.123649E-01   -7.213984E-02   -2.851243E-02    3.264613E-03
   -2.212908E-05   -6.558725E-03   -1.143974E-01   -6.320395E-02   -1.542031E-02   -1.181971E-02
   -2.271602E-05   -6.730398E-03   -1.164320E-01   -5.229077E-02   -2.988077E-02    4.872333E-03
   -2.331666E-05   -6.905959E-03   -1.184671E-01   -4.114134E-02   -5.738719E-02   -3.476782E-04
   -2.393133E-05   -7.085489E-03   -1.205009E-01   -3.190820E-02   -6.630598E-02   -8.451887E-03
   -2.456033E-05   -7.269071E-03   -1.225317E-01   -2.667877E-02   -4.042461E-02   -4.473878E-04
   -2.520399E-05   -7.456789E-03   -1.245577E-01   -2.691319E-02   -1.106001E-03   -6.453303E-03
   -2.586264E-05   -7.648730E-03   -1.265767E-01   -3.294373E-02    9.872437E-03    6.882404E-03
   -2.653661E-05   -7.844982E-03   -1.285869E-01   -4.369601E-02   -2.518183E-02   -1.385950E-02
   -2.722624E-05   -8.045634E-03   -1.305860E-01   -5.675976E-02   -7.600154E-02    1.906889E-03
   -2.793189E-05   -8.250777E-03   -1.325718E-01   -6.885682E-02   -9.297193E-02   -6.724876E-03
   -2.865392E-05   -8.460503E-03   -1.345422E-01   -7.664179E-02   -6.101123E-02    3.866009E-03
   -2.939270E-05   -8.674908E-03   -1.364945E-01   -7.765462E-02   -1.691313E-02   -1.198201E-02
   -3.014859E-05   -8.894087E-03   -1.384265E-01   -7.116057E-02   -6.981025E-03   -8.049964E-04
   -3.092199E-05   -9.118137E-03   -1.403354E-01   -5.859721E-02   -3.399359E-02   -2.265435E-03
   -3.171328E-05   -9.347159E-03   -1.422187E-01   -4.342034E-02   -5.798609E-02   -3.774413E-03
   -3.252286E-05   -9.581253E-03   -1.440736E-01   -3.029660E-02   -4.862258E-02   -7.317730E-03
   -3.335115E-05   -9.820523E-03   -1.458971E-01   -2.379561E-02   -2.141796E-02   -2.497980E-03
   -3.419856E-05   -1.006507E-02   -1.476865E-01   -2.692805E-02   -1.343627E-02   -2.402964E-03
   -3.506552E-05   -1.031501E-02   -1.494386E-01   -3.998880E-02   -3.516356E-02   -5.343536E-03
   -3.595246E-05   -1.057044E-02   -1.511504E-01   -6.013862E-02   -6.201238E-02   -9.128971E-03
   -3.685983E-05   -1.083148E-02   -1.528187E-01   -8.197427E-02   -6.836198E-02    3.714673E-03
   -3.778809E-05   -1.109823E-02   -1.544401E-01   -9.903096E-02   -5.283515E-02   -1.110902E-02
   -3.873770E-05   -1.137082E-02   -1.560113E-01   -1.058207E-01   -3.029953E-02   -2.663902E-03
   -3.970915E-05   -1.164935E-02   -1.575289E-01   -9.975691E-02   -1.639794E-02   -6.491577E-03
   -4.070290E-05   -1.193395E-02   -1.589893E-01   -8.226396E-02   -2.184772E-02    1.491458E-04
   -4.171947E-05   -1.222473E-02   -1.603889E-01   -5.857290E-02   -4.300504E-02   -1.385143E-02
   -4.275936E-05   -1.252182E-02   -1.617242E-01   -3.613669E-02   -5.578959E-02    2.200063E-03
   -4.382308E-05   -1.282534E-02   -1.629912E-01   -2.211618E-02   -4.242371E-02   -7.393383E-03
   -4.491118E-05   -1.313541E-02   -1.641864E-01   -2.080576E-02   -2.536368E-02   -9.033181E-03
   -4.602418E-05   -1.345217E-02   -1.653057E-01   -3.198978E-02   -3.989202E-02   -4.090750E-04
   -4.716265E-05   -1.377574E-02   -1.663454E-01   -5.095115E-02   -6.932680E-02   -8.940190E-03
   -4.832715E-05   -1.410625E-02   -1.673015E-01   -7.024673E-02   -5.980415E-02   -4.538829E-03
   -4.951826E-05   -1.444384E-02   -1.681700E-01   -8.263453E-02   -1.424342E-02   -8.167392E-03
   -5.073657E-05   -1.478864E-02   -1.689469E-01   -8.399246E-02   -2.095958E-03   -2.118724E-03
   -5.198269E-05   -1.514079E-02   -1.696283E-01   -7.497965E-02   -4.428512E-02   -8.059031E-03
   -5.325722E-05   -1.550042E-02   -1.702101E-01   -6.066027E-02   -7.172075E-02   -9.861440E-03
   -5.456081E-05   -1.586769E-02   -1.706883E-01   -4.818458E-02   -4.554993E-02    2.373777E-04
   -5.589409E-05   -1.624273E-02   -1.710590E-01   -4.352946E-02   -2.323429E-02   -1.036007E-02
   -5.725772E-05   -1.662569E-02   -1.713182E-01   -4.879897E-02   -4.540160E-02   -7.162558E-03
   -5.865238E-05   -1.701671E-02   -1.714619E-01   -6.137898E-02   -6.228523E-02   -3.454099E-03
   -6.007876E-05   -1.741595E-02   -1.714863E-01   -7.536716E-02   -3.730581E-02   -1.144715E-02
   -6.153755E-05   -1.782356E-02   -1.713877E-01   -8.455559E-02   -1.502643E-02   -3.794378E-03
   -6.302948E-05   -1.823968E-02   -1.711622E-01   -8.542495E-02   -3.085611E-02   -4.587245E-03
   -6.455527E-05   -1.866448E-02   -1.708063E-01   -7.859354E-02   -5.572754E-02   -1.125509E-02
   -6.611568E-05   -1.909811E-02   -1.703165E-01   -6.801949E-02   -5.896330E-02   -7.911276E-03
   -6.771148E-05   -1.954073E-02   -1.696894E-01   -5.853715E-02   -4.422813E-02   -5.018497E-03
   -6.934344E-05   -1.999250E-02   -1.689219E-01   -5.326748E-02   -3.117180E-02   -6.259830E-03
   -7.101236E-05   -2.045359E-02   -1.680109E-01   -5.245773E-02   -3.858546E-02   -1.098950E-02
   -7.271907E-05   -2.092415E-02   -1.669536E-01   -5.431353E-02   -4.986665E-02   -3.834105E-03
   -7.446439E-05   -2.140436E-02   -1.657475E-01   -5.700043E-02   -3.331130E-02   -5.717557E-03
   -7.624918E-05   -2.189438E-02   -1.643901E-01   -6.016996E-02   -2.471299E-02   -1.536243E-02
   -7.807432E-05   -2.239439E-02   -1.628793E-01   -6.476231E-02   -6.011763E-02   -6.587151E-03
   -7.994069E-05   -2.290455E-02   -1.612135E-01   -7.126675E-02   -6.921614E-02   -5.752123E-03
   -8.184919E-05   -2.342503E-02   -1.593910E-01   -7.804560E-02   -2.537472E-02   -6.957253E-03
   -8.380077E-05   -2.395602E-02   -1.574108E-01   -8.154159E-02   -2.353670E-02   -1.132207E-02
   -8.579638E-05   -2.449768E-02   -1.552721E-01   -7.877615E-02   -5.805840E-02   -8.879160E-03
   -8.783697E-05   -2.505020E-02   -1.529745E-01   -7.041756E-02   -4.209851E-02   -1.925055E-03
   -8.992356E-05   -2.561376E-02   -1.505181E-01   -6.161950E-02   -2.772514E-02   -8.136181E-03
   -9.205714E-05   -2.618853E-02   -1.479033E-01   -5.907251E-02   -5.984882E-02   -8.970873E-03
   -9.423875E-05   -2.677469E-02   -1.451312E-01   -6.577038E-02   -5.891346E-02   -1.377357E-02
   -9.646946E-05   -2.737243E-02   -1.422032E-01   -7.755136E-02   -2.809404E-02   -6.294937E-03
   -9.875034E-05   -2.798194E-02   -1.391214E-01   -8.501296E-02   -3.161815E-02   -6.594669E-03
   -1.010825E-04   -2.860340E-02   -1.358883E-01   -8.049172E-02   -4.950811E-02   -5.684509E-03
   -1.034671E-04   -2.923698E-02   -1.325071E-01   -6.512204E-02   -5.078494E-02   -1.101898E-02
   -1.059052E-04   -2.988289E-02   -1.289816E-01   -4.968974E-02   -4.130414E-02   -1.238388E-02
   -1.083981E-04   -3.054131E-02   -1.253163E-01   -4.717498E-02   -4.782502E-02   -1.199910E-02
   -1.109469E-04   -3.121241E-02   -1.215162E-01   -6.198731E-02   -5.405722E-02   -9.145170E-03
   -1.135529E-04   -3.189640E-02   -1.175871E-01   -8.493079E-02   -2.567686E-02   -6.212944E-03
   -1.162173E-04   -3.259347E-02   -1.135356E-01   -9.936837E-02   -3.731006E-02   -5.579163E-03
   -1.189414E-04   -3.330379E-02   -1.093688E-01   -9.465731E-02   -6.945774E-02   -6.048248E-03
   -1.217266E-04   -3.402755E-02   -1.050948E-01   -7.557714E-02   -3.731513E-02   -8.375352E-03
   -1.245741E-04   -3.476496E-02   -1.007222E-01   -5.870024E-02   -4.113772E-02   -1.076798E-02
   -1.274854E-04   -3.551618E-02   -9.626068E-02   -5.794144E-02   -5.729090E-02   -1.245885E-02
   -1.304618E-04   -3.628142E-02   -9.172047E-02   -7.210673E-02   -2.601336E-02   -1.457081E-02
   -1.335047E-04   -3.706085E-02   -8.711268E-02   -8.639894E-02   -4.849535E-02   -1.342232E-02
   -1.366157E-04   -3.785466E-02   -8.244922E-02   -8.690901E-02   -6.293245E-02   -1.480035E-02
   -1.397963E-04   -3.866304E-02   -7.774275E-02   -7.408038E-02   -3.902296E-02   -1.108252E-02
   -1.430478E-04   -3.948617E-02   -7.300674E-02   -6.165370E-02   -4.192204E-02   -1.353054E-02
   -1.463720E-04   -4.032423E-02   -6.825543E-02   -6.230310E-02   -4.831970E-02   -1.043534E-02
   -1.497704E-04   -4.117740E-02   -6.350381E-02   -7.513549E-02   -4.176282E-02   -1.444536E-02
   -1.532446E-04   -4.204586E-02   -5.876757E-02   -8.798796E-02   -4.991424E-02   -1.194821E-02
   -1.567963E-04   -4.292978E-02   -5.406313E-02   -9.092223E-02   -6.159707E-02   -1.289364E-02
   -1.604272E-04   -4.382933E-02   -4.940754E-02   -8.520424E-02   -2.840431E-02   -1.275620E-02
   -1.641390E-04   -4.474468E-02   -4.481849E-02   -7.868058E-02   -5.048601E-02   -1.270255E-02
   -1.679334E-04   -4.567600E-02   -4.031421E-02   -7.552873E-02   -5.247194E-02   -1.625883E-02
   -1.718124E-04   -4.662345E-02   -3.591343E-02   -7.404658E-02   -4.099237E-02   -1.244468E-02
   -1.757778E-04   -4.758719E-02   -3.163530E-02   -7.324722E-02   -6.465546E-02   -1.430964E-02
   -1.798313E-04   -4.856736E-02   -2.749936E-02   -7.597463E-02   -2.997016E-02   -1.388404E-02
   -1.839751E-04   -4.956413E-02   -2.352537E-02   -8.263193E-02   -5.102728E-02   -1.071893E-02
   -1.882110E-04   -5.057763E-02   -1.973329E-02   -8.654087E-02   -5.457750E-02   -1.102447E-02
   -1.925410E-04   -5.160800E-02   -1.614314E-02   -8.201208E-02   -4.657546E-02   -8.752716E-03
   -1.969673E-04   -5.265537E-02   -1.277488E-02   -7.534150E-02   -5.232237E-02   -9.495303E-03
   -2.014919E-04   -5.371987E-02   -9.648306E-03   -7.901598E-02   -4.180944E-02   -1.251055E-02
   -2.061170E-04   -5.480161E-02   -6.782919E-03   -9.235526E-02   -4.732475E-02   -1.341176E-02
   -2.108447E-04   -5.590071E-02   -4.197766E-03   -9.759554E-02   -6.375308E-02   -1.446242E-02
   -2.156773E-04   -5.701727E-02   -1.911304E-03   -8.369351E-02   -3.587891E-02   -1.418889E-02
   -2.206171E-04   -5.815137E-02    5.876296E-05   -6.623597E-02   -5.971427E-02   -8.974663E-03
   -2.256665E-04   -5.930312E-02    1.695645E-03   -6.924653E-02   -3.568530E-02   -1.059213E-02
   -2.308278E-04   -6.047258E-02    2.983639E-03   -8.992674E-02   -6.691655E-02   -1.530591E-02
   -2.361034E-04   -6.165982E-02    3.908308E-03   -1.002434E-01   -4.279750E-02   -1.371450E-02
   -2.414959E-04   -6.286488E-02    4.456663E-03   -8.799673E-02   -4.998300E-02   -1.199781E-02
   -2.470078E-04   -6.408783E-02    4.617344E-03   -7.533819E-02   -5.012391E-02   -1.164287E-02
   -2.526418E-04   -6.532867E-02    4.380814E-03   -8.331677E-02   -5.276040E-02   -1.421152E-02
   -2.584003E-04   -6.658744E-02    3.739542E-03   -9.822519E-02   -5.731999E-02   -1.372017E-02
   -2.642863E-04   -6.786413E-02    2.688194E-03   -9.523291E-02   -3.845037E-02   -1.171092E-02
   -2.703024E-04   -6.915874E-02    1.223812E-03   -7.951836E-02   -6.272024E-02   -1.423633E-02
   -2.764515E-04   -7.047124E-02   -6.540060E-04   -7.568710E-02   -4.441029E-02   -1.465406E-02
   -2.827364E-04   -7.180158E-02   -2.942935E-03   -8.691227E-02   -6.345766E-02   -1.142580E-02
   -2.891602E-04   -7.314971E-02   -5.637767E-03   -9.506419E-02   -3.553985E-02   -1.338720E-02
   -2.957258E-04   -7.451555E-02   -8.730263E-03   -9.385187E-02   -6.705796E-02   -1.654205E-02
   -3.024364E-04   -7.589900E-02   -1.220902E-02   -9.175007E-02   -4.583011E-02   -1.230728E-02
   -3.092950E-04   -7.729996E-02   -1.605938E-02   -9.041873E-02   -5.696600E-02   -1.401849E-02
   -3.163049E-04   -7.871828E-02   -2.026330E-02   -8.800533E-02   -4.630276E-02   -1.272142E-02
   -3.234693E-04   -8.015381E-02   -2.479935E-02   -9.006462E-02   -6.206599E-02   -1.460783E-02
   -3.307917E-04   -8.160637E-02   -2.964262E-02   -9.424631E-02   -4.784884E-02   -1.695584E-02
   -3.382753E-04   -8.307576E-02   -3.476475E-02   -8.919936E-02   -5.804639E-02   -1.251651E-02
   -3.459238E-04   -8.456174E-02   -4.013399E-02   -8.383783E-02   -4.579243E-02   -1.510226E-02
   -3.537407E-04   -8.606408E-02   -4.571522E-02   -9.584602E-02   -6.862827E-02   -1.188240E-02
   -3.617296E-04   -8.758249E-02   -5.147010E-02   -1.076860E-01   -4.055566E-02   -1.658978E-02
   -3.698942E-04   -8.911665E-02   -5.735724E-02   -9.464167E-02   -6.121726E-02   -1.381365E-02
   -3.782384E-04   -9.066625E-02   -6.333237E-02   -8.125358E-02   -5.638831E-02   -1.704054E-02
   -3.867660E-04   -9.223090E-02   -6.934864E-02   -9.435377E-02   -5.302836E-02   -1.455259E-02
   -3.954809E-04   -9.381022E-02   -7.535694E-02   -1.040182E-01   -5.329044E-02   -1.497186E-02
   -4.043872E-04   -9.540377E-02   -8.130619E-02   -9.031438E-02   -5.977059E-02   -1.552824E-02
   -4.134891E-04   -9.701109E-02   -8.714384E-02   -8.856356E-02   -5.790580E-02   -1.265254E-02
   -4.227906E-04   -9.863168E-02   -9.281630E-02   -1.058493E-01   -4.499391E-02   -1.613529E-02
   -4.322961E-04   -1.002650E-01   -9.826945E-02   -1.049209E-01   -7.059479E-02   -1.412571E-02
   -4.420100E-04   -1.019105E-01   -1.034493E-01   -9.087374E-02   -4.988203E-02   -1.389167E-02
   -4.519367E-04   -1.035675E-01   -1.083023E-01   -9.291488E-02   -5.330206E-02   -1.708723E-02
   -4.620809E-04   -1.052355E-01   -1.127767E-01   -9.974856E-02   -6.498464E-02   -1.531593E-02
   -4.724470E-04   -1.069136E-01   -1.168222E-01   -9.961180E-02   -5.161271E-02   -1.415821E-02
   -4.830399E-04   -1.086012E-01   -1.203918E-01   -1.005870E-01   -6.184602E-02   -1.671123E-02
   -4.938645E-04   -1.102975E-01   -1.234417E-01   -1.000227E-01   -5.497573E-02   -1.734086E-02
   -5.049255E-04   -1.120016E-01   -1.259324E-01   -1.018344E-01   -5.510471E-02   -1.538759E-02
   -5.162281E-04   -1.137127E-01   -1.278296E-01   -1.047250E-01   -6.733973E-02   -1.493696E-02
   -5.277774E-04   -1.154299E-01   -1.291046E-01   -9.464362E-02   -5.398300E-02   -1.671603E-02
   -5.395786E-04   -1.171521E-01   -1.297356E-01   -9.556011E-02   -5.438814E-02   -1.805869E-02
   -5.516370E-04   -1.188784E-01   -1.297075E-01   -1.123765E-01   -6.518979E-02   -1.750469E-02
   -5.639581E-04   -1.206077E-01   -1.290137E-01   -1.041258E-01   -5.585678E-02   -1.626127E-02
   -5.765473E-04   -1.223388E-01   -1.276555E-01   -9.620352E-02   -6.114654E-02   -1.557975E-02
   -5.894104E-04   -1.240706E-01   -1.256435E-01   -1.110223E-01   -6.658832E-02   -1.485220E-02
   -6.025530E-04   -1.258018E-01   -1.229976E-01   -1.027476E-01   -4.930855E-02   -1.431944E-02
   -6.159809E-04   -1.275311E-01   -1.197472E-01   -9.523511E-02   -5.916536E-02   -1.542471E-02
   -6.297002E-04   -1.292572E-01   -1.159316E-01   -1.123288E-01   -6.948160E-02   -1.626163E-02
   -6.437169E-04   -1.309785E-01   -1.115995E-01   -1.093866E-01   -5.686157E-02   -1.648631E-02
   -6.580370E-04   -1.326937E-01   -1.068094E-01   -1.025885E-01   -6.191255E-02   -1.738828E-02
   -6.726670E-04   -1.344013E-01   -1.016288E-01   -1.072472E-01   -6.508608E-02   -1.625106E-02
   -6.876131E-04   -1.360995E-01   -9.613384E-02   -1.060411E-01   -6.244792E-02   -1.605908E-02
   -7.028819E-04   -1.377867E-01   -9.040823E-02   -1.066856E-01   -5.480354E-02   -1.525589E-02
   -7.184799E-04   -1.394612E-01   -8.454262E-02   -1.072964E-01   -5.647038E-02   -1.676392E-02
   -7.344137E-04   -1.411211E-01   -7.863318E-02   -1.143581E-01   -6.992522E-02   -1.800974E-02
   -7.506903E-04   -1.427647E-01   -7.278027E-02   -1.085574E-01   -6.195679E-02   -1.994849E-02
   -7.673165E-04   -1.443900E-01   -6.708686E-02   -1.019938E-01   -6.099844E-02   -1.894295E-02
   -7.842992E-04   -1.459949E-01   -6.165669E-02   -1.167653E-01   -6.106211E-02   -1.779737E-02
   -8.016456E-04   -1.475774E-01   -5.659242E-02   -1.068757E-01   -7.014785E-02   -1.751419E-02
   -8.193629E-04   -1.491354E-01   -5.199354E-02   -1.118444E-01   -7.127199E-02   -1.795942E-02
   -8.374584E-04   -1.506667E-01   -4.795420E-02   -1.180051E-01   -6.325851E-02   -1.917363E-02
   -8.559394E-04   -1.521690E-01   -4.456105E-02   -1.026807E-01   -6.256422E-02   -1.896715E-02
   -8.748134E-04   -1.536400E-01   -4.189096E-02   -1.154852E-01   -6.136539E-02   -1.803093E-02
   -8.940879E-04   -1.550772E-01   -4.000895E-02   -1.139504E-01   -7.182582E-02   -1.894675E-02
   -9.137707E-04   -1.564783E-01   -3.896605E-02   -1.131662E-01   -6.940420E-02   -1.884636E-02
   -9.338693E-04   -1.578408E-01   -3.879748E-02   -1.154357E-01   -7.185265E-02   -1.812005E-02
   -9.543916E-04   -1.591620E-01   -3.952092E-02   -1.129883E-01   -6.262976E-02   -2.032360E-02
   -9.753454E-04   -1.604393E-01   -4.113525E-02   -1.112314E-01   -6.502372E-02   -1.850221E-02
   -9.967385E-04   -1.616700E-01   -4.361947E-02   -1.198328E-01   -6.161032E-02   -2.001327E-02
   -1.018579E-03   -1.628515E-01   -4.693222E-02   -1.160679E-01   -6.938870E-02   -1.965378E-02
   -1.040875E-03   -1.639809E-01   -5.101164E-02   -1.131113E-01   -6.825427E-02   -1.920672E-02
   -1.063634E-03   -1.650554E-01   -5.577583E-02   -1.199758E-01   -7.397753E-02   -2.046769E-02
   -1.086864E-03   -1.660721E-01   -6.112394E-02   -1.103016E-01   -6.883210E-02   -1.928470E-02
   -1.110574E-03   -1.670282E-01   -6.693769E-02   -1.263053E-01   -7.100501E-02   -2.008004E-02
   -1.134771E-03   -1.679207E-01   -7.308366E-02   -1.126672E-01   -6.419579E-02   -2.004292E-02
   -1.159463E-03   -1.687467E-01   -7.941607E-02   -1.196758E-01   -6.724775E-02   -1.912833E-02
   -1.184659E-03   -1.695032E-01   -8.578015E-02   -1.170582E-01   -6.286839E-02   -1.973137E-02
   -1.210365E-03   -1.701872E-01   -9.201599E-02   -1.200365E-01   -6.755099E-02   -2.111600E-02
   -1.236590E-03   -1.707957E-01   -9.796287E-02   -1.215065E-01   -6.407855E-02   -1.868550E-02
   -1.263342E-03   -1.713258E-01   -1.034639E-01   -1.178451E-01   -6.556971E-02   -2.078888E-02
   -1.290629E-03   -1.717745E-01   -1.083706E-01   -1.184355E-01   -6.225364E-02   -2.057364E-02
   -1.318456E-03   -1.721388E-01   -1.125482E-01   -1.238658E-01   -6.236967E-02   -2.081812E-02
   -1.346833E-03   -1.724158E-01   -1.158801E-01   -1.185213E-01   -6.551232E-02   -1.919530E-02
   -1.375765E-03   -1.726027E-01   -1.182723E-01   -1.246285E-01   -6.486304E-02   -1.952091E-02
   -1.405261E-03   -1.726966E-01   -1.196576E-01   -1.151205E-01   -6.764855E-02   -2.147229E-02
   -1.435325E-03   -1.726947E-01   -1.199988E-01   -1.279967E-01   -6.172281E-02   -2.073703E-02
   -1.465965E-03   -1.725943E-01   -1.192912E-01   -1.186658E-01   -6.573440E-02   -2.201390E-02
   -1.497186E-03   -1.723929E-01   -1.175643E-01   -1.245233E-01   -6.669168E-02   -2.150041E-02
   -1.528995E-03   -1.720880E-01   -1.148819E-01   -1.193872E-01   -6.707854E-02   -2.083152E-02
   -1.561395E-03   -1.716770E-01   -1.113414E-01   -1.246604E-01   -6.798666E-02   -2.131921E-02
   -1.594393E-03   -1.711578E-01   -1.070717E-01   -1.242904E-01   -6.733805E-02   -2.135849E-02
   -1.627991E-03   -1.705282E-01   -1.022292E-01   -1.200486E-01   -7.462258E-02   -2.105166E-02
   -1.662194E-03   -1.697862E-01   -9.699367E-02   -1.247242E-01   -7.213319E-02   -2.124379E-02
   -1.697005E-03   -1.689301E-01   -9.156172E-02   -1.227547E-01   -7.185533E-02   -2.212220E-02
   -1.732425E-03   -1.679581E-01   -8.614013E-02   -1.247909E-01   -7.654991E-02   -2.208310E-02
   -1.768458E-03   -1.668688E-01   -8.093793E-02   -1.214589E-01   -6.956006E-02   -2.107473E-02
   -1.805103E-03   -1.656609E-01   -7.615813E-02   -1.231920E-01   -6.809091E-02   -2.037175E-02
   -1.842361E-03   -1.643336E-01   -7.198933E-02   -1.256352E-01   -6.909096E-02   -2.032059E-02
   -1.880231E-03   -1.628859E-01   -6.859738E-02   -1.216505E-01   -6.409227E-02   -2.074184E-02
   -1.918711E-03   -1.613173E-01   -6.611782E-02   -1.219751E-01   -6.960714E-02   -2.141362E-02
   -1.957799E-03   -1.596276E-01   -6.464914E-02   -1.256479E-01   -7.329916E-02   -2.143180E-02
   -1.997491E-03   -1.578168E-01   -6.424749E-02   -1.204154E-01   -7.031934E-02   -2.044602E-02
   -2.037781E-03   -1.558852E-01   -6.492302E-02   -1.245449E-01   -7.392874E-02   -2.034957E-02
   -2.078665E-03   -1.538332E-01   -6.663826E-02   -1.194277E-01   -6.734035E-02   -2.179502E-02
   -2.120134E-03   -1.516619E-01   -6.930849E-02   -1.244268E-01   -6.383165E-02   -2.158344E-02
   -2.162180E-03   -1.493724E-01   -7.280449E-02   -1.212035E-01   -6.994615E-02   -1.999673E-02
   -2.204794E-03   -1.469661E-01   -7.695737E-02   -1.181409E-01   -6.917130E-02   -2.072305E-02
   -2.247963E-03   -1.444449E-01   -8.156545E-02   -1.236891E-01   -7.155772E-02   -2.060468E-02
   -2.291676E-03   -1.418109E-01   -8.640295E-02   -1.187641E-01   -6.834356E-02   -1.933240E-02
   -2.335917E-03   -1.390665E-01   -9.123002E-02   -1.177697E-01   -6.527748E-02   -2.079487E-02
   -2.380672E-03   -1.362145E-01   -9.580367E-02   -1.194914E-01   -6.334879E-02   -2.011637E-02
   -2.425924E-03   -1.332579E-01   -9.988911E-02   -1.186760E-01   -6.976665E-02   -1.999388E-02
   -2.471653E-03   -1.302001E-01   -1.032707E-01   -1.134820E-01   -6.987769E-02   -2.088226E-02
   -2.517839E-03   -1.270446E-01   -1.057624E-01   -1.193304E-01   -6.298434E-02   -1.928822E-02
   -2.564460E-03   -1.237955E-01   -1.072163E-01   -1.112045E-01   -6.347656E-02   -2.042651E-02
   -2.611494E-03   -1.204567E-01   -1.075297E-01   -1.167321E-01   -6.336838E-02   -1.910226E-02
   -2.658915E-03   -1.170328E-01   -1.066497E-01   -1.092970E-01   -6.615920E-02   -1.942000E-02
   -2.706697E-03   -1.135284E-01   -1.045754E-01   -1.126532E-01   -6.374121E-02   -1.927267E-02
   -2.754813E-03   -1.099481E-01   -1.013569E-01   -1.090596E-01   -6.262805E-02   -1.831638E-02
   -2.803232E-03   -1.062971E-01   -9.709239E-02   -1.085420E-01   -5.632129E-02   -1.899531E-02
   -2.851925E-03   -1.025803E-01   -9.192236E-02   -1.039797E-01   -6.199274E-02   -1.714901E-02
   -2.900859E-03   -9.880315E-02   -8.602167E-02   -1.084883E-01   -6.269890E-02   -1.797342E-02
   -2.950003E-03   -9.497085E-02   -7.959023E-02   -1.000866E-01   -5.883391E-02   -1.661202E-02
   -2.999322E-03   -9.108882E-02   -7.284255E-02   -1.004554E-01   -5.323870E-02   -1.672593E-02
   -3.048781E-03   -8.716246E-02   -6.599676E-02   -1.018818E-01   -5.597521E-02   -1.699066E-02
   -3.098345E-03   -8.319718E-02   -5.926395E-02   -9.396023E-02   -5.651022E-02   -1.584878E-02
   -3.147977E-03   -7.919839E-02   -5.283816E-02   -9.536507E-02   -5.477621E-02   -1.694585E-02
   -3.197641E-03   -7.517140E-02   -4.688777E-02   -9.249699E-02   -5.448017E-02   -1.598942E-02
   -3.247300E-03   -7.112147E-02   -4.154857E-02   -8.992597E-02   -4.721433E-02   -1.521457E-02
   -3.296915E-03   -6.705372E-02   -3.691884E-02   -8.595747E-02   -4.755915E-02   -1.565387E-02
   -3.346451E-03   -6.297317E-02   -3.305668E-02   -8.581781E-02   -4.911397E-02   -1.420187E-02
