    5.000000E-01    5.000000E-01    5.000000E-01    5.000000E-01    5.000000E-01    5.000000E-01
    5.000009E-01    5.000009E-01    5.000009E-01    5.000009E-01    5.000009E-01    5.000009E-01
    5.000016E-01    5.000016E-01    5.000016E-01    5.000016E-01    5.000016E-01    5.000017E-01
    5.000022E-01    5.000022E-01    5.000022E-01    5.000022E-01    5.000022E-01    5.000024E-01
    5.000028E-01    5.000028E-01    5.000028E-01    5.000028E-01    5.000028E-01    5.000031E-01
    5.000033E-01    5.000033E-01    5.000033E-01    5.000033E-01    5.000034E-01    5.000037E-01
    5.000039E-01    5.000039E-01    5.000039E-01    5.000039E-01    5.000039E-01    5.000044E-01
    5.000044E-01    5.000044E-01    5.000044E-01    5.000045E-01    5.000045E-01    5.000051E-01
    5.000050E-01    5.000050E-01    5.000050E-01    5.000051E-01    5.000052E-01    5.000059E-01
    5.000057E-01    5.000057E-01    5.000057E-01    5.000057E-01    5.000058E-01    5.000068E-01
    5.000064E-01    5.000064E-01    5.000064E-01    5.000064E-01    5.000066E-01    5.000078E-01
    5.000072E-01    5.000072E-01    5.000072E-01    5.000072E-01    5.000074E-01    5.000089E-01
    5.000081E-01    5.000081E-01    5.000081E-01    5.000081E-01    5.000083E-01    5.000102E-01
    5.000090E-01    5.000090E-01    5.000090E-01    5.000091E-01    5.000094E-01    5.000117E-01
    5.000101E-01    5.000101E-01    5.000101E-01    5.000102E-01    5.000105E-01    5.000134E-01
    5.000113E-01    5.000113E-01    5.000113E-01    5.000114E-01    5.000118E-01    5.000155E-01
    5.000127E-01    5.000127E-01    5.000127E-01    5.000128E-01    5.000133E-01    5.000179E-01
    5.000141E-01    5.000141E-01    5.000141E-01    5.000143E-01    5.000150E-01    5.000207E-01
    5.000158E-01    5.000158E-01    5.000158E-01    5.000160E-01    5.000168E-01    5.000240E-01
    5.000177E-01    5.000177E-01    5.000177E-01    5.000179E-01    5.000190E-01    5.000279E-01
    5.000198E-01    5.000198E-01    5.000198E-01    5.000201E-01    5.000214E-01    5.000326E-01
    5.000221E-01    5.000221E-01    5.000221E-01    5.000225E-01    5.000241E-01    5.000381E-01
    5.000247E-01    5.000247E-01    5.000247E-01    5.000252E-01    5.000272E-01    5.000447E-01
    5.000276E-01    5.000276E-01    5.000276E-01    5.000282E-01    5.000308E-01    5.000526E-01
    5.000309E-01    5.000309E-01    5.000309E-01    5.000316E-01    5.000348E-01    5.000622E-01
    5.000345E-01    5.000345E-01    5.000345E-01    5.000354E-01    5.000394E-01    5.000736E-01
    5.000385E-01    5.000385E-01    5.000385E-01    5.000397E-01    5.000447E-01    5.000875E-01
    5.000431E-01    5.000431E-01    5.000431E-01    5.000446E-01    5.000508E-01    5.001042E-01
    5.000482E-01    5.000482E-01    5.000482E-01    5.000500E-01    5.000578E-01    5.001246E-01
    5.000538E-01    5.000538E-01    5.000538E-01    5.000561E-01    5.000659E-01    5.001493E-01
    5.000602E-01    5.000602E-01    5.000602E-01    5.000630E-01    5.000752E-01    5.001795E-01
    5.000672E-01    5.000672E-01    5.000672E-01    5.000708E-01    5.000861E-01    5.002163E-01
    5.000751E-01    5.000751E-01    5.000752E-01    5.000796E-01    5.000987E-01    5.002615E-01
    5.000840E-01    5.000840E-01    5.000840E-01    5.000896E-01    5.001134E-01    5.003168E-01
    5.000939E-01    5.000939E-01    5.000939E-01    5.001009E-01    5.001306E-01    5.003847E-01
    5.001049E-01    5.001049E-01    5.001049E-01    5.001137E-01    5.001508E-01    5.004683E-01
    5.001173E-01    5.001173E-01    5.001173E-01    5.001282E-01    5.001746E-01    5.005713E-01
    5.001310E-01    5.001310E-01    5.001311E-01    5.001447E-01    5.002026E-01    5.006983E-01
    5.001465E-01    5.001465E-01    5.001465E-01    5.001635E-01    5.002359E-01    5.008551E-01
    5.001637E-01    5.001637E-01    5.001637E-01    5.001850E-01    5.002754E-01    5.010489E-01
    5.001829E-01    5.001829E-01    5.001830E-01    5.002096E-01    5.003225E-01    5.012887E-01
    5.002044E-01    5.002044E-01    5.002045E-01    5.002377E-01    5.003788E-01    5.015856E-01
    5.002284E-01    5.002284E-01    5.002285E-01    5.002700E-01    5.004462E-01    5.019535E-01
    5.002552E-01    5.002553E-01    5.002554E-01    5.003072E-01    5.005273E-01    5.024098E-01
    5.002852E-01    5.002852E-01    5.002854E-01    5.003501E-01    5.006250E-01    5.029759E-01
    5.003187E-01    5.003187E-01    5.003189E-01    5.003998E-01    5.007431E-01    5.036786E-01
    5.003561E-01    5.003561E-01    5.003564E-01    5.004574E-01    5.008861E-01    5.045513E-01
    5.003978E-01    5.003978E-01    5.003982E-01    5.005243E-01    5.010598E-01    5.056353E-01
    5.004445E-01    5.004445E-01    5.004449E-01    5.006024E-01    5.012711E-01    5.069822E-01
    5.004965E-01    5.004965E-01    5.004971E-01    5.006938E-01    5.015286E-01    5.086559E-01
    5.005546E-01    5.005547E-01    5.005553E-01    5.008009E-01    5.018433E-01    5.107358E-01
    5.006195E-01    5.006195E-01    5.006204E-01    5.009270E-01    5.022283E-01    5.133203E-01
    5.006919E-01    5.006919E-01    5.006930E-01    5.010758E-01    5.027001E-01    5.165310E-01
    5.007727E-01    5.007727E-01    5.007741E-01    5.012519E-01    5.032791E-01    5.205184E-01
    5.008628E-01    5.008629E-01    5.008645E-01    5.014609E-01    5.039906E-01    5.254678E-01
    5.009633E-01    5.009634E-01    5.009655E-01    5.017098E-01    5.048659E-01    5.316071E-01
    5.010754E-01    5.010755E-01    5.010781E-01    5.020068E-01    5.059437E-01    5.392151E-01
    5.012004E-01    5.012005E-01    5.012038E-01    5.023624E-01    5.072720E-01    5.486317E-01
    5.013396E-01    5.013398E-01    5.013438E-01    5.027890E-01    5.089099E-01    5.602688E-01
    5.014948E-01    5.014950E-01    5.015000E-01    5.033023E-01    5.109308E-01    5.746214E-01
    5.016675E-01    5.016678E-01    5.016741E-01    5.039212E-01    5.134248E-01    5.922789E-01
    5.018598E-01    5.018602E-01    5.018680E-01    5.046689E-01    5.165032E-01    6.139336E-01
    5.020738E-01    5.020742E-01    5.020840E-01    5.055742E-01    5.203027E-01    6.403844E-01
    5.023117E-01    5.023122E-01    5.023244E-01    5.066721E-01    5.249908E-01    6.725304E-01
    5.025761E-01    5.025768E-01    5.025919E-01    5.080056E-01    5.307723E-01    7.113479E-01
    5.028698E-01    5.028706E-01    5.028894E-01    5.096277E-01    5.378967E-01    7.578387E-01
    5.031957E-01    5.031967E-01    5.032201E-01    5.116028E-01    5.466661E-01    8.129345E-01
    5.035570E-01    5.035584E-01    5.035875E-01    5.140099E-01    5.574442E-01    8.773353E-01
    5.039574E-01    5.039591E-01    5.039953E-01    5.169456E-01    5.706659E-01    9.512520E-01
    5.044006E-01    5.044026E-01    5.044477E-01    5.205272E-01    5.868454E-01    1.034018E+00
    5.048905E-01    5.048930E-01    5.049490E-01    5.248972E-01    6.065835E-01    1.123528E+00
    5.054316E-01    5.054347E-01    5.055042E-01    5.302281E-01    6.305701E-01    1.215483E+00
    5.060283E-01    5.060321E-01    5.061183E-01    5.367277E-01    6.595797E-01    1.302427E+00
    5.066853E-01    5.066901E-01    5.067969E-01    5.446449E-01    6.944533E-01    1.372669E+00
    5.074077E-01    5.074136E-01    5.075460E-01    5.542762E-01    7.360615E-01    1.409306E+00
    5.082005E-01    5.082078E-01    5.083716E-01    5.659722E-01    7.852361E-01    1.389830E+00
    5.090690E-01    5.090780E-01    5.092805E-01    5.801425E-01    8.426571E-01    1.287171E+00
    5.100182E-01    5.100294E-01    5.102794E-01    5.972611E-01    9.086790E-01    1.073474E+00
    5.110535E-01    5.110673E-01    5.113757E-01    6.178668E-01    9.830725E-01    7.282359E-01
    5.121798E-01    5.121968E-01    5.125766E-01    6.425604E-01    1.064664E+00    2.520600E-01
    5.134018E-01    5.134227E-01    5.138899E-01    6.719930E-01    1.150856E+00   -3.145903E-01
    5.147238E-01    5.147495E-01    5.153232E-01    7.068435E-01    1.237028E+00   -8.729919E-01
    5.161495E-01    5.161810E-01    5.168844E-01    7.477793E-01    1.315867E+00   -1.261509E+00
    5.176819E-01    5.177204E-01    5.185814E-01    7.953934E-01    1.376713E+00   -1.286918E+00
    5.193231E-01    5.193702E-01    5.204220E-01    8.501123E-01    1.405160E+00   -8.139445E-01
    5.210741E-01    5.211315E-01    5.224140E-01    9.120640E-01    1.383247E+00    9.216048E-02
    5.229348E-01    5.230047E-01    5.245650E-01    9.809014E-01    1.290795E+00    1.046657E+00
    5.249036E-01    5.249885E-01    5.268826E-01    1.055574E+00    1.108555E+00    1.418518E+00
    5.269776E-01    5.270803E-01    5.293742E-01    1.134054E+00    8.238118E-01    7.556575E-01
    5.291520E-01    5.292761E-01    5.320474E-01    1.213019E+00    4.386585E-01   -5.823763E-01
    5.314207E-01    5.315703E-01    5.349097E-01    1.287547E+00   -1.996707E-02   -1.304189E+00
    5.337758E-01    5.339556E-01    5.379691E-01    1.350854E+00   -4.914268E-01   -3.901858E-01
    5.362079E-01    5.364235E-01    5.412338E-01    1.394197E+00   -8.794234E-01    1.138087E+00
    5.387061E-01    5.389640E-01    5.447132E-01    1.407065E+00   -1.064999E+00    8.960083E-01
    5.412584E-01    5.415658E-01    5.484177E-01    1.377827E+00   -9.418545E-01   -8.777193E-01
    5.438513E-01    5.442169E-01    5.523592E-01    1.295038E+00   -4.737334E-01   -7.185380E-01
    5.464710E-01    5.469044E-01    5.565520E-01    1.149522E+00    2.437114E-01    1.086755E+00
    5.491028E-01    5.496151E-01    5.610127E-01    9.372642E-01    9.573915E-01    1.682829E-01
    5.517319E-01    5.523359E-01    5.657612E-01    6.628734E-01    1.320884E+00   -9.174941E-01
    5.543264E-01    5.550363E-01    5.708043E-01    3.435088E-01    1.075702E+00    7.883062E-01
    5.544243E-01    5.551386E-01    5.710033E-01    3.287111E-01    1.050670E+00    8.300458E-01
    5.545224E-01    5.552411E-01    5.712032E-01    3.139412E-01    1.024740E+00    8.641899E-01
    5.546206E-01    5.553438E-01    5.714041E-01    2.991994E-01    9.978982E-01    8.904137E-01
    5.547191E-01    5.554467E-01    5.716060E-01    2.844860E-01    9.701406E-01    9.084772E-01
    5.548176E-01    5.555498E-01    5.718088E-01    2.698017E-01    9.414733E-01    9.182185E-01
    5.549163E-01    5.556530E-01    5.720125E-01    2.551472E-01    9.119086E-01    9.195559E-01
    5.550151E-01    5.557564E-01    5.722172E-01    2.405235E-01    8.814645E-01    9.124892E-01
    5.551141E-01    5.558600E-01    5.724228E-01    2.259316E-01    8.501630E-01    8.971004E-01
    5.552132E-01    5.559637E-01    5.726293E-01    2.113728E-01    8.180301E-01    8.735540E-01
    5.553123E-01    5.560676E-01    5.728368E-01    1.968485E-01    7.850947E-01    8.420963E-01
    5.554116E-01    5.561716E-01    5.730452E-01    1.823604E-01    7.513886E-01    8.030535E-01
    5.555110E-01    5.562758E-01    5.732544E-01    1.679101E-01    7.169455E-01    7.568295E-01
    5.556104E-01    5.563800E-01    5.734646E-01    1.534994E-01    6.818016E-01    7.039025E-01
    5.557100E-01    5.564844E-01    5.736757E-01    1.391305E-01    6.459949E-01    6.448205E-01
    5.558096E-01    5.565889E-01    5.738877E-01    1.248053E-01    6.095650E-01    5.801972E-01
    5.559093E-01    5.566935E-01    5.741006E-01    1.105263E-01    5.725532E-01    5.107054E-01
    5.560090E-01    5.567982E-01    5.743144E-01    9.629567E-02    5.350024E-01    4.370710E-01
    5.561087E-01    5.569029E-01    5.745290E-01    8.211603E-02    4.969568E-01    3.600659E-01
    5.562085E-01    5.570077E-01    5.747445E-01    6.798995E-02    4.584620E-01    2.805001E-01
    5.563084E-01    5.571126E-01    5.749609E-01    5.392016E-02    4.195650E-01    1.992132E-01
    5.564082E-01    5.572175E-01    5.751781E-01    3.990950E-02    3.803139E-01    1.170661E-01
    5.565080E-01    5.573225E-01    5.753962E-01    2.596090E-02    3.407581E-01    3.493138E-02
    5.566079E-01    5.574275E-01    5.756151E-01    1.207740E-02    3.009480E-01   -4.631608E-02
    5.567077E-01    5.575325E-01    5.758348E-01   -1.737878E-03    2.609352E-01   -1.258088E-01
    5.568074E-01    5.576375E-01    5.760554E-01   -1.548171E-02    2.207720E-01   -2.026967E-01
    5.569072E-01    5.577425E-01    5.762767E-01   -2.915078E-02    1.805119E-01   -2.761565E-01
    5.570068E-01    5.578475E-01    5.764989E-01   -4.274169E-02    1.402093E-01   -3.454020E-01
    5.571064E-01    5.579525E-01    5.767218E-01   -5.625096E-02    9.991912E-02   -4.096929E-01
    5.572059E-01    5.580574E-01    5.769456E-01   -6.967504E-02    5.969722E-02   -4.683446E-01
    5.573053E-01    5.581622E-01    5.771701E-01   -8.301028E-02    1.960006E-02   -5.207362E-01
    5.574046E-01    5.582670E-01    5.773954E-01   -9.625299E-02   -2.031535E-02   -5.663187E-01
    5.575038E-01    5.583717E-01    5.776214E-01   -1.093994E-01   -5.999147E-02   -6.046224E-01
    5.576029E-01    5.584763E-01    5.778481E-01   -1.224456E-01   -9.937038E-02   -6.352635E-01
    5.577017E-01    5.585807E-01    5.780756E-01   -1.353877E-01   -1.383938E-01   -6.579490E-01
    5.578005E-01    5.586851E-01    5.783038E-01   -1.482218E-01   -1.770032E-01   -6.724821E-01
    5.578990E-01    5.587893E-01    5.785328E-01   -1.609438E-01   -2.151399E-01   -6.787646E-01
    5.579973E-01    5.588933E-01    5.787624E-01   -1.735496E-01   -2.527453E-01   -6.767999E-01
    5.580954E-01    5.589972E-01    5.789927E-01   -1.860351E-01   -2.897606E-01   -6.666933E-01
    5.581933E-01    5.591009E-01    5.792236E-01   -1.983960E-01   -3.261272E-01   -6.486519E-01
    5.582910E-01    5.592043E-01    5.794552E-01   -2.106282E-01   -3.617870E-01   -6.229825E-01
    5.583883E-01    5.593076E-01    5.796875E-01   -2.227273E-01   -3.966819E-01   -5.900889E-01
    5.584854E-01    5.594105E-01    5.799203E-01   -2.346891E-01   -4.307544E-01   -5.504668E-01
    5.585822E-01    5.595133E-01    5.801538E-01   -2.465091E-01   -4.639477E-01   -5.046983E-01
    5.586787E-01    5.596157E-01    5.803879E-01   -2.581828E-01   -4.962054E-01   -4.534446E-01
    5.587748E-01    5.597179E-01    5.806226E-01   -2.697060E-01   -5.274720E-01   -3.974374E-01
    5.588706E-01    5.598197E-01    5.808578E-01   -2.810739E-01   -5.576932E-01   -3.374695E-01
    5.589659E-01    5.599212E-01    5.810936E-01   -2.922823E-01   -5.868152E-01   -2.743839E-01
    5.590609E-01    5.600223E-01    5.813299E-01   -3.033264E-01   -6.147858E-01   -2.090621E-01
    5.591555E-01    5.601230E-01    5.815667E-01   -3.142016E-01   -6.415540E-01   -1.424119E-01
    5.592496E-01    5.602234E-01    5.818040E-01   -3.249035E-01   -6.670699E-01   -7.535429E-02
    5.593432E-01    5.603232E-01    5.820418E-01   -3.354274E-01   -6.912855E-01   -8.809634E-03
    5.594363E-01    5.604227E-01    5.822800E-01   -3.457685E-01   -7.141543E-01    5.631584E-02
    5.595289E-01    5.605216E-01    5.825186E-01   -3.559223E-01   -7.356317E-01    1.191440E-01
    5.596210E-01    5.606201E-01    5.827577E-01   -3.658839E-01   -7.556748E-01    1.788383E-01
    5.597125E-01    5.607180E-01    5.829972E-01   -3.756488E-01   -7.742431E-01    2.346172E-01
    5.598033E-01    5.608154E-01    5.832370E-01   -3.852122E-01   -7.912980E-01    2.857669E-01
    5.598936E-01    5.609122E-01    5.834771E-01   -3.945694E-01   -8.068035E-01    3.316526E-01
    5.599832E-01    5.610083E-01    5.837176E-01   -4.037156E-01   -8.207257E-01    3.717295E-01
    5.600721E-01    5.611038E-01    5.839584E-01   -4.126460E-01   -8.330338E-01    4.055517E-01
    5.601603E-01    5.611987E-01    5.841994E-01   -4.213560E-01   -8.436994E-01    4.327804E-01
    5.602477E-01    5.612928E-01    5.844407E-01   -4.298407E-01   -8.526972E-01    4.531894E-01
    5.603343E-01    5.613862E-01    5.846822E-01   -4.380954E-01   -8.600046E-01    4.666694E-01
    5.604201E-01    5.614788E-01    5.849238E-01   -4.461153E-01   -8.656027E-01    4.732299E-01
    5.605051E-01    5.615706E-01    5.851656E-01   -4.538958E-01   -8.694753E-01    4.729987E-01
    5.605892E-01    5.616616E-01    5.854075E-01   -4.614320E-01   -8.716102E-01    4.662201E-01
    5.606724E-01    5.617516E-01    5.856496E-01   -4.687192E-01   -8.719984E-01    4.532495E-01
    5.607546E-01    5.618408E-01    5.858916E-01   -4.757528E-01   -8.706347E-01    4.345466E-01
    5.608358E-01    5.619290E-01    5.861338E-01   -4.825279E-01   -8.675178E-01    4.106665E-01
    5.609160E-01    5.620163E-01    5.863759E-01   -4.890399E-01   -8.626502E-01    3.822479E-01
    5.609951E-01    5.621025E-01    5.866179E-01   -4.952842E-01   -8.560388E-01    3.500003E-01
    5.610731E-01    5.621877E-01    5.868599E-01   -5.012560E-01   -8.476943E-01    3.146886E-01
    5.611500E-01    5.622717E-01    5.871018E-01   -5.069509E-01   -8.376319E-01    2.771174E-01
    5.612256E-01    5.623546E-01    5.873435E-01   -5.123641E-01   -8.258712E-01    2.381132E-01
    5.613001E-01    5.624363E-01    5.875851E-01   -5.174912E-01   -8.124364E-01    1.985064E-01
    5.613733E-01    5.625169E-01    5.878265E-01   -5.223276E-01   -7.973560E-01    1.591129E-01
    5.614451E-01    5.625961E-01    5.880676E-01   -5.268689E-01   -7.806634E-01    1.207159E-01
    5.615157E-01    5.626741E-01    5.883084E-01   -5.311107E-01   -7.623968E-01    8.404793E-02
    5.615848E-01    5.627507E-01    5.885489E-01   -5.350485E-01   -7.425989E-01    4.977497E-02
    5.616525E-01    5.628259E-01    5.887891E-01   -5.386782E-01   -7.213175E-01    1.848089E-02
    5.617188E-01    5.628997E-01    5.890289E-01   -5.419953E-01   -6.986050E-01   -9.345253E-03
    5.617835E-01    5.629721E-01    5.892683E-01   -5.449959E-01   -6.745190E-01   -3.331981E-02
    5.618467E-01    5.630429E-01    5.895072E-01   -5.476757E-01   -6.491216E-01   -5.317222E-02
    5.619083E-01    5.631123E-01    5.897457E-01   -5.500307E-01   -6.224799E-01   -6.874965E-02
    5.619683E-01    5.631800E-01    5.899836E-01   -5.520571E-01   -5.946658E-01   -8.001827E-02
    5.620266E-01    5.632462E-01    5.902210E-01   -5.537509E-01   -5.657558E-01   -8.706107E-02
    5.620832E-01    5.633107E-01    5.904578E-01   -5.551085E-01   -5.358311E-01   -9.007221E-02
    5.621382E-01    5.633735E-01    5.906939E-01   -5.561262E-01   -5.049772E-01   -8.934802E-02
    5.621913E-01    5.634346E-01    5.909295E-01   -5.568006E-01   -4.732841E-01   -8.527476E-02
    5.622426E-01    5.634940E-01    5.911644E-01   -5.571282E-01   -4.408459E-01   -7.831365E-02
    5.622922E-01    5.635516E-01    5.913986E-01   -5.571059E-01   -4.077606E-01   -6.898345E-02
    5.623398E-01    5.636073E-01    5.916321E-01   -5.567307E-01   -3.741299E-01   -5.784126E-02
    5.623856E-01    5.636613E-01    5.918648E-01   -5.559995E-01   -3.400589E-01   -4.546211E-02
    5.624295E-01    5.637134E-01    5.920968E-01   -5.549096E-01   -3.056557E-01   -3.241821E-02
    5.624714E-01    5.637636E-01    5.923280E-01   -5.534587E-01   -2.710313E-01   -1.925838E-02
    5.625114E-01    5.638119E-01    5.925585E-01   -5.516442E-01   -2.362989E-01   -6.488726E-03
    5.625493E-01    5.638582E-01    5.927881E-01   -5.494640E-01   -2.015739E-01    5.444908E-03
    5.625853E-01    5.639027E-01    5.930169E-01   -5.469164E-01   -1.669729E-01    1.617183E-02
    5.626193E-01    5.639451E-01    5.932448E-01   -5.439995E-01   -1.326137E-01    2.540816E-02
    5.626513E-01    5.639856E-01    5.934719E-01   -5.407120E-01   -9.861451E-02    3.296476E-02
    5.626812E-01    5.640241E-01    5.936982E-01   -5.370527E-01   -6.509356E-02    3.875102E-02
    5.627090E-01    5.640606E-01    5.939236E-01   -5.330209E-01   -3.216842E-02    4.277427E-02
    5.627348E-01    5.640950E-01    5.941481E-01   -5.286158E-01    4.455419E-05    4.513493E-02
    5.627585E-01    5.641275E-01    5.943718E-01   -5.238373E-01    3.143086E-02    4.601738E-02
    5.627801E-01    5.641580E-01    5.945946E-01   -5.186855E-01    6.187848E-02    4.567719E-02
    5.627997E-01    5.641864E-01    5.948166E-01   -5.131607E-01    9.127852E-02    4.442497E-02
    5.628172E-01    5.642128E-01    5.950377E-01   -5.072638E-01    1.195259E-01    4.260790E-02
    5.628326E-01    5.642372E-01    5.952580E-01   -5.009958E-01    1.465201E-01    4.058956E-02
    5.628460E-01    5.642596E-01    5.954774E-01   -4.943582E-01    1.721656E-01    3.872915E-02
    5.628573E-01    5.642800E-01    5.956960E-01   -4.873531E-01    1.963728E-01    3.736114E-02
    5.628665E-01    5.642984E-01    5.959138E-01   -4.799827E-01    2.190585E-01    3.677634E-02
    5.628738E-01    5.643148E-01    5.961309E-01   -4.722497E-01    2.401467E-01    3.720532E-02
    5.628790E-01    5.643293E-01    5.963472E-01   -4.641574E-01    2.595691E-01    3.880518E-02
    5.628822E-01    5.643418E-01    5.965627E-01   -4.557092E-01    2.772657E-01    4.165025E-02
    5.628834E-01    5.643524E-01    5.967775E-01   -4.469094E-01    2.931852E-01    4.572735E-02
    5.628827E-01    5.643611E-01    5.969916E-01   -4.377625E-01    3.072858E-01    5.093572E-02
    5.628800E-01    5.643679E-01    5.972050E-01   -4.282733E-01    3.195354E-01    5.709195E-02
    5.628754E-01    5.643728E-01    5.974178E-01   -4.184475E-01    3.299121E-01    6.393933E-02
    5.628689E-01    5.643759E-01    5.976300E-01   -4.082909E-01    3.384046E-01    7.116143E-02
    5.628606E-01    5.643772E-01    5.978416E-01   -3.978101E-01    3.450122E-01    7.839904E-02
    5.628504E-01    5.643767E-01    5.980527E-01   -3.870119E-01    3.497452E-01    8.526959E-02
    5.628384E-01    5.643745E-01    5.982633E-01   -3.759037E-01    3.526249E-01    9.138808E-02
    5.628246E-01    5.643706E-01    5.984734E-01   -3.644936E-01    3.536839E-01    9.638822E-02
    5.628091E-01    5.643650E-01    5.986830E-01   -3.527899E-01    3.529656E-01    9.994278E-02
    5.627919E-01    5.643577E-01    5.988923E-01   -3.408016E-01    3.505242E-01    1.017820E-01
    5.627730E-01    5.643489E-01    5.991012E-01   -3.285380E-01    3.464249E-01    1.017087E-01
    5.627525E-01    5.643384E-01    5.993098E-01   -3.160091E-01    3.407427E-01    9.961017E-02
    5.627304E-01    5.643265E-01    5.995181E-01   -3.032252E-01    3.335628E-01    9.546491E-02
    5.627068E-01    5.643130E-01    5.997262E-01   -2.901971E-01    3.249797E-01    8.934489E-02
    5.626816E-01    5.642981E-01    5.999341E-01   -2.769364E-01    3.150966E-01    8.141287E-02
    5.626549E-01    5.642818E-01    6.001419E-01   -2.634546E-01    3.040249E-01    7.191490E-02
    5.626268E-01    5.642641E-01    6.003495E-01   -2.497640E-01    2.918831E-01    6.116852E-02
    5.625974E-01    5.642450E-01    6.005572E-01   -2.358774E-01    2.787964E-01    4.954746E-02
    5.625665E-01    5.642247E-01    6.007648E-01   -2.218078E-01    2.648953E-01    3.746352E-02
    5.625344E-01    5.642031E-01    6.009724E-01   -2.075688E-01    2.503149E-01    2.534688E-02
    5.625009E-01    5.641803E-01    6.011802E-01   -1.931742E-01    2.351940E-01    1.362577E-02
    5.624663E-01    5.641564E-01    6.013881E-01   -1.786383E-01    2.196735E-01    2.706737E-03
    5.624305E-01    5.641313E-01    6.015961E-01   -1.639758E-01    2.038959E-01   -7.043538E-03
    5.623935E-01    5.641051E-01    6.018044E-01   -1.492017E-01    1.880036E-01   -1.531390E-02
    5.623554E-01    5.640779E-01    6.020130E-01   -1.343313E-01    1.721379E-01   -2.186113E-02
    5.623163E-01    5.640497E-01    6.022219E-01   -1.193803E-01    1.564379E-01   -2.651851E-02
    5.622761E-01    5.640206E-01    6.024312E-01   -1.043645E-01    1.410392E-01   -2.920037E-02
    5.622350E-01    5.639906E-01    6.026409E-01   -8.930007E-02    1.260725E-01   -2.990244E-02
    5.621929E-01    5.639596E-01    6.028510E-01   -7.420350E-02    1.116630E-01   -2.869826E-02
    5.621500E-01    5.639279E-01    6.030617E-01   -5.909137E-02    9.792853E-02   -2.573197E-02
    5.621062E-01    5.638954E-01    6.032729E-01   -4.398049E-02    8.497907E-02   -2.120821E-02
    5.620616E-01    5.638621E-01    6.034848E-01   -2.888780E-02    7.291535E-02   -1.537963E-02
    5.620162E-01    5.638282E-01    6.036972E-01   -1.383040E-02    6.182803E-02   -8.532930E-03
    5.619701E-01    5.637935E-01    6.039104E-01    1.174510E-03    5.179676E-02   -9.741267E-04
    5.619233E-01    5.637583E-01    6.041243E-01    1.610965E-02    4.288941E-02    6.986066E-03
    5.618759E-01    5.637225E-01    6.043390E-01    3.095771E-02    3.516136E-02    1.504614E-02
    5.618279E-01    5.636861E-01    6.045545E-01    4.570134E-02    2.865490E-02    2.292629E-02
    5.617793E-01    5.636493E-01    6.047709E-01    6.032323E-02    2.339876E-02    3.037915E-02
    5.617302E-01    5.636120E-01    6.049882E-01    7.480610E-02    1.940777E-02    3.719818E-02
    5.616806E-01    5.635742E-01    6.052064E-01    8.913273E-02    1.668264E-02    4.322384E-02
    5.616305E-01    5.635361E-01    6.054257E-01    1.032860E-01    1.520987E-02    4.834709E-02
    5.615800E-01    5.634976E-01    6.056460E-01    1.172491E-01    1.496181E-02    5.251053E-02
    5.615291E-01    5.634588E-01    6.058673E-01    1.310051E-01    1.589686E-02    5.570711E-02
    5.614779E-01    5.634198E-01    6.060898E-01    1.445374E-01    1.795981E-02    5.797672E-02
    5.614264E-01    5.633805E-01    6.063134E-01    1.578298E-01    2.108235E-02    5.940069E-02
    5.613746E-01    5.633409E-01    6.065383E-01    1.708662E-01    2.518366E-02    6.009475E-02
    5.613225E-01    5.633012E-01    6.067644E-01    1.836308E-01    3.017120E-02    6.020038E-02
    5.612702E-01    5.632614E-01    6.069917E-01    1.961081E-01    3.594161E-02    5.987528E-02
    5.612178E-01    5.632215E-01    6.072204E-01    2.082833E-01    4.238174E-02    5.928290E-02
    5.611652E-01    5.631815E-01    6.074504E-01    2.201415E-01    4.936979E-02    5.858175E-02
    5.611125E-01    5.631414E-01    6.076817E-01    2.316687E-01    5.677653E-02    5.791475E-02
    5.610597E-01    5.631013E-01    6.079146E-01    2.428511E-01    6.446673E-02    5.739912E-02
    5.610069E-01    5.630613E-01    6.081488E-01    2.536754E-01    7.230054E-02    5.711746E-02
    5.609540E-01    5.630213E-01    6.083846E-01    2.641291E-01    8.013500E-02    5.711047E-02
    5.609011E-01    5.629814E-01    6.086218E-01    2.741999E-01    8.782567E-02    5.737190E-02
    5.608483E-01    5.629415E-01    6.088606E-01    2.838763E-01    9.522816E-02    5.784637E-02
    5.607955E-01    5.629018E-01    6.091011E-01    2.931476E-01    1.021998E-01    5.843045E-02
    5.607428E-01    5.628623E-01    6.093431E-01    3.020033E-01    1.086014E-01    5.897725E-02
    5.606903E-01    5.628230E-01    6.095868E-01    3.104340E-01    1.142987E-01    5.930487E-02
    5.606378E-01    5.627838E-01    6.098321E-01    3.184308E-01    1.191640E-01    5.920835E-02
    5.605855E-01    5.627449E-01    6.100792E-01    3.259857E-01    1.230780E-01    5.847481E-02
    5.605335E-01    5.627063E-01    6.103280E-01    3.330913E-01    1.259308E-01    5.690114E-02
    5.604816E-01    5.626679E-01    6.105786E-01    3.397411E-01    1.276239E-01    5.431293E-02
    5.604299E-01    5.626299E-01    6.108309E-01    3.459293E-01    1.280709E-01    5.058369E-02
    5.603786E-01    5.625922E-01    6.110851E-01    3.516511E-01    1.271993E-01    4.565247E-02
    5.603275E-01    5.625549E-01    6.113412E-01    3.569024E-01    1.249513E-01    3.953859E-02
    5.602767E-01    5.625179E-01    6.115991E-01    3.616800E-01    1.212843E-01    3.235167E-02
    5.602262E-01    5.624814E-01    6.118590E-01    3.659818E-01    1.161726E-01    2.429567E-02
    5.601761E-01    5.624452E-01    6.121207E-01    3.698062E-01    1.096070E-01    1.566588E-02
    5.601263E-01    5.624095E-01    6.123845E-01    3.731529E-01    1.015959E-01    6.838211E-03
    5.600769E-01    5.623743E-01    6.126502E-01    3.760223E-01    9.216513E-02   -1.749161E-03
    5.600280E-01    5.623395E-01    6.129179E-01    3.784158E-01    8.135813E-02   -9.621121E-03
    5.599794E-01    5.623053E-01    6.131876E-01    3.803358E-01    6.923565E-02   -1.629656E-02
    5.599313E-01    5.622716E-01    6.134594E-01    3.817856E-01    5.587543E-02   -2.132294E-02
    5.598836E-01    5.622384E-01    6.137333E-01    3.827695E-01    4.137155E-02   -2.431182E-02
    5.598365E-01    5.622057E-01    6.140093E-01    3.832927E-01    2.583367E-02   -2.497271E-02
    5.597898E-01    5.621737E-01    6.142874E-01    3.833613E-01    9.385984E-03   -2.314183E-02
    5.597436E-01    5.621422E-01    6.145676E-01    3.829825E-01   -7.833924E-03   -1.880328E-02
    5.596980E-01    5.621113E-01    6.148500E-01    3.821643E-01   -2.567645E-02   -1.209995E-02
    5.596528E-01    5.620811E-01    6.151345E-01    3.809158E-01   -4.398151E-02   -3.332522E-03
    5.596083E-01    5.620515E-01    6.154213E-01    3.792469E-01   -6.258016E-02    7.054320E-03
    5.595643E-01    5.620225E-01    6.157103E-01    3.771684E-01   -8.129644E-02    1.849807E-02
    5.595209E-01    5.619942E-01    6.160016E-01    3.746920E-01   -9.994928E-02    3.035562E-02
    5.594781E-01    5.619666E-01    6.162951E-01    3.718304E-01   -1.183545E-01    4.194890E-02
    5.594359E-01    5.619397E-01    6.165908E-01    3.685969E-01   -1.363267E-01    5.261548E-02
    5.593943E-01    5.619134E-01    6.168889E-01    3.650060E-01   -1.536818E-01    6.175977E-02
    5.592476E-01    5.618363E-01    6.182802E-01    3.462675E-01   -2.182341E-01    7.504894E-02
    5.591123E-01    5.617722E-01    6.197148E-01    3.216977E-01   -2.542942E-01    5.247063E-02
    5.589892E-01    5.617221E-01    6.211943E-01    2.933316E-01   -2.531022E-01    3.528735E-02
    5.588793E-01    5.616867E-01    6.227198E-01    2.631639E-01   -2.132406E-01    3.971859E-02
    5.587830E-01    5.616667E-01    6.242925E-01    2.331709E-01   -1.408620E-01    3.349523E-02
    5.587010E-01    5.616627E-01    6.259133E-01    2.052574E-01   -4.838522E-02    5.301708E-04
    5.586336E-01    5.616752E-01    6.275833E-01    1.811689E-01    4.830191E-02   -1.729487E-02
    5.585811E-01    5.617045E-01    6.293031E-01    1.623922E-01    1.334356E-01    1.569128E-02
    5.585439E-01    5.617509E-01    6.310734E-01    1.500576E-01    1.948261E-01    6.375547E-02
    5.585220E-01    5.618145E-01    6.328950E-01    1.448528E-01    2.262485E-01    7.128896E-02
    5.585156E-01    5.618956E-01    6.347682E-01    1.469584E-01    2.281611E-01    4.456659E-02
    5.585247E-01    5.619942E-01    6.366937E-01    1.560104E-01    2.066427E-01    2.635885E-02
    5.585492E-01    5.621102E-01    6.386718E-01    1.710977E-01    1.709862E-01    2.277393E-02
    5.585891E-01    5.622437E-01    6.407028E-01    1.907971E-01    1.307867E-01    1.276300E-02
    5.586442E-01    5.623946E-01    6.427870E-01    2.132477E-01    9.347180E-02    1.986070E-03
    5.587142E-01    5.625626E-01    6.449247E-01    2.362637E-01    6.298942E-02    1.528095E-02
    5.587991E-01    5.627477E-01    6.471161E-01    2.574816E-01    3.988034E-02    4.985703E-02
    5.588986E-01    5.629496E-01    6.493612E-01    2.745327E-01    2.242210E-02    6.885376E-02
    5.590122E-01    5.631681E-01    6.516601E-01    2.852308E-01    8.161022E-03    4.681845E-02
    5.591399E-01    5.634029E-01    6.540130E-01    2.877626E-01   -4.876226E-03    1.142555E-02
    5.592811E-01    5.636537E-01    6.564199E-01    2.808623E-01   -1.768224E-02    6.771698E-03
    5.594356E-01    5.639203E-01    6.588807E-01    2.639579E-01   -3.038070E-02    1.972029E-02
    5.596030E-01    5.642023E-01    6.613953E-01    2.372702E-01   -4.247568E-02    1.810239E-02
    5.597828E-01    5.644993E-01    6.639638E-01    2.018539E-01   -5.275001E-02    2.944071E-02
    5.599747E-01    5.648111E-01    6.665860E-01    1.595686E-01   -5.872446E-02    6.304757E-02
    5.601784E-01    5.651372E-01    6.692617E-01    1.129779E-01   -5.618529E-02    5.415207E-02
    5.603932E-01    5.654773E-01    6.719908E-01    6.517650E-02   -3.966118E-02    6.637732E-03
    5.606190E-01    5.658311E-01    6.747732E-01    1.955651E-02   -4.492542E-03    1.896161E-03
    5.608551E-01    5.661982E-01    6.776085E-01   -2.047132E-02    4.979060E-02    2.531094E-02
    5.611012E-01    5.665782E-01    6.804966E-01   -5.177821E-02    1.162857E-01    2.600698E-02
    5.613569E-01    5.669708E-01    6.834372E-01   -7.181157E-02    1.799691E-01    3.793018E-02
    5.616217E-01    5.673755E-01    6.864299E-01   -7.885266E-02    2.211264E-01    5.682137E-02
    5.618952E-01    5.677920E-01    6.894745E-01   -7.220797E-02    2.227916E-01    3.191882E-02
    5.621770E-01    5.682200E-01    6.925706E-01   -5.230877E-02    1.794245E-01   -7.876143E-06
    5.624667E-01    5.686591E-01    6.957178E-01   -2.070138E-02    1.022556E-01    1.035446E-02
    5.627638E-01    5.691090E-01    6.989157E-01    2.007869E-02    1.723572E-02    3.459873E-02
    5.630679E-01    5.695692E-01    7.021640E-01    6.674241E-02   -4.519162E-02    4.030255E-02
    5.633787E-01    5.700396E-01    7.054620E-01    1.155724E-01   -6.449159E-02    4.031247E-02
    5.636957E-01    5.705197E-01    7.088094E-01    1.628047E-01   -4.103902E-02    3.562958E-02
    5.640185E-01    5.710092E-01    7.122055E-01    2.050235E-01    3.454395E-03    5.845245E-03
    5.643468E-01    5.715079E-01    7.156498E-01    2.395210E-01    3.805263E-02    4.491847E-03
    5.646801E-01    5.720154E-01    7.191417E-01    2.645744E-01    4.148544E-02    4.458419E-02
    5.650182E-01    5.725315E-01    7.226806E-01    2.796005E-01    1.651749E-02    4.121150E-02
    5.653607E-01    5.730558E-01    7.262657E-01    2.851614E-01   -1.043335E-02    3.052274E-02
    5.657071E-01    5.735882E-01    7.298964E-01    2.828172E-01   -6.224489E-03    2.847902E-02
    5.660572E-01    5.741282E-01    7.335718E-01    2.748406E-01    4.507298E-02    3.775180E-04
    5.664107E-01    5.746758E-01    7.372912E-01    2.638346E-01    1.272985E-01    2.356093E-02
    5.667671E-01    5.752306E-01    7.410536E-01    2.523081E-01    1.983745E-01    5.026843E-02
    5.671263E-01    5.757924E-01    7.448582E-01    2.422791E-01    2.158446E-01    3.138452E-02
    5.674878E-01    5.763611E-01    7.487039E-01    2.349708E-01    1.655600E-01    2.319376E-02
    5.678515E-01    5.769364E-01    7.525898E-01    2.306564E-01    7.299484E-02    1.260628E-02
    5.682170E-01    5.775181E-01    7.565147E-01    2.286823E-01   -1.241160E-02    1.628598E-02
    5.685840E-01    5.781061E-01    7.604775E-01    2.276705E-01   -4.986321E-02    4.519663E-02
    5.689523E-01    5.787001E-01    7.644770E-01    2.258651E-01   -3.311734E-02    3.895241E-02
    5.693216E-01    5.793001E-01    7.685119E-01    2.215553E-01    9.746731E-03    1.178561E-02
    5.696917E-01    5.799058E-01    7.725808E-01    2.134927E-01    4.187355E-02    1.987647E-02
    5.700624E-01    5.805172E-01    7.766823E-01    2.012104E-01    4.719336E-02    1.869565E-02
    5.704333E-01    5.811341E-01    7.808149E-01    1.851732E-01    3.968117E-02    4.543731E-02
    5.708043E-01    5.817564E-01    7.849770E-01    1.667171E-01    4.593674E-02    3.259879E-02
    5.711753E-01    5.823840E-01    7.891669E-01    1.477863E-01    7.818366E-02    7.404392E-03
    5.715458E-01    5.830168E-01    7.933830E-01    1.305241E-01    1.223437E-01    2.403546E-02
    5.719159E-01    5.836547E-01    7.976233E-01    1.168131E-01    1.504588E-01    2.710105E-02
    5.722853E-01    5.842977E-01    8.018860E-01    1.078836E-01    1.437137E-01    4.430417E-02
    5.726537E-01    5.849457E-01    8.061690E-01    1.040949E-01    1.045992E-01    1.618794E-02
    5.730212E-01    5.855987E-01    8.104703E-01    1.049594E-01    5.089148E-02    1.218617E-02
    5.733874E-01    5.862565E-01    8.147875E-01    1.094110E-01    2.792029E-03    3.209450E-02
    5.737522E-01    5.869192E-01    8.191184E-01    1.162475E-01   -2.354534E-02    3.370534E-02
    5.741155E-01    5.875868E-01    8.234606E-01    1.246126E-01   -1.723808E-02    3.035059E-02
    5.744772E-01    5.882593E-01    8.278115E-01    1.343542E-01    2.181167E-02    4.661084E-03
    5.748370E-01    5.889366E-01    8.321685E-01    1.461095E-01    7.503756E-02    3.365840E-02
    5.751950E-01    5.896187E-01    8.365289E-01    1.610416E-01    1.112393E-01    3.130239E-02
    5.755509E-01    5.903057E-01    8.408898E-01    1.802585E-01    1.122720E-01    3.035286E-02
    5.759046E-01    5.909976E-01    8.452483E-01    2.040664E-01    9.379039E-02    7.039020E-03
    5.762561E-01    5.916945E-01    8.496012E-01    2.313067E-01    8.926025E-02    3.174788E-02
    5.766052E-01    5.923963E-01    8.539453E-01    2.590499E-01    1.061955E-01    3.371775E-02
    5.769519E-01    5.931031E-01    8.582773E-01    2.828599E-01    1.089226E-01    2.305314E-02
    5.772961E-01    5.938151E-01    8.625937E-01    2.976852E-01    6.202013E-02    1.326964E-02
    5.776376E-01    5.945321E-01    8.668910E-01    2.992228E-01   -1.130559E-02    3.084527E-02
    5.779764E-01    5.952545E-01    8.711655E-01    2.853933E-01   -3.880785E-02    3.480623E-02
    5.783124E-01    5.959821E-01    8.754133E-01    2.574389E-01    1.746938E-02    1.501759E-02
    5.786455E-01    5.967152E-01    8.796305E-01    2.201812E-01    1.058494E-01    1.891285E-02
    5.789758E-01    5.974538E-01    8.838130E-01    1.811724E-01    1.410229E-01    3.735489E-02
    5.793031E-01    5.981980E-01    8.879566E-01    1.488178E-01    1.081123E-01    2.184163E-02
    5.796274E-01    5.989479E-01    8.920570E-01    1.299369E-01    7.367271E-02    1.890563E-02
    5.799486E-01    5.997037E-01    8.961098E-01    1.275280E-01    8.496743E-02    2.343870E-02
    5.802666E-01    6.004655E-01    9.001103E-01    1.395742E-01    1.028739E-01    3.745420E-02
    5.805816E-01    6.012334E-01    9.040539E-01    1.594858E-01    6.933490E-02    1.181555E-02
    5.808933E-01    6.020076E-01    9.079358E-01    1.782548E-01    6.257245E-03    2.541969E-02
    5.812018E-01    6.027882E-01    9.117511E-01    1.877414E-01   -9.122894E-03    3.045190E-02
    5.815070E-01    6.035754E-01    9.154948E-01    1.839613E-01    4.486848E-02    2.400484E-02
    5.818089E-01    6.043694E-01    9.191617E-01    1.690553E-01    1.081548E-01    1.561985E-02
    5.821075E-01    6.051703E-01    9.227467E-01    1.509492E-01    1.270403E-01    3.160951E-02
    5.824028E-01    6.059782E-01    9.262444E-01    1.405203E-01    1.106433E-01    2.857376E-02
    5.826948E-01    6.067935E-01    9.296495E-01    1.471234E-01    8.830785E-02    1.035491E-02
    5.829834E-01    6.076162E-01    9.329565E-01    1.741809E-01    6.743713E-02    3.537690E-02
    5.832686E-01    6.084466E-01    9.361598E-01    2.167736E-01    4.966907E-02    2.399771E-02
    5.835504E-01    6.092848E-01    9.392539E-01    2.625761E-01    4.039455E-02    1.495915E-02
    5.838289E-01    6.101311E-01    9.422331E-01    2.961621E-01    3.654198E-02    3.433360E-02
    5.841039E-01    6.109857E-01    9.450917E-01    3.051617E-01    4.545350E-02    1.920708E-02
    5.843756E-01    6.118488E-01    9.478241E-01    2.856904E-01    8.880221E-02    2.011324E-02
    5.846438E-01    6.127207E-01    9.504244E-01    2.444818E-01    1.399556E-01    3.408853E-02
    5.849087E-01    6.136015E-01    9.528871E-01    1.964284E-01    1.260562E-01    1.591554E-02
    5.851702E-01    6.144915E-01    9.552064E-01    1.583201E-01    5.500232E-02    2.151590E-02
    5.854283E-01    6.153910E-01    9.573766E-01    1.415278E-01    2.799249E-02    3.385116E-02
    5.856831E-01    6.163001E-01    9.593921E-01    1.471571E-01    6.108829E-02    1.519172E-02
    5.859345E-01    6.172192E-01    9.612474E-01    1.662124E-01    6.346115E-02    2.585165E-02
    5.861826E-01    6.181485E-01    9.629370E-01    1.848608E-01    4.112574E-02    2.958956E-02
    5.864273E-01    6.190882E-01    9.644556E-01    1.921377E-01    8.516160E-02    1.117367E-02
    5.866687E-01    6.200387E-01    9.657978E-01    1.859259E-01    1.461291E-01    3.160909E-02
    5.869068E-01    6.210002E-01    9.669588E-01    1.737852E-01    1.095737E-01    2.773852E-02
    5.871417E-01    6.219729E-01    9.679335E-01    1.680335E-01    3.744969E-02    1.568809E-02
    5.873733E-01    6.229572E-01    9.687173E-01    1.778861E-01    3.916614E-02    2.906250E-02
    5.876017E-01    6.239534E-01    9.693056E-01    2.033889E-01    6.470084E-02    1.911752E-02
    5.878268E-01    6.249616E-01    9.696945E-01    2.349577E-01    6.184757E-02    2.636116E-02
    5.880488E-01    6.259824E-01    9.698798E-01    2.588950E-01    8.120039E-02    2.060480E-02
    5.882676E-01    6.270158E-01    9.698580E-01    2.653755E-01    1.161416E-01    1.897820E-02
    5.884833E-01    6.280623E-01    9.696258E-01    2.537020E-01    1.086827E-01    3.482688E-02
    5.886959E-01    6.291221E-01    9.691804E-01    2.314826E-01    6.790442E-02    1.848289E-02
    5.889054E-01    6.301956E-01    9.685193E-01    2.086921E-01    3.380039E-02    2.668748E-02
    5.891119E-01    6.312830E-01    9.676404E-01    1.912766E-01    4.521699E-02    1.873345E-02
    5.893153E-01    6.323848E-01    9.665422E-01    1.791435E-01    9.252774E-02    2.549053E-02
    5.895157E-01    6.335011E-01    9.652237E-01    1.696485E-01    9.950833E-02    2.862778E-02
    5.897132E-01    6.346324E-01    9.636843E-01    1.628919E-01    8.881711E-02    1.841378E-02
    5.899077E-01    6.357790E-01    9.619242E-01    1.633758E-01    1.046476E-01    2.558936E-02
    5.900994E-01    6.369411E-01    9.599439E-01    1.758140E-01    6.158659E-02    1.336493E-02
    5.902882E-01    6.381192E-01    9.577450E-01    1.987180E-01    1.841927E-02    2.894558E-02
    5.904741E-01    6.393136E-01    9.553293E-01    2.224896E-01    8.446526E-02    1.905311E-02
    5.906573E-01    6.405246E-01    9.526997E-01    2.354574E-01    1.125660E-01    3.092392E-02
    5.908377E-01    6.417526E-01    9.498596E-01    2.336333E-01    8.159642E-02    1.939240E-02
    5.910154E-01    6.429979E-01    9.468133E-01    2.249243E-01    9.864323E-02    2.595919E-02
    5.911904E-01    6.442609E-01    9.435659E-01    2.221350E-01    6.865516E-02    1.750330E-02
    5.913627E-01    6.455419E-01    9.401232E-01    2.296765E-01    3.156832E-02    2.381197E-02
    5.915324E-01    6.468413E-01    9.364921E-01    2.368707E-01    8.037319E-02    1.951236E-02
    5.916995E-01    6.481595E-01    9.326802E-01    2.267469E-01    1.089728E-01    2.592980E-02
    5.918641E-01    6.494967E-01    9.286962E-01    1.944741E-01    9.715929E-02    2.202027E-02
    5.920262E-01    6.508534E-01    9.245495E-01    1.575079E-01    7.524356E-02    2.765811E-02
    5.921858E-01    6.522299E-01    9.202505E-01    1.442250E-01    6.135066E-02    2.161787E-02
    5.923430E-01    6.536267E-01    9.158107E-01    1.682817E-01    5.753442E-02    2.820784E-02
    5.924978E-01    6.550439E-01    9.112424E-01    2.130984E-01    7.936466E-02    2.070103E-02
    5.926502E-01    6.564822E-01    9.065589E-01    2.446461E-01    1.250796E-01    3.062323E-02
    5.928003E-01    6.579416E-01    9.017745E-01    2.430130E-01    7.615612E-02    2.162717E-02
    5.929482E-01    6.594228E-01    8.969045E-01    2.212301E-01    5.811998E-02    3.209896E-02
    5.930938E-01    6.609260E-01    8.919648E-01    2.099369E-01    7.442614E-02    2.083719E-02
    5.932372E-01    6.624515E-01    8.869727E-01    2.225820E-01    6.104088E-02    2.961343E-02
    5.933784E-01    6.639998E-01    8.819459E-01    2.396516E-01    1.228960E-01    2.379778E-02
    5.935175E-01    6.655713E-01    8.769032E-01    2.316055E-01    8.685636E-02    2.844274E-02
    5.936546E-01    6.671662E-01    8.718641E-01    1.956114E-01    5.550218E-02    2.825785E-02
    5.937896E-01    6.687850E-01    8.668489E-01    1.623873E-01    7.170414E-02    2.093846E-02
    5.939226E-01    6.704279E-01    8.618784E-01    1.630155E-01    7.729090E-02    2.839687E-02
    5.940537E-01    6.720955E-01    8.569741E-01    1.944971E-01    1.078904E-01    1.801245E-02
    5.941829E-01    6.737879E-01    8.521581E-01    2.256670E-01    8.979237E-02    2.187488E-02
    5.943102E-01    6.755057E-01    8.474526E-01    2.347321E-01    5.327828E-02    1.800763E-02
    5.944357E-01    6.772490E-01    8.428805E-01    2.298110E-01    7.196707E-02    1.727415E-02
    5.945594E-01    6.790183E-01    8.384645E-01    2.287066E-01    9.758494E-02    2.670399E-02
    5.946813E-01    6.808139E-01    8.342276E-01    2.308370E-01    9.222348E-02    2.138578E-02
    5.948016E-01    6.826362E-01    8.301926E-01    2.223865E-01    8.802549E-02    2.724296E-02
    5.949202E-01    6.844854E-01    8.263822E-01    2.030537E-01    4.138506E-02    2.548267E-02
    5.950372E-01    6.863619E-01    8.228186E-01    1.895010E-01    1.037287E-01    1.532128E-02
    5.951527E-01    6.882661E-01    8.195234E-01    1.902162E-01    8.568508E-02    2.160042E-02
    5.952666E-01    6.901981E-01    8.165177E-01    1.955627E-01    9.805823E-02    2.529525E-02
    5.953791E-01    6.921583E-01    8.138215E-01    2.004389E-01    5.246306E-02    2.229510E-02
    5.954902E-01    6.941471E-01    8.114537E-01    2.159776E-01    8.091643E-02    2.317467E-02
    5.955999E-01    6.961647E-01    8.094320E-01    2.424403E-01    1.017937E-01    2.209533E-02
    5.957083E-01    6.982113E-01    8.077725E-01    2.519582E-01    8.577616E-02    1.812660E-02
    5.958154E-01    7.002873E-01    8.064896E-01    2.261794E-01    7.021564E-02    2.671231E-02
    5.959213E-01    7.023928E-01    8.055959E-01    1.937953E-01    6.655163E-02    2.331420E-02
    5.960261E-01    7.045282E-01    8.051016E-01    1.930417E-01    1.115723E-01    1.844363E-02
    5.961298E-01    7.066936E-01    8.050150E-01    2.104874E-01    7.663736E-02    2.254958E-02
    5.962324E-01    7.088893E-01    8.053413E-01    2.061508E-01    7.825761E-02    2.451672E-02
    5.963340E-01    7.111155E-01    8.060835E-01    1.897967E-01    6.427966E-02    2.232938E-02
    5.964347E-01    7.133723E-01    8.072412E-01    2.069164E-01    1.158155E-01    2.107650E-02
    5.965345E-01    7.156600E-01    8.088113E-01    2.484241E-01    7.085074E-02    1.919416E-02
    5.966335E-01    7.179786E-01    8.107873E-01    2.535901E-01    7.503617E-02    2.580742E-02
    5.967318E-01    7.203284E-01    8.131591E-01    2.148878E-01    8.097659E-02    2.469101E-02
    5.968293E-01    7.227094E-01    8.159133E-01    1.918877E-01    1.025859E-01    1.753295E-02
    5.969263E-01    7.251217E-01    8.190330E-01    2.043591E-01    7.336960E-02    2.243007E-02
    5.970227E-01    7.275654E-01    8.224973E-01    2.092424E-01    7.251784E-02    1.997753E-02
    5.971187E-01    7.300405E-01    8.262818E-01    1.979957E-01    9.203551E-02    2.828864E-02
    5.972142E-01    7.325472E-01    8.303584E-01    2.089370E-01    1.008585E-01    2.097957E-02
    5.973094E-01    7.350853E-01    8.346954E-01    2.369213E-01    5.241189E-02    2.196267E-02
    5.974044E-01    7.376549E-01    8.392574E-01    2.402815E-01    1.005763E-01    1.580406E-02
    5.974993E-01    7.402560E-01    8.440057E-01    2.225276E-01    8.931156E-02    2.402266E-02
    5.975941E-01    7.428883E-01    8.488984E-01    2.096845E-01    7.581244E-02    2.216444E-02
    5.976889E-01    7.455520E-01    8.538905E-01    1.981389E-01    7.775439E-02    2.801713E-02
    5.977838E-01    7.482467E-01    8.589345E-01    1.943727E-01    9.909378E-02    2.265832E-02
    5.978789E-01    7.509725E-01    8.639803E-01    2.150854E-01    7.910228E-02    2.081020E-02
    5.979744E-01    7.537290E-01    8.689762E-01    2.312612E-01    7.167666E-02    2.100588E-02
    5.980703E-01    7.565160E-01    8.738689E-01    2.237434E-01    1.045597E-01    1.624597E-02
    5.981668E-01    7.593333E-01    8.786042E-01    2.272630E-01    7.300426E-02    2.101072E-02
    5.982640E-01    7.621805E-01    8.831276E-01    2.310814E-01    8.014462E-02    2.256748E-02
    5.983619E-01    7.650574E-01    8.873848E-01    1.983424E-01    9.694057E-02    2.049141E-02
    5.984608E-01    7.679636E-01    8.913226E-01    1.846662E-01    7.922569E-02    2.449480E-02
    5.985607E-01    7.708986E-01    8.948894E-01    2.224781E-01    7.721961E-02    2.703157E-02
    5.986619E-01    7.738619E-01    8.980363E-01    2.339064E-01    9.346253E-02    2.428995E-02
    5.987644E-01    7.768532E-01    9.007173E-01    2.169640E-01    9.033736E-02    2.330159E-02
    5.988685E-01    7.798718E-01    9.028907E-01    2.308515E-01    6.987445E-02    2.593938E-02
    5.989742E-01    7.829171E-01    9.045197E-01    2.266424E-01    8.965790E-02    2.755745E-02
    5.990819E-01    7.859885E-01    9.055730E-01    1.915959E-01    9.488806E-02    2.600226E-02
    5.991916E-01    7.890853E-01    9.060260E-01    2.009506E-01    7.645746E-02    2.360802E-02
    5.993036E-01    7.922068E-01    9.058612E-01    2.266059E-01    8.773202E-02    2.322149E-02
    5.994181E-01    7.953522E-01    9.050689E-01    2.266615E-01    8.132400E-02    2.508963E-02
    5.995353E-01    7.985207E-01    9.036481E-01    2.305018E-01    8.465723E-02    2.702110E-02
    5.996555E-01    8.017113E-01    9.016069E-01    2.210061E-01    9.525412E-02    2.766205E-02
    5.997788E-01    8.049231E-01    8.989630E-01    2.048723E-01    7.901904E-02    2.836891E-02
    5.999056E-01    8.081551E-01    8.957437E-01    2.076971E-01    8.994834E-02    2.871774E-02
    6.000362E-01    8.114062E-01    8.919865E-01    2.096129E-01    7.758355E-02    2.604255E-02
    6.001708E-01    8.146754E-01    8.877389E-01    2.317651E-01    7.647351E-02    2.313479E-02
    6.003098E-01    8.179615E-01    8.830581E-01    2.387784E-01    1.071998E-01    2.097314E-02
    6.004535E-01    8.212631E-01    8.780108E-01    2.067367E-01    7.800961E-02    1.811462E-02
    6.006022E-01    8.245791E-01    8.726728E-01    2.131326E-01    8.566087E-02    1.979962E-02
    6.007563E-01    8.279081E-01    8.671277E-01    2.115145E-01    9.346692E-02    2.167768E-02
    6.009163E-01    8.312486E-01    8.614663E-01    2.063378E-01    7.705645E-02    2.518707E-02
    6.010825E-01    8.345993E-01    8.557851E-01    2.436981E-01    8.893863E-02    2.395621E-02
    6.012554E-01    8.379585E-01    8.501853E-01    2.251598E-01    6.783337E-02    2.099086E-02
    6.014354E-01    8.413247E-01    8.447703E-01    2.068634E-01    9.329602E-02    1.680418E-02
    6.016232E-01    8.446962E-01    8.396449E-01    2.153140E-01    9.120878E-02    1.996658E-02
    6.018191E-01    8.480713E-01    8.349121E-01    2.066849E-01    8.419963E-02    2.438976E-02
    6.020237E-01    8.514483E-01    8.306721E-01    2.301497E-01    9.169145E-02    2.427593E-02
    6.022377E-01    8.548252E-01    8.270190E-01    2.310042E-01    7.771572E-02    2.072772E-02
    6.024617E-01    8.582004E-01    8.240392E-01    2.184913E-01    1.045278E-01    1.896541E-02
    6.026963E-01    8.615717E-01    8.218085E-01    2.051441E-01    8.625490E-02    2.104344E-02
    6.029424E-01    8.649373E-01    8.203903E-01    2.132321E-01    1.009791E-01    2.410219E-02
    6.032005E-01    8.682950E-01    8.198330E-01    2.285288E-01    8.107648E-02    2.272116E-02
    6.034715E-01    8.716428E-01    8.201681E-01    2.236275E-01    9.047490E-02    1.712264E-02
    6.037563E-01    8.749787E-01    8.214086E-01    2.294419E-01    8.696023E-02    2.469149E-02
    6.040558E-01    8.783003E-01    8.235474E-01    1.965324E-01    9.423569E-02    2.314856E-02
    6.043708E-01    8.816055E-01    8.265561E-01    2.218051E-01    9.833579E-02    1.498977E-02
    6.047025E-01    8.848921E-01    8.303849E-01    2.245516E-01    9.478341E-02    2.692141E-02
    6.050519E-01    8.881578E-01    8.349619E-01    2.269805E-01    9.769312E-02    1.849663E-02
    6.054200E-01    8.914003E-01    8.401941E-01    2.212055E-01    8.596507E-02    2.048383E-02
    6.058081E-01    8.946174E-01    8.459683E-01    2.016133E-01    8.905525E-02    2.418865E-02
    6.062175E-01    8.978066E-01    8.521528E-01    2.242198E-01    7.631815E-02    1.756396E-02
    6.066494E-01    9.009658E-01    8.586003E-01    2.264640E-01    8.173775E-02    2.496946E-02
    6.071052E-01    9.040925E-01    8.651502E-01    2.254804E-01    7.390699E-02    1.825137E-02
    6.075866E-01    9.071845E-01    8.716328E-01    2.106787E-01    8.314395E-02    2.261172E-02
    6.080949E-01    9.102395E-01    8.778736E-01    2.120667E-01    8.390839E-02    2.333873E-02
    6.086319E-01    9.132552E-01    8.836977E-01    2.252466E-01    9.220469E-02    1.732392E-02
    6.091993E-01    9.162295E-01    8.889350E-01    2.307424E-01    9.521752E-02    2.419028E-02
    6.097989E-01    9.191601E-01    8.934253E-01    2.106757E-01    8.983597E-02    2.075077E-02
    6.104326E-01    9.220450E-01    8.970242E-01    2.159438E-01    9.214811E-02    2.338308E-02
    6.111025E-01    9.248822E-01    8.996074E-01    2.151016E-01    8.068835E-02    1.787780E-02
    6.118107E-01    9.276696E-01    9.010767E-01    2.363201E-01    9.891830E-02    2.067877E-02
    6.125593E-01    9.304055E-01    9.013634E-01    2.113701E-01    9.024466E-02    2.242106E-02
    6.133509E-01    9.330881E-01    9.004329E-01    2.150043E-01    1.060995E-01    2.086475E-02
    6.141878E-01    9.357157E-01    8.982866E-01    2.165754E-01    8.535526E-02    2.638249E-02
    6.150725E-01    9.382870E-01    8.949645E-01    2.298236E-01    9.423789E-02    1.925642E-02
    6.160078E-01    9.408005E-01    8.905449E-01    2.200226E-01    9.439447E-02    2.522484E-02
    6.169964E-01    9.432550E-01    8.851439E-01    2.063369E-01    9.384844E-02    2.199056E-02
    6.180413E-01    9.456497E-01    8.789128E-01    2.251790E-01    9.200922E-02    2.019695E-02
    6.191455E-01    9.479835E-01    8.720345E-01    2.212506E-01    7.308709E-02    2.629464E-02
    6.203122E-01    9.502561E-01    8.647179E-01    2.247022E-01    9.120886E-02    2.175294E-02
    6.215446E-01    9.524668E-01    8.571920E-01    2.034100E-01    7.683199E-02    2.224210E-02
    6.228462E-01    9.546157E-01    8.496974E-01    2.263733E-01    7.426418E-02    2.728193E-02
    6.242204E-01    9.567028E-01    8.424783E-01    2.233714E-01    8.572068E-02    2.180653E-02
    6.256709E-01    9.587284E-01    8.357730E-01    2.157943E-01    8.453069E-02    1.775172E-02
    6.272014E-01    9.606931E-01    8.298048E-01    2.118383E-01    9.511127E-02    2.083029E-02
    6.288158E-01    9.625978E-01    8.247725E-01    2.214424E-01    9.019896E-02    2.032664E-02
    6.305180E-01    9.644436E-01    8.208420E-01    2.252896E-01    9.452078E-02    1.852248E-02
    6.323120E-01    9.662321E-01    8.181383E-01    2.116395E-01    8.715959E-02    2.237030E-02
    6.342019E-01    9.679649E-01    8.167400E-01    2.104551E-01    7.343106E-02    2.467640E-02
    6.361920E-01    9.696441E-01    8.166740E-01    2.306989E-01    8.621586E-02    1.993456E-02
    6.382863E-01    9.712720E-01    8.179140E-01    2.111535E-01    8.135369E-02    1.725388E-02
    6.404893E-01    9.728512E-01    8.203798E-01    2.169476E-01    8.864597E-02    2.122586E-02
    6.428052E-01    9.743846E-01    8.239400E-01    2.113926E-01    9.948485E-02    2.290496E-02
    6.452382E-01    9.758755E-01    8.284165E-01    2.268387E-01    8.206132E-02    2.103873E-02
    6.477928E-01    9.773274E-01    8.335916E-01    2.128002E-01    8.196480E-02    2.180958E-02
    6.504732E-01    9.787438E-01    8.392169E-01    2.075947E-01    8.153483E-02    1.977141E-02
    6.532835E-01    9.801289E-01    8.450236E-01    2.233900E-01    8.154498E-02    1.626468E-02
    6.562280E-01    9.814868E-01    8.507342E-01    2.185435E-01    9.274582E-02    2.213465E-02
    6.593106E-01    9.828218E-01    8.560746E-01    2.051473E-01    9.224416E-02    2.532844E-02
    6.625353E-01    9.841386E-01    8.607862E-01    2.185101E-01    8.171466E-02    1.931781E-02
    6.659058E-01    9.854420E-01    8.646374E-01    2.159410E-01    7.703069E-02    1.926022E-02
    6.694257E-01    9.867366E-01    8.674335E-01    2.147916E-01    8.626647E-02    1.946911E-02
    6.730984E-01    9.880275E-01    8.690250E-01    2.070416E-01    8.341815E-02    1.761577E-02
    6.769270E-01    9.893196E-01    8.693140E-01    2.138812E-01    9.216321E-02    2.362870E-02
    6.809144E-01    9.906179E-01    8.682577E-01    2.216084E-01    8.992168E-02    2.395131E-02
    6.850631E-01    9.919273E-01    8.658690E-01    2.007285E-01    6.991558E-02    1.776125E-02
    6.893753E-01    9.932528E-01    8.622151E-01    2.121041E-01    8.607282E-02    1.881519E-02
    6.938530E-01    9.945991E-01    8.574127E-01    2.174498E-01    8.351841E-02    1.981127E-02
    6.984977E-01    9.959710E-01    8.516217E-01    2.071915E-01    8.368817E-02    1.913108E-02
    7.033104E-01    9.973729E-01    8.450366E-01    2.053491E-01    9.681434E-02    2.258277E-02
    7.082921E-01    9.988090E-01    8.378765E-01    2.112888E-01    7.420381E-02    2.190649E-02
    7.134428E-01    1.000283E+00    8.303744E-01    2.114358E-01    7.747503E-02    1.620942E-02
    7.187624E-01    1.001800E+00    8.227667E-01    2.072302E-01    8.427574E-02    1.699553E-02
    7.242503E-01    1.003362E+00    8.152823E-01    1.971962E-01    7.403803E-02    2.310947E-02
    7.299055E-01    1.004972E+00    8.081329E-01    2.181611E-01    9.307192E-02    2.303099E-02
    7.357263E-01    1.006634E+00    8.015050E-01    2.021071E-01    8.814634E-02    1.725912E-02
    7.417107E-01    1.008349E+00    7.955534E-01    2.018915E-01    7.672836E-02    1.647127E-02
    7.478562E-01    1.010120E+00    7.903959E-01    2.020616E-01    8.708902E-02    2.016451E-02
    7.541598E-01    1.011948E+00    7.861108E-01    2.085362E-01    7.257612E-02    1.919696E-02
    7.606181E-01    1.013834E+00    7.827364E-01    2.037501E-01    7.316905E-02    1.821361E-02
    7.672272E-01    1.015780E+00    7.802718E-01    1.927004E-01    7.863617E-02    2.289869E-02
    7.739828E-01    1.017785E+00    7.786796E-01    2.045564E-01    7.763560E-02    2.168095E-02
    7.808801E-01    1.019849E+00    7.778902E-01    2.027961E-01    8.308648E-02    1.922398E-02
    7.879142E-01    1.021971E+00    7.778068E-01    1.995985E-01    7.505981E-02    2.376300E-02
    7.950796E-01    1.024152E+00    7.783114E-01    1.901371E-01    8.942493E-02    2.004841E-02
    8.023704E-01    1.026389E+00    7.792708E-01    1.999494E-01    8.489829E-02    2.113450E-02
    8.097806E-01    1.028682E+00    7.805432E-01    2.000901E-01    8.344557E-02    2.036419E-02
    8.173039E-01    1.031028E+00    7.819837E-01    1.954249E-01    8.249118E-02    1.543976E-02
    8.249336E-01    1.033425E+00    7.834503E-01    1.873039E-01    8.135648E-02    1.781428E-02
