    5.649471E-08    9.786710E-07    4.725012E-06    8.772088E-05    2.006875E-04    5.649471E-04
    5.862546E-08    1.015582E-06    4.903220E-06    9.102935E-05    2.082566E-04    5.862546E-04
    6.085351E-08    1.054180E-06    5.089566E-06    9.448891E-05    2.161713E-04    6.085351E-04
    6.318122E-08    1.094503E-06    5.284247E-06    9.810320E-05    2.244401E-04    6.318122E-04
    6.561112E-08    1.136597E-06    5.487476E-06    1.018762E-04    2.330719E-04    6.561112E-04
    6.814595E-08    1.180508E-06    5.699479E-06    1.058121E-04    2.420764E-04    6.814594E-04
    7.078861E-08    1.226288E-06    5.920502E-06    1.099154E-04    2.514640E-04    7.078861E-04
    7.354221E-08    1.273989E-06    6.150803E-06    1.141910E-04    2.612457E-04    7.354220E-04
    7.641002E-08    1.323669E-06    6.390657E-06    1.186439E-04    2.714331E-04    7.641002E-04
    7.939554E-08    1.375387E-06    6.640354E-06    1.232796E-04    2.820386E-04    7.939553E-04
    8.250243E-08    1.429209E-06    6.900203E-06    1.281038E-04    2.930753E-04    8.250242E-04
    8.573454E-08    1.485199E-06    7.170525E-06    1.331224E-04    3.045568E-04    8.573453E-04
    8.909594E-08    1.543430E-06    7.451660E-06    1.383417E-04    3.164976E-04    8.909592E-04
    9.259089E-08    1.603973E-06    7.743965E-06    1.437684E-04    3.289128E-04    9.259087E-04
    9.622385E-08    1.666908E-06    8.047813E-06    1.494094E-04    3.418182E-04    9.622383E-04
    9.999950E-08    1.732315E-06    8.363595E-06    1.552720E-04    3.552305E-04    9.999948E-04
    1.039227E-07    1.800278E-06    8.691719E-06    1.613637E-04    3.691671E-04    1.039227E-03
    1.079986E-07    1.870885E-06    9.032613E-06    1.676924E-04    3.836460E-04    1.079986E-03
    1.122326E-07    1.944231E-06    9.386723E-06    1.742665E-04    3.986863E-04    1.122325E-03
    1.166301E-07    2.020409E-06    9.754513E-06    1.810947E-04    4.143076E-04    1.166300E-03
    1.211969E-07    2.099522E-06    1.013647E-05    1.881858E-04    4.305306E-04    1.211969E-03
    1.259392E-07    2.181674E-06    1.053310E-05    1.955492E-04    4.473767E-04    1.259391E-03
    1.308632E-07    2.266973E-06    1.094492E-05    2.031948E-04    4.648683E-04    1.308631E-03
    1.359754E-07    2.355534E-06    1.137249E-05    2.111327E-04    4.830286E-04    1.359753E-03
    1.412827E-07    2.447474E-06    1.181637E-05    2.193736E-04    5.018819E-04    1.412826E-03
    1.467922E-07    2.542916E-06    1.227717E-05    2.279283E-04    5.214533E-04    1.467921E-03
    1.525112E-07    2.641988E-06    1.275548E-05    2.368083E-04    5.417691E-04    1.525111E-03
    1.584475E-07    2.744822E-06    1.325197E-05    2.460257E-04    5.628565E-04    1.584473E-03
    1.646089E-07    2.851558E-06    1.376729E-05    2.555927E-04    5.847439E-04    1.646087E-03
    1.710037E-07    2.962338E-06    1.430213E-05    2.655222E-04    6.074605E-04    1.710036E-03
    1.776407E-07    3.077311E-06    1.485722E-05    2.758275E-04    6.310371E-04    1.776405E-03
    1.845287E-07    3.196633E-06    1.543331E-05    2.865227E-04    6.555054E-04    1.845285E-03
    1.916769E-07    3.320464E-06    1.603116E-05    2.976220E-04    6.808983E-04    1.916767E-03
    1.990952E-07    3.448972E-06    1.665160E-05    3.091405E-04    7.072503E-04    1.990949E-03
    2.067934E-07    3.582330E-06    1.729545E-05    3.210937E-04    7.345968E-04    2.067931E-03
    2.147820E-07    3.720718E-06    1.796358E-05    3.334978E-04    7.629748E-04    2.147816E-03
    2.230717E-07    3.864323E-06    1.865691E-05    3.463695E-04    7.924227E-04    2.230714E-03
    2.316739E-07    4.013341E-06    1.937636E-05    3.597264E-04    8.229804E-04    2.316735E-03
    2.406001E-07    4.167972E-06    2.012292E-05    3.735864E-04    8.546892E-04    2.405997E-03
    2.498625E-07    4.328426E-06    2.089759E-05    3.879683E-04    8.875921E-04    2.498620E-03
    2.594735E-07    4.494920E-06    2.170142E-05    4.028916E-04    9.217335E-04    2.594729E-03
    2.694463E-07    4.667680E-06    2.253550E-05    4.183765E-04    9.571599E-04    2.694456E-03
    2.797942E-07    4.846940E-06    2.340097E-05    4.344441E-04    9.939191E-04    2.797935E-03
    2.905314E-07    5.032943E-06    2.429899E-05    4.511160E-04    1.032061E-03    2.905306E-03
    3.016724E-07    5.225942E-06    2.523079E-05    4.684150E-04    1.071638E-03    3.016715E-03
    3.132324E-07    5.426197E-06    2.619762E-05    4.863644E-04    1.112702E-03    3.132314E-03
    3.252269E-07    5.633982E-06    2.720080E-05    5.049887E-04    1.155311E-03    3.252258E-03
    3.376724E-07    5.849577E-06    2.824169E-05    5.243130E-04    1.199521E-03    3.376711E-03
    3.505855E-07    6.073275E-06    2.932170E-05    5.443637E-04    1.245392E-03    3.505841E-03
    3.639840E-07    6.305379E-06    3.044230E-05    5.651678E-04    1.292988E-03    3.639824E-03
    3.778859E-07    6.546206E-06    3.160501E-05    5.867537E-04    1.342372E-03    3.778841E-03
    3.923102E-07    6.796081E-06    3.281140E-05    6.091507E-04    1.393612E-03    3.923082E-03
    4.072764E-07    7.055343E-06    3.406312E-05    6.323891E-04    1.446776E-03    4.072741E-03
    4.228048E-07    7.324346E-06    3.536185E-05    6.565004E-04    1.501938E-03    4.228023E-03
    4.389165E-07    7.603452E-06    3.670938E-05    6.815175E-04    1.559172E-03    4.389137E-03
    4.556334E-07    7.893043E-06    3.810752E-05    7.074743E-04    1.618556E-03    4.556303E-03
    4.729781E-07    8.193510E-06    3.955817E-05    7.344059E-04    1.680170E-03    4.729746E-03
    4.909743E-07    8.505262E-06    4.106331E-05    7.623491E-04    1.744098E-03    4.909704E-03
    5.096463E-07    8.828722E-06    4.262497E-05    7.913416E-04    1.810427E-03    5.096420E-03
    5.290195E-07    9.164328E-06    4.424527E-05    8.214229E-04    1.879246E-03    5.290147E-03
    5.491202E-07    9.512537E-06    4.592642E-05    8.526338E-04    1.950650E-03    5.491148E-03
    5.699757E-07    9.873822E-06    4.767070E-05    8.850166E-04    2.024735E-03    5.699696E-03
    5.916143E-07    1.024867E-05    4.948047E-05    9.186154E-04    2.101602E-03    5.916075E-03
    6.140653E-07    1.063760E-05    5.135819E-05    9.534757E-04    2.181355E-03    6.140577E-03
    6.373593E-07    1.104112E-05    5.330641E-05    9.896448E-04    2.264102E-03    6.373508E-03
    6.615278E-07    1.145980E-05    5.532778E-05    1.027172E-03    2.349956E-03    6.615183E-03
    6.866037E-07    1.189420E-05    5.742504E-05    1.066108E-03    2.439034E-03    6.865931E-03
    7.126210E-07    1.234490E-05    5.960103E-05    1.106506E-03    2.531455E-03    7.126092E-03
    7.396150E-07    1.281252E-05    6.185871E-05    1.148420E-03    2.627346E-03    7.396018E-03
    7.676223E-07    1.329770E-05    6.420114E-05    1.191908E-03    2.726836E-03    7.676076E-03
    7.966810E-07    1.380109E-05    6.663150E-05    1.237028E-03    2.830061E-03    7.966646E-03
    8.268305E-07    1.432338E-05    6.915310E-05    1.283842E-03    2.937161E-03    8.268122E-03
    8.581117E-07    1.486527E-05    7.176934E-05    1.332413E-03    3.048281E-03    8.580912E-03
    8.905670E-07    1.542750E-05    7.448379E-05    1.382807E-03    3.163572E-03    8.905442E-03
    9.242406E-07    1.601083E-05    7.730012E-05    1.435093E-03    3.283190E-03    9.242150E-03
    9.591780E-07    1.661606E-05    8.022216E-05    1.489341E-03    3.407297E-03    9.591494E-03
    9.954266E-07    1.724401E-05    8.325386E-05    1.545625E-03    3.536063E-03    9.953948E-03
    1.033036E-06    1.789552E-05    8.639936E-05    1.604021E-03    3.669661E-03    1.033000E-02
    1.072056E-06    1.857148E-05    8.966289E-05    1.664610E-03    3.808273E-03    1.072017E-02
    1.112541E-06    1.927281E-05    9.304891E-05    1.727472E-03    3.952086E-03    1.112497E-02
    1.154546E-06    2.000046E-05    9.656200E-05    1.792693E-03    4.101297E-03    1.154496E-02
    1.198126E-06    2.075542E-05    1.002069E-04    1.860361E-03    4.256106E-03    1.198071E-02
    1.243342E-06    2.153870E-05    1.039886E-04    1.930569E-03    4.416725E-03    1.243280E-02
    1.290255E-06    2.235138E-05    1.079122E-04    2.003411E-03    4.583370E-03    1.290185E-02
    1.338927E-06    2.319455E-05    1.119830E-04    2.078986E-03    4.756268E-03    1.338850E-02
    1.389427E-06    2.406936E-05    1.162066E-04    2.157397E-03    4.935653E-03    1.389340E-02
    1.441820E-06    2.497699E-05    1.205886E-04    2.238750E-03    5.121769E-03    1.441724E-02
    1.496180E-06    2.591867E-05    1.251350E-04    2.323155E-03    5.314866E-03    1.496072E-02
    1.552579E-06    2.689568E-05    1.298520E-04    2.410727E-03    5.515208E-03    1.552459E-02
    1.611094E-06    2.790935E-05    1.347460E-04    2.501584E-03    5.723065E-03    1.610959E-02
    1.671803E-06    2.896104E-05    1.398236E-04    2.595849E-03    5.938719E-03    1.671654E-02
    1.734791E-06    3.005218E-05    1.450916E-04    2.693650E-03    6.162462E-03    1.734623E-02
    1.800140E-06    3.118425E-05    1.505572E-04    2.795120E-03    6.394597E-03    1.799954E-02
    1.867942E-06    3.235879E-05    1.562278E-04    2.900396E-03    6.635439E-03    1.867733E-02
    1.938286E-06    3.357737E-05    1.621112E-04    3.009620E-03    6.885313E-03    1.938053E-02
    2.011268E-06    3.484166E-05    1.682151E-04    3.122941E-03    7.144557E-03    2.011008E-02
    2.086987E-06    3.615337E-05    1.745480E-04    3.240511E-03    7.413523E-03    2.086697E-02
    2.165546E-06    3.751426E-05    1.811184E-04    3.362491E-03    7.692575E-03    2.165222E-02
    2.247051E-06    3.892619E-05    1.879352E-04    3.489044E-03    7.982089E-03    2.246689E-02
    2.331612E-06    4.039106E-05    1.950076E-04    3.620342E-03    8.282458E-03    2.331207E-02
    2.419344E-06    4.191085E-05    2.023451E-04    3.756564E-03    8.594088E-03    2.418891E-02
    2.510364E-06    4.348763E-05    2.099578E-04    3.897892E-03    8.917400E-03    2.509859E-02
    2.604798E-06    4.512351E-05    2.178558E-04    4.044519E-03    9.252830E-03    2.604234E-02
    2.702771E-06    4.682073E-05    2.260499E-04    4.196643E-03    9.600833E-03    2.702141E-02
    2.804417E-06    4.858156E-05    2.345512E-04    4.354468E-03    9.961879E-03    2.803713E-02
    2.909872E-06    5.040839E-05    2.433711E-04    4.518209E-03    1.033645E-02    2.909087E-02
    3.019280E-06    5.230370E-05    2.525216E-04    4.688086E-03    1.072507E-02    3.018403E-02
    3.132789E-06    5.427003E-05    2.620150E-04    4.864330E-03    1.112824E-02    3.131809E-02
    3.250551E-06    5.631004E-05    2.718642E-04    5.047178E-03    1.154652E-02    3.249456E-02
    3.372725E-06    5.842650E-05    2.820824E-04    5.236876E-03    1.198046E-02    3.371503E-02
    3.499477E-06    6.062225E-05    2.926835E-04    5.433682E-03    1.243066E-02    3.498112E-02
    3.630978E-06    6.290027E-05    3.036818E-04    5.637861E-03    1.289772E-02    3.629453E-02
    3.767404E-06    6.526362E-05    3.150920E-04    5.849688E-03    1.338227E-02    3.765702E-02
    3.908941E-06    6.771550E-05    3.269296E-04    6.069448E-03    1.388497E-02    3.907040E-02
    4.055779E-06    7.025920E-05    3.392106E-04    6.297439E-03    1.440649E-02    4.053655E-02
    4.208116E-06    7.289817E-05    3.519515E-04    6.533967E-03    1.494752E-02    4.205744E-02
    4.366157E-06    7.563595E-05    3.651695E-04    6.779352E-03    1.550881E-02    4.363509E-02
    4.530115E-06    7.847624E-05    3.788823E-04    7.033923E-03    1.609111E-02    4.527158E-02
    4.700212E-06    8.142286E-05    3.931086E-04    7.298023E-03    1.669519E-02    4.696909E-02
    4.876675E-06    8.447978E-05    4.078674E-04    7.572009E-03    1.732187E-02    4.872987E-02
    5.059744E-06    8.765111E-05    4.231785E-04    7.856248E-03    1.797200E-02    5.055624E-02
    5.249663E-06    9.094113E-05    4.390627E-04    8.151122E-03    1.864644E-02    5.245063E-02
    5.446688E-06    9.435425E-05    4.555412E-04    8.457029E-03    1.934609E-02    5.441552E-02
    5.651085E-06    9.789507E-05    4.726362E-04    8.774380E-03    2.007191E-02    5.645349E-02
    5.863128E-06    1.015683E-04    4.903707E-04    9.103600E-03    2.082486E-02    5.856722E-02
    6.083102E-06    1.053790E-04    5.087685E-04    9.445131E-03    2.160594E-02    6.075949E-02
    6.311302E-06    1.093322E-04    5.278543E-04    9.799432E-03    2.241620E-02    6.303314E-02
    6.548035E-06    1.134331E-04    5.476538E-04    1.016698E-02    2.325674E-02    6.539114E-02
    6.793617E-06    1.176874E-04    5.681934E-04    1.054826E-02    2.412866E-02    6.783656E-02
    7.048379E-06    1.221007E-04    5.895008E-04    1.094379E-02    2.503313E-02    7.037256E-02
    7.312662E-06    1.266789E-04    6.116044E-04    1.135410E-02    2.597137E-02    7.300242E-02
    7.586820E-06    1.314282E-04    6.345339E-04    1.177974E-02    2.694462E-02    7.572950E-02
    7.871219E-06    1.363550E-04    6.583200E-04    1.222128E-02    2.795417E-02    7.855732E-02
    8.166240E-06    1.414657E-04    6.829945E-04    1.267930E-02    2.900137E-02    8.148948E-02
    8.472278E-06    1.467672E-04    7.085904E-04    1.315441E-02    3.008761E-02    8.452969E-02
    8.789742E-06    1.522667E-04    7.351419E-04    1.364726E-02    3.121434E-02    8.768182E-02
    9.119056E-06    1.579715E-04    7.626845E-04    1.415850E-02    3.238304E-02    9.094982E-02
    9.460658E-06    1.638892E-04    7.912549E-04    1.468881E-02    3.359526E-02    9.433779E-02
    9.815005E-06    1.700276E-04    8.208912E-04    1.523890E-02    3.485261E-02    9.784994E-02
    1.018257E-05    1.763950E-04    8.516329E-04    1.580950E-02    3.615675E-02    1.014906E-01
    1.056384E-05    1.829998E-04    8.835209E-04    1.640136E-02    3.750939E-02    1.052643E-01
    1.095932E-05    1.898509E-04    9.165977E-04    1.701528E-02    3.891232E-02    1.091755E-01
    1.136955E-05    1.969573E-04    9.509073E-04    1.765206E-02    4.036739E-02    1.132291E-01
    1.179505E-05    2.043285E-04    9.864952E-04    1.831255E-02    4.187649E-02    1.174299E-01
    1.223641E-05    2.119742E-04    1.023409E-03    1.899763E-02    4.344161E-02    1.217829E-01
    1.269420E-05    2.199046E-04    1.061697E-03    1.970820E-02    4.506480E-02    1.262931E-01
    1.316904E-05    2.281303E-04    1.101410E-03    2.044521E-02    4.674817E-02    1.309659E-01
    1.366154E-05    2.366620E-04    1.142601E-03    2.120961E-02    4.849391E-02    1.358067E-01
    1.417236E-05    2.455111E-04    1.185324E-03    2.200243E-02    5.030430E-02    1.408208E-01
    1.470218E-05    2.546893E-04    1.229636E-03    2.282470E-02    5.218167E-02    1.460140E-01
    1.525169E-05    2.642086E-04    1.275596E-03    2.367750E-02    5.412846E-02    1.513920E-01
    1.582163E-05    2.740817E-04    1.323263E-03    2.456196E-02    5.614717E-02    1.569606E-01
    1.641273E-05    2.843215E-04    1.372700E-03    2.547924E-02    5.824040E-02    1.627257E-01
    1.702578E-05    2.949415E-04    1.423973E-03    2.643052E-02    6.041083E-02    1.686933E-01
    1.766158E-05    3.059556E-04    1.477149E-03    2.741707E-02    6.266123E-02    1.748697E-01
    1.832097E-05    3.173783E-04    1.532298E-03    2.844015E-02    6.499447E-02    1.812608E-01
    1.900480E-05    3.292246E-04    1.589491E-03    2.950111E-02    6.741351E-02    1.878730E-01
    1.971398E-05    3.415099E-04    1.648804E-03    3.060133E-02    6.992140E-02    1.947124E-01
    2.044943E-05    3.542503E-04    1.710315E-03    3.174223E-02    7.252129E-02    2.017854E-01
    2.121211E-05    3.674624E-04    1.774102E-03    3.292528E-02    7.521645E-02    2.090981E-01
    2.200302E-05    3.811634E-04    1.840251E-03    3.415202E-02    7.801022E-02    2.166568E-01
    2.282318E-05    3.953711E-04    1.908845E-03    3.542403E-02    8.090608E-02    2.244676E-01
    2.367365E-05    4.101041E-04    1.979975E-03    3.674294E-02    8.390760E-02    2.325365E-01
    2.455554E-05    4.253813E-04    2.053733E-03    3.811045E-02    8.701846E-02    2.408693E-01
    2.546999E-05    4.412225E-04    2.130214E-03    3.952830E-02    9.024244E-02    2.494716E-01
    2.641818E-05    4.576482E-04    2.209517E-03    4.099830E-02    9.358346E-02    2.583490E-01
    2.740133E-05    4.746796E-04    2.291744E-03    4.252232E-02    9.704552E-02    2.675065E-01
    2.842071E-05    4.923385E-04    2.377001E-03    4.410231E-02    1.006328E-01    2.769488E-01
    2.947762E-05    5.106477E-04    2.465396E-03    4.574024E-02    1.043494E-01    2.866801E-01
    3.057343E-05    5.296305E-04    2.557045E-03    4.743820E-02    1.081998E-01    2.967042E-01
    3.170952E-05    5.493113E-04    2.652063E-03    4.919830E-02    1.121885E-01    3.070241E-01
    3.288735E-05    5.697151E-04    2.750572E-03    5.102276E-02    1.163201E-01    3.176422E-01
    3.410841E-05    5.908679E-04    2.852696E-03    5.291385E-02    1.205991E-01    3.285600E-01
    3.537427E-05    6.127966E-04    2.958567E-03    5.487391E-02    1.250306E-01    3.397779E-01
    3.668651E-05    6.355288E-04    3.068317E-03    5.690538E-02    1.296193E-01    3.512953E-01
    3.804679E-05    6.590934E-04    3.182085E-03    5.901074E-02    1.343703E-01    3.631103E-01
    3.945684E-05    6.835198E-04    3.300015E-03    6.119258E-02    1.392887E-01    3.752194E-01
    4.091841E-05    7.088390E-04    3.422254E-03    6.345357E-02    1.443798E-01    3.876174E-01
    4.243334E-05    7.350824E-04    3.548956E-03    6.579643E-02    1.496489E-01    4.002974E-01
    4.400351E-05    7.622829E-04    3.680278E-03    6.822400E-02    1.551013E-01    4.132500E-01
    4.563089E-05    7.904744E-04    3.816384E-03    7.073918E-02    1.607426E-01    4.264638E-01
    4.731749E-05    8.196917E-04    3.957443E-03    7.334497E-02    1.665782E-01    4.399243E-01
    4.906539E-05    8.499710E-04    4.103629E-03    7.604447E-02    1.726138E-01    4.536142E-01
    5.087675E-05    8.813496E-04    4.255122E-03    7.884082E-02    1.788550E-01    4.675125E-01
    5.275379E-05    9.138659E-04    4.412108E-03    8.173732E-02    1.853075E-01    4.815947E-01
    5.469880E-05    9.475598E-04    4.574778E-03    8.473729E-02    1.919769E-01    4.958318E-01
    5.671416E-05    9.824722E-04    4.743332E-03    8.784419E-02    1.988688E-01    5.101903E-01
    5.880230E-05    1.018646E-03    4.917973E-03    9.106156E-02    2.059889E-01    5.246311E-01
    6.096575E-05    1.056124E-03    5.098912E-03    9.439302E-02    2.133427E-01    5.391098E-01
    6.320712E-05    1.094951E-03    5.286366E-03    9.784229E-02    2.209356E-01    5.535752E-01
    6.552907E-05    1.135175E-03    5.480561E-03    1.014132E-01    2.287729E-01    5.679692E-01
    6.793440E-05    1.176843E-03    5.681727E-03    1.051096E-01    2.368598E-01    5.822259E-01
    7.042593E-05    1.220004E-03    5.890104E-03    1.089355E-01    2.452013E-01    5.962709E-01
    7.300662E-05    1.264710E-03    6.105936E-03    1.128950E-01    2.538019E-01    6.100206E-01
    7.567950E-05    1.311013E-03    6.329477E-03    1.169923E-01    2.626661E-01    6.233809E-01
    7.844769E-05    1.358967E-03    6.560989E-03    1.212316E-01    2.717979E-01    6.362471E-01
    8.131440E-05    1.408627E-03    6.800740E-03    1.256172E-01    2.812007E-01    6.485020E-01
    8.428295E-05    1.460052E-03    7.049007E-03    1.301534E-01    2.908777E-01    6.600157E-01
    8.735674E-05    1.513300E-03    7.306075E-03    1.348449E-01    3.008313E-01    6.706441E-01
    9.053928E-05    1.568432E-03    7.572237E-03    1.396961E-01    3.110632E-01    6.802281E-01
    9.383418E-05    1.625510E-03    7.847795E-03    1.447116E-01    3.215744E-01    6.885925E-01
    9.724516E-05    1.684599E-03    8.133059E-03    1.498961E-01    3.323649E-01    6.955447E-01
    1.007760E-04    1.745765E-03    8.428349E-03    1.552542E-01    3.434340E-01    7.008741E-01
    1.044307E-04    1.809076E-03    8.733992E-03    1.607906E-01    3.547793E-01    7.043508E-01
    1.082132E-04    1.874601E-03    9.050325E-03    1.665102E-01    3.663976E-01    7.057247E-01
    1.121278E-04    1.942413E-03    9.377696E-03    1.724175E-01    3.782840E-01    7.047250E-01
    1.161786E-04    2.012585E-03    9.716458E-03    1.785174E-01    3.904319E-01    7.010594E-01
    1.203700E-04    2.085194E-03    1.006698E-02    1.848145E-01    4.028331E-01    6.944137E-01
    1.247064E-04    2.160315E-03    1.042963E-02    1.913136E-01    4.154771E-01    6.844517E-01
    1.291926E-04    2.238030E-03    1.080480E-02    1.980192E-01    4.283513E-01    6.708158E-01
    1.338333E-04    2.318420E-03    1.119288E-02    2.049358E-01    4.414405E-01    6.531272E-01
    1.386331E-04    2.401569E-03    1.159427E-02    2.120679E-01    4.547267E-01    6.309878E-01
    1.435972E-04    2.487562E-03    1.200939E-02    2.194197E-01    4.681888E-01    6.039815E-01
    1.487305E-04    2.576488E-03    1.243866E-02    2.269953E-01    4.818023E-01    5.716778E-01
    1.540384E-04    2.668436E-03    1.288252E-02    2.347986E-01    4.955391E-01    5.336349E-01
    1.595260E-04    2.763499E-03    1.334141E-02    2.428333E-01    5.093667E-01    4.894049E-01
    1.651988E-04    2.861770E-03    1.381578E-02    2.511026E-01    5.232483E-01    4.385403E-01
    1.710625E-04    2.963346E-03    1.430610E-02    2.596097E-01    5.371420E-01    3.806010E-01
    1.771226E-04    3.068326E-03    1.481284E-02    2.683573E-01    5.510007E-01    3.151645E-01
    1.833850E-04    3.176811E-03    1.533649E-02    2.773474E-01    5.647715E-01    2.418369E-01
    1.898556E-04    3.288902E-03    1.587754E-02    2.865819E-01    5.783948E-01    1.602664E-01
    1.965405E-04    3.404705E-03    1.643650E-02    2.960620E-01    5.918046E-01    7.015931E-02
    2.034459E-04    3.524326E-03    1.701388E-02    3.057881E-01    6.049272E-01   -2.870163E-02
    2.105780E-04    3.647875E-03    1.761021E-02    3.157601E-01    6.176810E-01   -1.364364E-01
    2.179432E-04    3.775463E-03    1.822602E-02    3.259770E-01    6.299759E-01   -2.530439E-01
    2.255481E-04    3.907202E-03    1.886185E-02    3.364371E-01    6.417126E-01   -3.783754E-01
    2.333993E-04    4.043209E-03    1.951826E-02    3.471374E-01    6.527821E-01   -5.121059E-01
    2.415036E-04    4.183599E-03    2.019582E-02    3.580742E-01    6.630650E-01   -6.537025E-01
    2.498679E-04    4.328493E-03    2.089509E-02    3.692423E-01    6.724312E-01   -8.023913E-01
    2.584991E-04    4.478011E-03    2.161665E-02    3.806354E-01    6.807388E-01   -9.571230E-01
    2.674044E-04    4.632276E-03    2.236110E-02    3.922455E-01    6.878341E-01   -1.116539E+00
    2.765909E-04    4.791412E-03    2.312904E-02    4.040633E-01    6.935510E-01   -1.278937E+00
    2.860659E-04    4.955547E-03    2.392106E-02    4.160776E-01    6.977105E-01   -1.442241E+00
    2.958369E-04    5.124807E-03    2.473780E-02    4.282753E-01    7.001202E-01   -1.603978E+00
    3.059113E-04    5.299324E-03    2.557986E-02    4.406415E-01    7.005747E-01   -1.761254E+00
    3.162968E-04    5.479228E-03    2.644788E-02    4.531587E-01    6.988549E-01   -1.910756E+00
    3.270009E-04    5.664653E-03    2.734250E-02    4.658072E-01    6.947285E-01   -2.048750E+00
    3.380315E-04    5.855732E-03    2.826436E-02    4.785646E-01    6.879504E-01   -2.171113E+00
    3.493964E-04    6.052602E-03    2.921410E-02    4.914059E-01    6.782632E-01   -2.273378E+00
    3.611036E-04    6.255399E-03    3.019239E-02    5.043027E-01    6.653979E-01   -2.350815E+00
    3.731609E-04    6.464262E-03    3.119988E-02    5.172237E-01    6.490758E-01   -2.398532E+00
    3.855765E-04    6.679331E-03    3.223723E-02    5.301339E-01    6.290096E-01   -2.411626E+00
    3.983584E-04    6.900745E-03    3.330513E-02    5.429948E-01    6.049057E-01   -2.385363E+00
    4.115149E-04    7.128646E-03    3.440424E-02    5.557636E-01    5.764674E-01   -2.315409E+00
    4.250541E-04    7.363177E-03    3.553523E-02    5.683937E-01    5.433974E-01   -2.198093E+00
    4.389843E-04    7.604480E-03    3.669879E-02    5.808338E-01    5.054026E-01   -2.030720E+00
    4.533139E-04    7.852698E-03    3.789560E-02    5.930279E-01    4.621982E-01   -1.811908E+00
    4.680511E-04    8.107978E-03    3.912635E-02    6.049154E-01    4.135139E-01   -1.541949E+00
    4.832043E-04    8.370462E-03    4.039170E-02    6.164300E-01    3.590996E-01   -1.223172E+00
    4.987819E-04    8.640296E-03    4.169236E-02    6.275006E-01    2.987334E-01   -8.602899E-01
    5.147923E-04    8.917626E-03    4.302901E-02    6.380500E-01    2.322298E-01   -4.606933E-01
    5.312438E-04    9.202596E-03    4.440233E-02    6.479955E-01    1.594488E-01   -3.465493E-02
    5.481451E-04    9.495354E-03    4.581300E-02    6.572484E-01    8.030642E-02    4.045935E-01
    5.655043E-04    9.796043E-03    4.726171E-02    6.657140E-01   -5.213730E-03    8.409642E-01
    5.833300E-04    1.010481E-02    4.874913E-02    6.732911E-01   -9.704840E-02    1.255842E+00
    6.016306E-04    1.042180E-02    5.027595E-02    6.798726E-01   -1.950415E-01    1.628685E+00
    6.204144E-04    1.074716E-02    5.184283E-02    6.853450E-01   -2.989300E-01    1.937925E+00
    6.396898E-04    1.108103E-02    5.345045E-02    6.895889E-01   -4.083301E-01    2.162201E+00
    6.594651E-04    1.142356E-02    5.509947E-02    6.924785E-01   -5.227222E-01    2.281884E+00
    6.797488E-04    1.177489E-02    5.679056E-02    6.938824E-01   -6.414368E-01    2.280884E+00
    7.005489E-04    1.213516E-02    5.852436E-02    6.936639E-01   -7.636408E-01    2.148615E+00
    7.218738E-04    1.250452E-02    6.030152E-02    6.916810E-01   -8.883248E-01    1.881981E+00
    7.437318E-04    1.288310E-02    6.212270E-02    6.877873E-01   -1.014292E+00    1.487196E+00
    7.661308E-04    1.327106E-02    6.398853E-02    6.818328E-01   -1.140151E+00    9.811591E-01
    7.890791E-04    1.366852E-02    6.589963E-02    6.736642E-01   -1.264310E+00    3.921303E-01
    8.125848E-04    1.407563E-02    6.785663E-02    6.631265E-01   -1.384977E+00   -2.406207E-01
    8.366558E-04    1.449253E-02    6.986014E-02    6.500638E-01   -1.500165E+00   -8.684372E-01
    8.613001E-04    1.491935E-02    7.191077E-02    6.343210E-01   -1.607703E+00   -1.436367E+00
    8.865257E-04    1.535623E-02    7.400912E-02    6.157450E-01   -1.705257E+00   -1.887760E+00
    9.123403E-04    1.580331E-02    7.615577E-02    5.941868E-01   -1.790356E+00   -2.170210E+00
    9.387518E-04    1.626071E-02    7.835131E-02    5.695031E-01   -1.860433E+00   -2.242417E+00
    9.657680E-04    1.672859E-02    8.059630E-02    5.415593E-01   -1.912872E+00   -2.081252E+00
    9.933965E-04    1.720705E-02    8.289132E-02    5.102312E-01   -1.945068E+00   -1.688037E+00
    1.021645E-03    1.769625E-02    8.523690E-02    4.754084E-01   -1.954505E+00   -1.092834E+00
    1.050521E-03    1.819631E-02    8.763361E-02    4.369968E-01   -1.938833E+00   -3.555011E-01
    1.080032E-03    1.870735E-02    9.008196E-02    3.949222E-01   -1.895972E+00    4.375983E-01
    1.110186E-03    1.922951E-02    9.258248E-02    3.491335E-01   -1.824210E+00    1.181878E+00
    1.140990E-03    1.976292E-02    9.513570E-02    2.996064E-01   -1.722327E+00    1.767715E+00
    1.172452E-03    2.030770E-02    9.774210E-02    2.463474E-01   -1.589706E+00    2.097447E+00
    1.204579E-03    2.086398E-02    1.004022E-01    1.893978E-01   -1.426457E+00    2.103958E+00
    1.237377E-03    2.143189E-02    1.031165E-01    1.288376E-01   -1.233535E+00    1.767560E+00
    1.270856E-03    2.201155E-02    1.058854E-01    6.478959E-02   -1.012843E+00    1.127242E+00
    1.305021E-03    2.260308E-02    1.087094E-01   -2.576256E-03   -7.673209E-01    2.823939E-01
    1.339881E-03    2.320662E-02    1.115890E-01   -7.303902E-02   -5.010085E-01   -6.178348E-01
    1.375441E-03    2.382228E-02    1.145247E-01   -1.463230E-01   -2.190732E-01   -1.398223E+00
    1.411711E-03    2.445019E-02    1.175168E-01   -2.220940E-01    7.220696E-02   -1.891803E+00
    1.448697E-03    2.509047E-02    1.205658E-01   -2.999567E-01    3.655124E-01   -1.978926E+00
    1.486405E-03    2.574325E-02    1.236722E-01   -3.794518E-01    6.526121E-01   -1.622150E+00
    1.524844E-03    2.640864E-02    1.268363E-01   -4.600542E-01    9.245617E-01   -8.866613E-01
    1.564021E-03    2.708678E-02    1.300586E-01   -5.411722E-01    1.171972E+00    6.276467E-02
    1.603942E-03    2.777779E-02    1.333394E-01   -6.221475E-01    1.385350E+00    9.927461E-01
    1.644616E-03    2.848179E-02    1.366792E-01   -7.022564E-01    1.555507E+00    1.657215E+00
    1.686049E-03    2.919890E-02    1.400783E-01   -7.807124E-01    1.674025E+00    1.844101E+00
    1.728249E-03    2.992925E-02    1.435372E-01   -8.566703E-01    1.733761E+00    1.523024E+00
    1.771224E-03    3.067296E-02    1.470562E-01   -9.292320E-01    1.729381E+00    7.573253E-01
    1.814980E-03    3.143017E-02    1.506357E-01   -9.974541E-01    1.657871E+00   -2.236721E-01
    1.859525E-03    3.220099E-02    1.542761E-01   -1.060357E+00    1.519007E+00   -1.107080E+00
    1.904866E-03    3.298556E-02    1.579777E-01   -1.116937E+00    1.315750E+00   -1.596539E+00
    1.951011E-03    3.378398E-02    1.617409E-01   -1.166174E+00    1.054494E+00   -1.519977E+00
    1.999938E-03    3.463176E-02    1.657316E-01   -1.212878E+00    7.294715E-01   -9.042536E-01
    2.006236E-03    3.474073E-02    1.662444E-01   -1.217705E+00    6.853164E-01   -7.927826E-01
    2.012548E-03    3.484996E-02    1.667583E-01   -1.222367E+00    6.405799E-01   -6.765054E-01
    2.018875E-03    3.495943E-02    1.672732E-01   -1.226861E+00    5.952935E-01   -5.562311E-01
    2.025217E-03    3.506916E-02    1.677893E-01   -1.231186E+00    5.494944E-01   -4.328009E-01
    2.031573E-03    3.517915E-02    1.683065E-01   -1.235339E+00    5.032206E-01   -3.070825E-01
    2.037944E-03    3.528938E-02    1.688248E-01   -1.239317E+00    4.565117E-01   -1.799649E-01
    2.044329E-03    3.539987E-02    1.693443E-01   -1.243119E+00    4.094033E-01   -5.234215E-02
    2.050730E-03    3.551061E-02    1.698648E-01   -1.246742E+00    3.619413E-01    7.486608E-02
    2.057145E-03    3.562161E-02    1.703865E-01   -1.250183E+00    3.141667E-01    2.007499E-01
    2.063574E-03    3.573286E-02    1.709093E-01   -1.253440E+00    2.661210E-01    3.244062E-01
    2.070019E-03    3.584436E-02    1.714332E-01   -1.256511E+00    2.178477E-01    4.449418E-01
    2.076478E-03    3.595612E-02    1.719582E-01   -1.259392E+00    1.693908E-01    5.614833E-01
    2.082952E-03    3.606813E-02    1.724843E-01   -1.262083E+00    1.207950E-01    6.731830E-01
    2.089440E-03    3.618039E-02    1.730116E-01   -1.264579E+00    7.210573E-02    7.792263E-01
    2.095943E-03    3.629291E-02    1.735399E-01   -1.266879E+00    2.336912E-02    8.788377E-01
    2.102461E-03    3.640568E-02    1.740694E-01   -1.268980E+00   -2.536827E-02    9.712874E-01
    2.108994E-03    3.651870E-02    1.746000E-01   -1.270880E+00   -7.405927E-02    1.055897E+00
    2.115541E-03    3.663198E-02    1.751317E-01   -1.272577E+00   -1.226563E-01    1.132047E+00
    2.122102E-03    3.674551E-02    1.756645E-01   -1.274069E+00   -1.711112E-01    1.199179E+00
    2.128679E-03    3.685929E-02    1.761984E-01   -1.275352E+00   -2.193756E-01    1.256803E+00
    2.135270E-03    3.697332E-02    1.767334E-01   -1.276425E+00   -2.674006E-01    1.304503E+00
    2.141875E-03    3.708761E-02    1.772695E-01   -1.277285E+00   -3.151371E-01    1.341939E+00
    2.148495E-03    3.720214E-02    1.778068E-01   -1.277931E+00   -3.625357E-01    1.368851E+00
    2.155130E-03    3.731693E-02    1.783451E-01   -1.278360E+00   -4.095466E-01    1.385062E+00
    2.161779E-03    3.743197E-02    1.788845E-01   -1.278570E+00   -4.561202E-01    1.390481E+00
    2.168443E-03    3.754726E-02    1.794251E-01   -1.278559E+00   -5.022063E-01    1.385106E+00
    2.175122E-03    3.766280E-02    1.799667E-01   -1.278324E+00   -5.477550E-01    1.369020E+00
    2.181814E-03    3.777858E-02    1.805094E-01   -1.277865E+00   -5.927162E-01    1.342397E+00
    2.188522E-03    3.789462E-02    1.810532E-01   -1.277178E+00   -6.370397E-01    1.305498E+00
    2.195243E-03    3.801091E-02    1.815981E-01   -1.276261E+00   -6.806758E-01    1.258670E+00
    2.201979E-03    3.812744E-02    1.821441E-01   -1.275113E+00   -7.235745E-01    1.202347E+00
    2.208730E-03    3.824423E-02    1.826912E-01   -1.273732E+00   -7.656861E-01    1.137042E+00
    2.215494E-03    3.836126E-02    1.832393E-01   -1.272116E+00   -8.069615E-01    1.063348E+00
    2.222273E-03    3.847853E-02    1.837886E-01   -1.270262E+00   -8.473515E-01    9.819292E-01
    2.229066E-03    3.859605E-02    1.843389E-01   -1.268170E+00   -8.868075E-01    8.935204E-01
    2.235874E-03    3.871382E-02    1.848903E-01   -1.265836E+00   -9.252815E-01    7.989176E-01
    2.242695E-03    3.883183E-02    1.854427E-01   -1.263260E+00   -9.627257E-01    6.989726E-01
    2.249531E-03    3.895009E-02    1.859962E-01   -1.260439E+00   -9.990933E-01    5.945859E-01
    2.256381E-03    3.906858E-02    1.865508E-01   -1.257372E+00   -1.034338E+00    4.866979E-01
    2.263245E-03    3.918732E-02    1.871064E-01   -1.254057E+00   -1.068414E+00    3.762815E-01
    2.270122E-03    3.930630E-02    1.876631E-01   -1.250492E+00   -1.101277E+00    2.643322E-01
    2.277014E-03    3.942552E-02    1.882209E-01   -1.246676E+00   -1.132884E+00    1.518594E-01
    2.283919E-03    3.954497E-02    1.887797E-01   -1.242607E+00   -1.163190E+00    3.987638E-02
    2.290838E-03    3.966466E-02    1.893395E-01   -1.238283E+00   -1.192156E+00   -7.060935E-02
    2.297771E-03    3.978459E-02    1.899003E-01   -1.233702E+00   -1.219741E+00   -1.786063E-01
    2.304717E-03    3.990475E-02    1.904622E-01   -1.228864E+00   -1.245904E+00   -2.831490E-01
    2.311677E-03    4.002514E-02    1.910251E-01   -1.223767E+00   -1.270610E+00   -3.833079E-01
    2.318650E-03    4.014577E-02    1.915891E-01   -1.218409E+00   -1.293821E+00   -4.781990E-01
    2.325636E-03    4.026662E-02    1.921540E-01   -1.212790E+00   -1.315504E+00   -5.669937E-01
    2.332635E-03    4.038770E-02    1.927199E-01   -1.206906E+00   -1.335624E+00   -6.489275E-01
    2.339647E-03    4.050900E-02    1.932868E-01   -1.200758E+00   -1.354152E+00   -7.233088E-01
    2.346673E-03    4.063052E-02    1.938547E-01   -1.194345E+00   -1.371057E+00   -7.895262E-01
    2.353711E-03    4.075227E-02    1.944236E-01   -1.187664E+00   -1.386314E+00   -8.470563E-01
    2.360761E-03    4.087423E-02    1.949935E-01   -1.180715E+00   -1.399896E+00   -8.954690E-01
    2.367824E-03    4.099640E-02    1.955643E-01   -1.173497E+00   -1.411781E+00   -9.344336E-01
    2.374899E-03    4.111879E-02    1.961360E-01   -1.166009E+00   -1.421948E+00   -9.637219E-01
    2.381987E-03    4.124139E-02    1.967087E-01   -1.158250E+00   -1.430381E+00   -9.832120E-01
    2.389086E-03    4.136419E-02    1.972824E-01   -1.150219E+00   -1.437063E+00   -9.928891E-01
    2.396197E-03    4.148719E-02    1.978569E-01   -1.141916E+00   -1.441982E+00   -9.928464E-01
    2.403319E-03    4.161040E-02    1.984324E-01   -1.133340E+00   -1.445129E+00   -9.832838E-01
    2.410453E-03    4.173380E-02    1.990087E-01   -1.124490E+00   -1.446496E+00   -9.645053E-01
    2.417598E-03    4.185739E-02    1.995859E-01   -1.115367E+00   -1.446081E+00   -9.369153E-01
    2.424753E-03    4.198116E-02    2.001640E-01   -1.105970E+00   -1.443882E+00   -9.010132E-01
    2.431920E-03    4.210512E-02    2.007429E-01   -1.096300E+00   -1.439904E+00   -8.573868E-01
    2.439096E-03    4.222926E-02    2.013227E-01   -1.086355E+00   -1.434152E+00   -8.067043E-01
    2.446283E-03    4.235358E-02    2.019033E-01   -1.076137E+00   -1.426637E+00   -7.497050E-01
    2.453479E-03    4.247806E-02    2.024847E-01   -1.065646E+00   -1.417371E+00   -6.871889E-01
    2.460685E-03    4.260270E-02    2.030669E-01   -1.054883E+00   -1.406374E+00   -6.200056E-01
    2.467900E-03    4.272750E-02    2.036498E-01   -1.043849E+00   -1.393665E+00   -5.490420E-01
    2.475123E-03    4.285246E-02    2.042335E-01   -1.032544E+00   -1.379270E+00   -4.752094E-01
    2.482356E-03    4.297756E-02    2.048180E-01   -1.020970E+00   -1.363218E+00   -3.994302E-01
    2.489596E-03    4.310281E-02    2.054032E-01   -1.009128E+00   -1.345542E+00   -3.226247E-01
    2.496844E-03    4.322819E-02    2.059891E-01   -9.970212E-01   -1.326278E+00   -2.456970E-01
    2.504099E-03    4.335369E-02    2.065756E-01   -9.846506E-01   -1.305469E+00   -1.695222E-01
    2.511362E-03    4.347932E-02    2.071629E-01   -9.720189E-01   -1.283159E+00   -9.493363E-02
    2.518631E-03    4.360507E-02    2.077507E-01   -9.591287E-01   -1.259396E+00   -2.271043E-02
    2.525906E-03    4.373092E-02    2.083392E-01   -9.459829E-01   -1.234234E+00    4.643318E-02
    2.533187E-03    4.385687E-02    2.089283E-01   -9.325850E-01   -1.207728E+00    1.118578E-01
    2.540474E-03    4.398292E-02    2.095180E-01   -9.189384E-01   -1.179940E+00    1.730073E-01
    2.547765E-03    4.410906E-02    2.101083E-01   -9.050473E-01   -1.150931E+00    2.294156E-01
    2.555061E-03    4.423528E-02    2.106991E-01   -8.909158E-01   -1.120770E+00    2.807114E-01
    2.562361E-03    4.436156E-02    2.112905E-01   -8.765486E-01   -1.089526E+00    3.266218E-01
    2.569665E-03    4.448792E-02    2.118823E-01   -8.619507E-01   -1.057271E+00    3.669732E-01
    2.576972E-03    4.461433E-02    2.124746E-01   -8.471274E-01   -1.024081E+00    4.016904E-01
    2.584281E-03    4.474079E-02    2.130675E-01   -8.320845E-01   -9.900323E-01    4.307939E-01
    2.591593E-03    4.486730E-02    2.136607E-01   -8.168279E-01   -9.552051E-01    4.543956E-01
    2.598907E-03    4.499384E-02    2.142544E-01   -8.013641E-01   -9.196800E-01    4.726920E-01
    2.606223E-03    4.512041E-02    2.148486E-01   -7.856997E-01   -8.835387E-01    4.859565E-01
    2.613540E-03    4.524700E-02    2.154431E-01   -7.698417E-01   -8.468640E-01    4.945299E-01
    2.620857E-03    4.537361E-02    2.160380E-01   -7.537976E-01   -8.097389E-01    4.988102E-01
    2.628175E-03    4.550023E-02    2.166333E-01   -7.375747E-01   -7.722463E-01    4.992414E-01
    2.635492E-03    4.562685E-02    2.172290E-01   -7.211811E-01   -7.344686E-01    4.963014E-01
    2.642810E-03    4.575347E-02    2.178250E-01   -7.046248E-01   -6.964873E-01    4.904904E-01
    2.650126E-03    4.588008E-02    2.184214E-01   -6.879141E-01   -6.583825E-01    4.823190E-01
    2.657442E-03    4.600667E-02    2.190180E-01   -6.710576E-01   -6.202322E-01    4.722964E-01
    2.664757E-03    4.613325E-02    2.196151E-01   -6.540639E-01   -5.821127E-01    4.609203E-01
    2.672069E-03    4.625980E-02    2.202124E-01   -6.369418E-01   -5.440970E-01    4.486664E-01
    2.679381E-03    4.638633E-02    2.208100E-01   -6.197002E-01   -5.062557E-01    4.359803E-01
    2.686690E-03    4.651283E-02    2.214080E-01   -6.023480E-01   -4.686556E-01    4.232702E-01
    2.693997E-03    4.663930E-02    2.220063E-01   -5.848941E-01   -4.313601E-01    4.109007E-01
    2.701302E-03    4.676573E-02    2.226049E-01   -5.673477E-01   -3.944283E-01    3.991890E-01
    2.708604E-03    4.689213E-02    2.232038E-01   -5.497175E-01   -3.579155E-01    3.884019E-01
    2.715904E-03    4.701849E-02    2.238030E-01   -5.320124E-01   -3.218721E-01    3.787550E-01
    2.723202E-03    4.714482E-02    2.244026E-01   -5.142411E-01   -2.863444E-01    3.704127E-01
    2.730498E-03    4.727110E-02    2.250024E-01   -4.964123E-01   -2.513736E-01    3.634901E-01
    2.737791E-03    4.739736E-02    2.256027E-01   -4.785342E-01   -2.169963E-01    3.580555E-01
    2.745081E-03    4.752357E-02    2.262032E-01   -4.606150E-01   -1.832443E-01    3.541348E-01
    2.752370E-03    4.764976E-02    2.268042E-01   -4.426628E-01   -1.501446E-01    3.517157E-01
    2.759657E-03    4.777591E-02    2.274055E-01   -4.246851E-01   -1.177193E-01    3.507531E-01
    2.766941E-03    4.790204E-02    2.280072E-01   -4.066894E-01   -8.598619E-02    3.511746E-01
    2.774225E-03    4.802815E-02    2.286093E-01   -3.886827E-01   -5.495825E-02    3.528864E-01
    2.781506E-03    4.815424E-02    2.292119E-01   -3.706719E-01   -2.464429E-02    3.557787E-01
    2.788787E-03    4.828031E-02    2.298149E-01   -3.526632E-01    4.951044E-03    3.597314E-01
    2.796067E-03    4.840638E-02    2.304183E-01   -3.346628E-01    3.382699E-02    3.646193E-01
    2.803347E-03    4.853244E-02    2.310223E-01   -3.166763E-01    6.198645E-02    3.703161E-01
    2.810627E-03    4.865851E-02    2.316268E-01   -2.987092E-01    8.943565E-02    3.766992E-01
    2.817907E-03    4.878458E-02    2.322318E-01   -2.807662E-01    1.161840E-01    3.836522E-01
    2.825187E-03    4.891068E-02    2.328373E-01   -2.628522E-01    1.422435E-01    3.910682E-01
    2.832469E-03    4.903680E-02    2.334435E-01   -2.449712E-01    1.676289E-01    3.988514E-01
    2.839753E-03    4.916295E-02    2.340502E-01   -2.271271E-01    1.923569E-01    4.069186E-01
    2.847038E-03    4.928914E-02    2.346576E-01   -2.093234E-01    2.164462E-01    4.151995E-01
    2.854326E-03    4.941538E-02    2.352657E-01   -1.915634E-01    2.399172E-01    4.236374E-01
    2.861617E-03    4.954168E-02    2.358744E-01   -1.738498E-01    2.627913E-01    4.321880E-01
    2.868912E-03    4.966804E-02    2.364839E-01   -1.561851E-01    2.850913E-01    4.408196E-01
    2.876210E-03    4.979447E-02    2.370941E-01   -1.385716E-01    3.068405E-01    4.495112E-01
    2.883514E-03    4.992098E-02    2.377050E-01   -1.210112E-01    3.280630E-01    4.582515E-01
    2.890822E-03    5.004759E-02    2.383168E-01   -1.035056E-01    3.487829E-01    4.670374E-01
    2.898135E-03    5.017429E-02    2.389294E-01   -8.605604E-02    3.690246E-01    4.758725E-01
    2.905455E-03    5.030110E-02    2.395428E-01   -6.866382E-02    3.888126E-01    4.847654E-01
    2.912781E-03    5.042802E-02    2.401571E-01   -5.132984E-02    4.081710E-01    4.937284E-01
    2.920114E-03    5.055507E-02    2.407723E-01   -3.405484E-02    4.271234E-01    5.027758E-01
    2.927454E-03    5.068225E-02    2.413885E-01   -1.683939E-02    4.456932E-01    5.119232E-01
    2.934803E-03    5.080958E-02    2.420055E-01    3.161164E-04    4.639030E-01    5.211856E-01
    2.942160E-03    5.093704E-02    2.426236E-01    1.741144E-02    4.817750E-01    5.305771E-01
    2.949525E-03    5.106467E-02    2.432427E-01    3.444648E-02    4.993304E-01    5.401101E-01
    2.956901E-03    5.119246E-02    2.438628E-01    5.142123E-02    5.165897E-01    5.497943E-01
    2.964285E-03    5.132042E-02    2.444839E-01    6.833580E-02    5.335727E-01    5.596370E-01
    2.971681E-03    5.144856E-02    2.451061E-01    8.519042E-02    5.502982E-01    5.696422E-01
    2.979086E-03    5.157689E-02    2.457294E-01    1.019853E-01    5.667843E-01    5.798110E-01
    2.986503E-03    5.170541E-02    2.463539E-01    1.187209E-01    5.830481E-01    5.901414E-01
    2.993931E-03    5.183413E-02    2.469794E-01    1.353976E-01    5.991060E-01    6.006286E-01
    3.001371E-03    5.196305E-02    2.476062E-01    1.520159E-01    6.149734E-01    6.112654E-01
    3.008824E-03    5.209219E-02    2.482341E-01    1.685761E-01    6.306651E-01    6.220419E-01
    3.016289E-03    5.222155E-02    2.488632E-01    1.850790E-01    6.461950E-01    6.329469E-01
    3.023767E-03    5.235114E-02    2.494935E-01    2.015250E-01    6.615762E-01    6.439672E-01
    3.031258E-03    5.248095E-02    2.501251E-01    2.179147E-01    6.768210E-01    6.550889E-01
    3.038762E-03    5.261100E-02    2.507579E-01    2.342487E-01    6.919412E-01    6.662973E-01
    3.046281E-03    5.274130E-02    2.513921E-01    2.505276E-01    7.069478E-01    6.775775E-01
    3.053814E-03    5.287184E-02    2.520275E-01    2.667521E-01    7.218511E-01    6.889145E-01
    3.061362E-03    5.300264E-02    2.526642E-01    2.829228E-01    7.366609E-01    7.002942E-01
    3.068924E-03    5.313369E-02    2.533023E-01    2.990403E-01    7.513862E-01    7.117029E-01
    3.076502E-03    5.326501E-02    2.539417E-01    3.151051E-01    7.660358E-01    7.231280E-01
    3.084095E-03    5.339660E-02    2.545825E-01    3.311181E-01    7.806176E-01    7.345582E-01
    3.091703E-03    5.352846E-02    2.552246E-01    3.470797E-01    7.951392E-01    7.459835E-01
    3.099328E-03    5.366059E-02    2.558682E-01    3.629906E-01    8.096076E-01    7.573955E-01
    3.106969E-03    5.379301E-02    2.565132E-01    3.788514E-01    8.240293E-01    7.687870E-01
    3.114626E-03    5.392571E-02    2.571596E-01    3.946628E-01    8.384106E-01    7.801528E-01
    3.122300E-03    5.405870E-02    2.578074E-01    4.104253E-01    8.527571E-01    7.914889E-01
    3.129991E-03    5.419198E-02    2.584568E-01    4.261395E-01    8.670740E-01    8.027929E-01
    3.137699E-03    5.432557E-02    2.591075E-01    4.418061E-01    8.813664E-01    8.140637E-01
    3.145424E-03    5.445945E-02    2.597598E-01    4.574256E-01    8.956387E-01    8.253014E-01
    3.153167E-03    5.459364E-02    2.604136E-01    4.729987E-01    9.098951E-01    8.365073E-01
    3.160928E-03    5.472814E-02    2.610689E-01    4.885258E-01    9.241393E-01    8.476836E-01
    3.168707E-03    5.486294E-02    2.617257E-01    5.040076E-01    9.383750E-01    8.588331E-01
    3.176504E-03    5.499807E-02    2.623841E-01    5.194448E-01    9.526051E-01    8.699595E-01
    3.184319E-03    5.513351E-02    2.630440E-01    5.348377E-01    9.668327E-01    8.810667E-01
    3.192153E-03    5.526928E-02    2.637056E-01    5.501870E-01    9.810601E-01    8.921589E-01
    3.200006E-03    5.540537E-02    2.643686E-01    5.654934E-01    9.952897E-01    9.032403E-01
    3.207877E-03    5.554179E-02    2.650333E-01    5.807572E-01    1.009523E+00    9.143152E-01
    3.215768E-03    5.567854E-02    2.656996E-01    5.959791E-01    1.023763E+00    9.253875E-01
    3.223678E-03    5.581562E-02    2.663675E-01    6.111597E-01    1.038010E+00    9.364610E-01
    3.231608E-03    5.595304E-02    2.670371E-01    6.262994E-01    1.052266E+00    9.475389E-01
    3.239557E-03    5.609080E-02    2.677083E-01    6.413990E-01    1.066531E+00    9.586238E-01
    3.247526E-03    5.622891E-02    2.683811E-01    6.564587E-01    1.080806E+00    9.697181E-01
    3.255515E-03    5.636736E-02    2.690557E-01    6.714794E-01    1.095093E+00    9.808232E-01
    3.263524E-03    5.650616E-02    2.697319E-01    6.864614E-01    1.109390E+00    9.919402E-01
    3.271553E-03    5.664531E-02    2.704098E-01    7.014053E-01    1.123699E+00    1.003069E+00
    3.279603E-03    5.678482E-02    2.710894E-01    7.163117E-01    1.138020E+00    1.014210E+00
    3.287674E-03    5.692468E-02    2.717707E-01    7.311811E-01    1.152351E+00    1.025363E+00
    3.295765E-03    5.706490E-02    2.724537E-01    7.460141E-01    1.166694E+00    1.036525E+00
    3.303877E-03    5.720549E-02    2.731385E-01    7.608111E-01    1.181047E+00    1.047695E+00
    3.312010E-03    5.734643E-02    2.738250E-01    7.755728E-01    1.195410E+00    1.058872E+00
    3.320164E-03    5.748775E-02    2.745133E-01    7.902996E-01    1.209782E+00    1.070053E+00
    3.328340E-03    5.762943E-02    2.752034E-01    8.049920E-01    1.224162E+00    1.081236E+00
    3.336537E-03    5.777149E-02    2.758952E-01    8.196508E-01    1.238550E+00    1.092419E+00
    3.344756E-03    5.791392E-02    2.765888E-01    8.342762E-01    1.252944E+00    1.103600E+00
    3.352996E-03    5.805672E-02    2.772842E-01    8.488690E-01    1.267344E+00    1.114777E+00
    3.361258E-03    5.819991E-02    2.779815E-01    8.634295E-01    1.281748E+00    1.125948E+00
    3.369542E-03    5.834347E-02    2.786805E-01    8.779585E-01    1.296155E+00    1.137112E+00
    3.377849E-03    5.848742E-02    2.793814E-01    8.924562E-01    1.310564E+00    1.148268E+00
    3.386177E-03    5.863175E-02    2.800842E-01    9.069234E-01    1.324974E+00    1.159417E+00
    3.394528E-03    5.877647E-02    2.807887E-01    9.213605E-01    1.339383E+00    1.170557E+00
    3.402902E-03    5.892158E-02    2.814952E-01    9.357680E-01    1.353790E+00    1.181689E+00
    3.411298E-03    5.906709E-02    2.822035E-01    9.501465E-01    1.368194E+00    1.192814E+00
    3.419717E-03    5.921298E-02    2.829137E-01    9.644965E-01    1.382594E+00    1.203933E+00
    3.428159E-03    5.935927E-02    2.836258E-01    9.788185E-01    1.396988E+00    1.215048E+00
    3.436623E-03    5.950596E-02    2.843397E-01    9.931130E-01    1.411375E+00    1.226159E+00
    3.445111E-03    5.965305E-02    2.850556E-01    1.007381E+00    1.425755E+00    1.237269E+00
    3.453622E-03    5.980055E-02    2.857734E-01    1.021622E+00    1.440126E+00    1.248378E+00
    3.462157E-03    5.994844E-02    2.864931E-01    1.035837E+00    1.454487E+00    1.259489E+00
    3.499901E-03    6.060253E-02    2.896757E-01    1.097946E+00    1.517388E+00    1.308293E+00
    3.538107E-03    6.126461E-02    2.928964E-01    1.159607E+00    1.580015E+00    1.357130E+00
    3.576784E-03    6.193483E-02    2.961558E-01    1.220860E+00    1.642328E+00    1.405880E+00
    3.615939E-03    6.261334E-02    2.994546E-01    1.281745E+00    1.704322E+00    1.454411E+00
    3.655582E-03    6.330030E-02    3.027935E-01    1.342297E+00    1.766018E+00    1.502703E+00
    3.695720E-03    6.399582E-02    3.061733E-01    1.402553E+00    1.827459E+00    1.550873E+00
    3.736362E-03    6.470006E-02    3.095944E-01    1.462544E+00    1.888702E+00    1.599060E+00
    3.777514E-03    6.541314E-02    3.130576E-01    1.522301E+00    1.949808E+00    1.647303E+00
    3.819185E-03    6.613519E-02    3.165634E-01    1.581852E+00    2.010836E+00    1.695539E+00
    3.861380E-03    6.686633E-02    3.201124E-01    1.641221E+00    2.071835E+00    1.743703E+00
    3.904108E-03    6.760668E-02    3.237051E-01    1.700430E+00    2.132840E+00    1.791807E+00
    3.947374E-03    6.835636E-02    3.273422E-01    1.759498E+00    2.193872E+00    1.839911E+00
    3.991186E-03    6.911548E-02    3.310241E-01    1.818445E+00    2.254941E+00    1.888036E+00
    4.035549E-03    6.988415E-02    3.347514E-01    1.877283E+00    2.316046E+00    1.936149E+00
    4.080471E-03    7.066248E-02    3.385246E-01    1.936026E+00    2.377180E+00    1.984215E+00
    4.125956E-03    7.145058E-02    3.423443E-01    1.994686E+00    2.438335E+00    2.032253E+00
    4.172013E-03    7.224855E-02    3.462108E-01    2.053273E+00    2.499504E+00    2.080325E+00
    4.218645E-03    7.305650E-02    3.501248E-01    2.111794E+00    2.560684E+00    2.128472E+00
    4.265860E-03    7.387453E-02    3.540867E-01    2.170260E+00    2.621877E+00    2.176695E+00
    4.313663E-03    7.470274E-02    3.580970E-01    2.228677E+00    2.683089E+00    2.224972E+00
    4.362060E-03    7.554124E-02    3.621561E-01    2.287053E+00    2.744329E+00    2.273296E+00
    4.411056E-03    7.639011E-02    3.662646E-01    2.345397E+00    2.805611E+00    2.321685E+00
    4.460657E-03    7.724946E-02    3.704229E-01    2.403718E+00    2.866950E+00    2.370160E+00
    4.510870E-03    7.811938E-02    3.746315E-01    2.462025E+00    2.928361E+00    2.418729E+00
    4.561699E-03    7.899998E-02    3.788908E-01    2.520328E+00    2.989861E+00    2.467385E+00
    4.613150E-03    7.989134E-02    3.832014E-01    2.578639E+00    3.051466E+00    2.516143E+00
    4.665228E-03    8.079357E-02    3.875636E-01    2.636970E+00    3.113193E+00    2.565037E+00
    4.717940E-03    8.170677E-02    3.919779E-01    2.695335E+00    3.175057E+00    2.614089E+00
    4.771291E-03    8.263102E-02    3.964449E-01    2.753748E+00    3.237072E+00    2.663289E+00
    4.825286E-03    8.356642E-02    4.009649E-01    2.812224E+00    3.299251E+00    2.712627E+00
    4.879931E-03    8.451308E-02    4.055384E-01    2.870779E+00    3.361603E+00    2.762116E+00
    4.935231E-03    8.547108E-02    4.101659E-01    2.929429E+00    3.424139E+00    2.811782E+00
    4.991192E-03    8.644053E-02    4.148479E-01    2.988189E+00    3.486870E+00    2.861632E+00
    5.047820E-03    8.742152E-02    4.195849E-01    3.047076E+00    3.549807E+00    2.911668E+00
    5.105120E-03    8.841415E-02    4.243772E-01    3.106105E+00    3.612965E+00    2.961908E+00
    5.163099E-03    8.941852E-02    4.292254E-01    3.165292E+00    3.676362E+00    3.012373E+00
    5.221761E-03    9.043473E-02    4.341300E-01    3.224652E+00    3.740017E+00    3.063065E+00
    5.281113E-03    9.146288E-02    4.390914E-01    3.284199E+00    3.803949E+00    3.113982E+00
    5.341160E-03    9.250306E-02    4.441102E-01    3.343946E+00    3.868178E+00    3.165132E+00
    5.401908E-03    9.355539E-02    4.491867E-01    3.403906E+00    3.932717E+00    3.216534E+00
    5.463364E-03    9.461996E-02    4.543217E-01    3.464092E+00    3.997577E+00    3.268202E+00
    5.525533E-03    9.569688E-02    4.595154E-01    3.524515E+00    4.062763E+00    3.320141E+00
    5.588421E-03    9.678625E-02    4.647685E-01    3.585187E+00    4.128280E+00    3.372363E+00
    5.652035E-03    9.788819E-02    4.700814E-01    3.646120E+00    4.194133E+00    3.424880E+00
    5.716380E-03    9.900279E-02    4.754547E-01    3.707324E+00    4.260329E+00    3.477699E+00
    5.781463E-03    1.001302E-01    4.808890E-01    3.768812E+00    4.326881E+00    3.530821E+00
    5.847290E-03    1.012704E-01    4.863846E-01    3.830595E+00    4.393802E+00    3.584261E+00
    5.913868E-03    1.024237E-01    4.919423E-01    3.892686E+00    4.461109E+00    3.638036E+00
    5.981202E-03    1.035900E-01    4.975624E-01    3.955096E+00    4.528819E+00    3.692153E+00
    6.049301E-03    1.047696E-01    5.032457E-01    4.017839E+00    4.596946E+00    3.746619E+00
    6.118169E-03    1.059625E-01    5.089926E-01    4.080927E+00    4.665502E+00    3.801447E+00
    6.187815E-03    1.071689E-01    5.148037E-01    4.144373E+00    4.734498E+00    3.856644E+00
    6.258245E-03    1.083889E-01    5.206796E-01    4.208190E+00    4.803944E+00    3.912215E+00
    6.329465E-03    1.096225E-01    5.266209E-01    4.272391E+00    4.873853E+00    3.968176E+00
    6.401483E-03    1.108699E-01    5.326281E-01    4.336988E+00    4.944241E+00    4.024540E+00
    6.474306E-03    1.121313E-01    5.387020E-01    4.401993E+00    5.015122E+00    4.081313E+00
    6.547940E-03    1.134068E-01    5.448431E-01    4.467418E+00    5.086512E+00    4.138504E+00
    6.622395E-03    1.146964E-01    5.510519E-01    4.533273E+00    5.158426E+00    4.196123E+00
    6.697676E-03    1.160004E-01    5.573292E-01    4.599571E+00    5.230875E+00    4.254178E+00
    6.773791E-03    1.173188E-01    5.636757E-01    4.666320E+00    5.303869E+00    4.312681E+00
    6.850748E-03    1.186518E-01    5.700918E-01    4.733531E+00    5.377416E+00    4.371645E+00
    6.928554E-03    1.199994E-01    5.765784E-01    4.801216E+00    5.451527E+00    4.431078E+00
    7.007218E-03    1.213620E-01    5.831360E-01    4.869383E+00    5.526213E+00    4.490987E+00
    7.086747E-03    1.227395E-01    5.897654E-01    4.938044E+00    5.601486E+00    4.551384E+00
    7.167149E-03    1.241321E-01    5.964672E-01    5.007210E+00    5.677359E+00    4.612278E+00
    7.248433E-03    1.255401E-01    6.032422E-01    5.076892E+00    5.753845E+00    4.673680E+00
    7.330606E-03    1.269634E-01    6.100910E-01    5.147103E+00    5.830958E+00    4.735602E+00
    7.413677E-03    1.284022E-01    6.170143E-01    5.217853E+00    5.908710E+00    4.798052E+00
    7.497655E-03    1.298568E-01    6.240130E-01    5.289157E+00    5.987117E+00    4.861038E+00
    7.582548E-03    1.313272E-01    6.310878E-01    5.361026E+00    6.066193E+00    4.924572E+00
    7.668364E-03    1.328136E-01    6.382393E-01    5.433473E+00    6.145950E+00    4.988665E+00
    7.755113E-03    1.343162E-01    6.454685E-01    5.506512E+00    6.226404E+00    5.053328E+00
    7.842803E-03    1.358351E-01    6.527759E-01    5.580154E+00    6.307565E+00    5.118570E+00
    7.931444E-03    1.373704E-01    6.601625E-01    5.654412E+00    6.389446E+00    5.184400E+00
    8.021044E-03    1.389223E-01    6.676291E-01    5.729299E+00    6.472060E+00    5.250828E+00
    8.111614E-03    1.404911E-01    6.751764E-01    5.804825E+00    6.555419E+00    5.317868E+00
    8.203162E-03    1.420768E-01    6.828052E-01    5.881005E+00    6.639535E+00    5.385528E+00
    8.295698E-03    1.436796E-01    6.905165E-01    5.957849E+00    6.724421E+00    5.453819E+00
    8.389231E-03    1.452997E-01    6.983111E-01    6.035370E+00    6.810087E+00    5.522751E+00
    8.483772E-03    1.469372E-01    7.061897E-01    6.113581E+00    6.896548E+00    5.592334E+00
    8.579330E-03    1.485924E-01    7.141534E-01    6.192495E+00    6.983817E+00    5.662581E+00
    8.675916E-03    1.502653E-01    7.222030E-01    6.272124E+00    7.071910E+00    5.733501E+00
    8.773539E-03    1.519563E-01    7.303393E-01    6.352482E+00    7.160842E+00    5.805104E+00
    8.872211E-03    1.536654E-01    7.385634E-01    6.433582E+00    7.250627E+00    5.877402E+00
    8.971940E-03    1.553928E-01    7.468761E-01    6.515437E+00    7.341279E+00    5.950406E+00
    9.072739E-03    1.571388E-01    7.552784E-01    6.598058E+00    7.432809E+00    6.024127E+00
    9.174617E-03    1.589035E-01    7.637712E-01    6.681460E+00    7.525233E+00    6.098576E+00
    9.277586E-03    1.606870E-01    7.723555E-01    6.765655E+00    7.618563E+00    6.173762E+00
    9.381657E-03    1.624897E-01    7.810323E-01    6.850653E+00    7.712813E+00    6.249699E+00
    9.486840E-03    1.643116E-01    7.898025E-01    6.936469E+00    7.807996E+00    6.326397E+00
    9.593148E-03    1.661531E-01    7.986673E-01    7.023113E+00    7.904125E+00    6.403867E+00
    9.700591E-03    1.680142E-01    8.076275E-01    7.110599E+00    8.001215E+00    6.482121E+00
    9.809180E-03    1.698951E-01    8.166844E-01    7.198940E+00    8.099279E+00    6.561170E+00
    9.918929E-03    1.717962E-01    8.258388E-01    7.288148E+00    8.198336E+00    6.641026E+00
    1.002985E-02    1.737176E-01    8.350920E-01    7.378236E+00    8.298399E+00    6.721701E+00
    1.014195E-02    1.756594E-01    8.444449E-01    7.469220E+00    8.399483E+00    6.803204E+00
    1.025525E-02    1.776220E-01    8.538987E-01    7.561111E+00    8.501602E+00    6.885551E+00
    1.036975E-02    1.796055E-01    8.634544E-01    7.653924E+00    8.604772E+00    6.968750E+00
    1.048547E-02    1.816101E-01    8.731133E-01    7.747673E+00    8.709007E+00    7.052816E+00
    1.060243E-02    1.836361E-01    8.828765E-01    7.842371E+00    8.814322E+00    7.137759E+00
    1.072063E-02    1.856836E-01    8.927452E-01    7.938031E+00    8.920729E+00    7.223592E+00
    1.084009E-02    1.877530E-01    9.027204E-01    8.034667E+00    9.028246E+00    7.310327E+00
    1.096081E-02    1.898444E-01    9.128035E-01    8.132295E+00    9.136887E+00    7.397976E+00
    1.108283E-02    1.919581E-01    9.229957E-01    8.230927E+00    9.246668E+00    7.486552E+00
    1.120614E-02    1.940943E-01    9.332981E-01    8.330579E+00    9.357607E+00    7.576068E+00
    1.133076E-02    1.962532E-01    9.437120E-01    8.431266E+00    9.469718E+00    7.666536E+00
    1.145670E-02    1.984351E-01    9.542388E-01    8.533002E+00    9.583019E+00    7.757969E+00
    1.158399E-02    2.006402E-01    9.648796E-01    8.635803E+00    9.697524E+00    7.850379E+00
    1.171262E-02    2.028688E-01    9.756358E-01    8.739683E+00    9.813250E+00    7.943780E+00
    1.184263E-02    2.051210E-01    9.865087E-01    8.844656E+00    9.930211E+00    8.038185E+00
    1.197401E-02    2.073973E-01    9.974997E-01    8.950739E+00    1.004842E+01    8.133607E+00
    1.210679E-02    2.096977E-01    1.008610E+00    9.057943E+00    1.016791E+01    8.230059E+00
    1.224098E-02    2.120226E-01    1.019841E+00    9.166286E+00    1.028868E+01    8.327555E+00
    1.237660E-02    2.143723E-01    1.031195E+00    9.275781E+00    1.041075E+01    8.426108E+00
    1.251365E-02    2.167469E-01    1.042672E+00    9.386444E+00    1.053414E+01    8.525733E+00
    1.265216E-02    2.191468E-01    1.054274E+00    9.498291E+00    1.065887E+01    8.626441E+00
    1.279214E-02    2.215722E-01    1.066002E+00    9.611338E+00    1.078496E+01    8.728249E+00
    1.293361E-02    2.240234E-01    1.077859E+00    9.725600E+00    1.091241E+01    8.831170E+00
    1.307658E-02    2.265007E-01    1.089845E+00    9.841093E+00    1.104126E+01    8.935217E+00
    1.322107E-02    2.290043E-01    1.101962E+00    9.957834E+00    1.117151E+01    9.040406E+00
    1.336709E-02    2.315346E-01    1.114211E+00    1.007584E+01    1.130319E+01    9.146750E+00
    1.351467E-02    2.340918E-01    1.126595E+00    1.019512E+01    1.143631E+01    9.254265E+00
    1.366381E-02    2.366762E-01    1.139114E+00    1.031570E+01    1.157090E+01    9.362965E+00
    1.381453E-02    2.392881E-01    1.151770E+00    1.043759E+01    1.170696E+01    9.472865E+00
    1.396685E-02    2.419277E-01    1.164566E+00    1.056082E+01    1.184453E+01    9.583980E+00
    1.412080E-02    2.445955E-01    1.177502E+00    1.068539E+01    1.198361E+01    9.696325E+00
    1.427637E-02    2.472917E-01    1.190580E+00    1.081132E+01    1.212423E+01    9.809916E+00
    1.443360E-02    2.500166E-01    1.203802E+00    1.093864E+01    1.226640E+01    9.924767E+00
    1.459250E-02    2.527704E-01    1.217169E+00    1.106736E+01    1.241015E+01    1.004090E+01
    1.475308E-02    2.555536E-01    1.230684E+00    1.119749E+01    1.255550E+01    1.015832E+01
    1.491538E-02    2.583664E-01    1.244348E+00    1.132906E+01    1.270246E+01    1.027704E+01
    1.507939E-02    2.612092E-01    1.258163E+00    1.146209E+01    1.285105E+01    1.039710E+01
    1.524515E-02    2.640823E-01    1.272131E+00    1.159658E+01    1.300130E+01    1.051849E+01
    1.541267E-02    2.669860E-01    1.286253E+00    1.173256E+01    1.315323E+01    1.064124E+01
    1.558196E-02    2.699206E-01    1.300531E+00    1.187005E+01    1.330685E+01    1.076537E+01
    1.575306E-02    2.728864E-01    1.314968E+00    1.200907E+01    1.346219E+01    1.089088E+01
    1.592598E-02    2.758839E-01    1.329565E+00    1.214963E+01    1.361926E+01    1.101780E+01
    1.610073E-02    2.789134E-01    1.344324E+00    1.229175E+01    1.377810E+01    1.114615E+01
    1.627734E-02    2.819751E-01    1.359247E+00    1.243546E+01    1.393871E+01    1.127594E+01
    1.645582E-02    2.850695E-01    1.374336E+00    1.258077E+01    1.410113E+01    1.140719E+01
    1.663621E-02    2.881969E-01    1.389592E+00    1.272770E+01    1.426537E+01    1.153991E+01
    1.681851E-02    2.913576E-01    1.405019E+00    1.287628E+01    1.443145E+01    1.167413E+01
    1.700275E-02    2.945521E-01    1.420618E+00    1.302652E+01    1.459941E+01    1.180986E+01
    1.718894E-02    2.977806E-01    1.436392E+00    1.317844E+01    1.476925E+01    1.194712E+01
    1.737712E-02    3.010436E-01    1.452341E+00    1.333207E+01    1.494101E+01    1.208593E+01
    1.756730E-02    3.043415E-01    1.468469E+00    1.348742E+01    1.511470E+01    1.222631E+01
    1.775950E-02    3.076745E-01    1.484777E+00    1.364451E+01    1.529036E+01    1.236828E+01
    1.795374E-02    3.110431E-01    1.501268E+00    1.380337E+01    1.546799E+01    1.251185E+01
    1.815005E-02    3.144477E-01    1.517945E+00    1.396402E+01    1.564763E+01    1.265704E+01
    1.834845E-02    3.178887E-01    1.534808E+00    1.412647E+01    1.582931E+01    1.280388E+01
    1.854896E-02    3.213665E-01    1.551861E+00    1.429076E+01    1.601304E+01    1.295238E+01
    1.875160E-02    3.248814E-01    1.569105E+00    1.445690E+01    1.619885E+01    1.310257E+01
    1.895640E-02    3.284339E-01    1.586544E+00    1.462491E+01    1.638676E+01    1.325446E+01
    1.916338E-02    3.320243E-01    1.604179E+00    1.479482E+01    1.657680E+01    1.340807E+01
    1.937256E-02    3.356532E-01    1.622013E+00    1.496665E+01    1.676900E+01    1.356342E+01
    1.958396E-02    3.393208E-01    1.640049E+00    1.514042E+01    1.696337E+01    1.372054E+01
    1.979762E-02    3.430277E-01    1.658288E+00    1.531615E+01    1.715995E+01    1.387945E+01
    2.001355E-02    3.467743E-01    1.676733E+00    1.549388E+01    1.735877E+01    1.404016E+01
    2.023178E-02    3.505609E-01    1.695387E+00    1.567362E+01    1.755984E+01    1.420269E+01
    2.045233E-02    3.543880E-01    1.714252E+00    1.585539E+01    1.776319E+01    1.436708E+01
    2.067523E-02    3.582562E-01    1.733331E+00    1.603923E+01    1.796886E+01    1.453334E+01
    2.090050E-02    3.621657E-01    1.752626E+00    1.622514E+01    1.817686E+01    1.470148E+01
    2.112817E-02    3.661171E-01    1.772141E+00    1.641317E+01    1.838723E+01    1.487155E+01
    2.135826E-02    3.701108E-01    1.791877E+00    1.660333E+01    1.860000E+01    1.504355E+01
    2.159080E-02    3.741473E-01    1.811837E+00    1.679565E+01    1.881519E+01    1.521751E+01
    2.182582E-02    3.782271E-01    1.832024E+00    1.699016E+01    1.903282E+01    1.539345E+01
    2.206334E-02    3.823505E-01    1.852441E+00    1.718687E+01    1.925293E+01    1.557139E+01
    2.230338E-02    3.865182E-01    1.873091E+00    1.738582E+01    1.947556E+01    1.575137E+01
    2.254599E-02    3.907305E-01    1.893976E+00    1.758703E+01    1.970071E+01    1.593340E+01
    2.279117E-02    3.949879E-01    1.915099E+00    1.779053E+01    1.992844E+01    1.611750E+01
    2.303897E-02    3.992910E-01    1.936463E+00    1.799634E+01    2.015875E+01    1.630370E+01
    2.328940E-02    4.036403E-01    1.958072E+00    1.820450E+01    2.039170E+01    1.649203E+01
    2.354250E-02    4.080361E-01    1.979927E+00    1.841502E+01    2.062730E+01    1.668250E+01
    2.379829E-02    4.124792E-01    2.002031E+00    1.862794E+01    2.086558E+01    1.687515E+01
    2.405681E-02    4.169698E-01    2.024389E+00    1.884329E+01    2.110658E+01    1.707000E+01
    2.431807E-02    4.215087E-01    2.047003E+00    1.906108E+01    2.135033E+01    1.726707E+01
    2.458212E-02    4.260962E-01    2.069875E+00    1.928135E+01    2.159686E+01    1.746639E+01
    2.484897E-02    4.307329E-01    2.093009E+00    1.950414E+01    2.184621E+01    1.766798E+01
    2.511867E-02    4.354194E-01    2.116408E+00    1.972946E+01    2.209839E+01    1.787187E+01
    2.539123E-02    4.401561E-01    2.140076E+00    1.995734E+01    2.235345E+01    1.807809E+01
    2.566669E-02    4.449437E-01    2.164015E+00    2.018782E+01    2.261142E+01    1.828667E+01
    2.594507E-02    4.497826E-01    2.188228E+00    2.042093E+01    2.287234E+01    1.849762E+01
    2.622642E-02    4.546735E-01    2.212719E+00    2.065669E+01    2.313622E+01    1.871098E+01
    2.651075E-02    4.596167E-01    2.237491E+00    2.089513E+01    2.340312E+01    1.892677E+01
    2.679811E-02    4.646131E-01    2.262548E+00    2.113629E+01    2.367305E+01    1.914503E+01
    2.708852E-02    4.696630E-01    2.287891E+00    2.138019E+01    2.394607E+01    1.936577E+01
    2.738201E-02    4.747670E-01    2.313526E+00    2.162687E+01    2.422219E+01    1.958903E+01
    2.767861E-02    4.799258E-01    2.339455E+00    2.187635E+01    2.450146E+01    1.981483E+01
    2.797836E-02    4.851399E-01    2.365682E+00    2.212867E+01    2.478391E+01    2.004320E+01
    2.828129E-02    4.904099E-01    2.392210E+00    2.238387E+01    2.506958E+01    2.027418E+01
    2.858743E-02    4.957363E-01    2.419042E+00    2.264196E+01    2.535849E+01    2.050779E+01
    2.889681E-02    5.011198E-01    2.446182E+00    2.290298E+01    2.565070E+01    2.074405E+01
    2.920946E-02    5.065610E-01    2.473633E+00    2.316698E+01    2.594622E+01    2.098300E+01
    2.952543E-02    5.120604E-01    2.501400E+00    2.343396E+01    2.624511E+01    2.122467E+01
    2.984473E-02    5.176187E-01    2.529485E+00    2.370398E+01    2.654738E+01    2.146908E+01
    3.016741E-02    5.232364E-01    2.557891E+00    2.397706E+01    2.685309E+01    2.171627E+01
    3.049349E-02    5.289142E-01    2.586623E+00    2.425324E+01    2.716227E+01    2.196627E+01
    3.082302E-02    5.346527E-01    2.615684E+00    2.453254E+01    2.747496E+01    2.221910E+01
    3.115602E-02    5.404524E-01    2.645078E+00    2.481501E+01    2.779118E+01    2.247479E+01
    3.149252E-02    5.463141E-01    2.674808E+00    2.510067E+01    2.811098E+01    2.273338E+01
    3.183256E-02    5.522382E-01    2.704878E+00    2.538956E+01    2.843441E+01    2.299489E+01
    3.217618E-02    5.582255E-01    2.735291E+00    2.568171E+01    2.876148E+01    2.325936E+01
    3.252340E-02    5.642766E-01    2.766051E+00    2.597716E+01    2.909225E+01    2.352682E+01
    3.287426E-02    5.703920E-01    2.797161E+00    2.627593E+01    2.942674E+01    2.379729E+01
    3.322880E-02    5.765724E-01    2.828626E+00    2.657806E+01    2.976500E+01    2.407081E+01
    3.358704E-02    5.828184E-01    2.860448E+00    2.688360E+01    3.010707E+01    2.434740E+01
    3.394902E-02    5.891306E-01    2.892632E+00    2.719256E+01    3.045298E+01    2.462710E+01
    3.431477E-02    5.955097E-01    2.925180E+00    2.750498E+01    3.080276E+01    2.490994E+01
    3.468432E-02    6.019562E-01    2.958097E+00    2.782089E+01    3.115646E+01    2.519594E+01
    3.505771E-02    6.084707E-01    2.991387E+00    2.814034E+01    3.151412E+01    2.548514E+01
    3.543497E-02    6.150539E-01    3.025051E+00    2.846335E+01    3.187576E+01    2.577757E+01
    3.581613E-02    6.217063E-01    3.059095E+00    2.878995E+01    3.224143E+01    2.607326E+01
    3.620121E-02    6.284286E-01    3.093521E+00    2.912018E+01    3.261116E+01    2.637223E+01
    3.659026E-02    6.352213E-01    3.128333E+00    2.945406E+01    3.298499E+01    2.667451E+01
    3.698330E-02    6.420850E-01    3.163534E+00    2.979164E+01    3.336295E+01    2.698014E+01
    3.738036E-02    6.490203E-01    3.199128E+00    3.013294E+01    3.374508E+01    2.728913E+01
    3.778146E-02    6.560276E-01    3.235118E+00    3.047798E+01    3.413141E+01    2.760153E+01
    3.818665E-02    6.631077E-01    3.271506E+00    3.082681E+01    3.452198E+01    2.791735E+01
    3.859593E-02    6.702609E-01    3.308297E+00    3.117945E+01    3.491682E+01    2.823662E+01
    3.900935E-02    6.774878E-01    3.345492E+00    3.153593E+01    3.531595E+01    2.855937E+01
    3.942691E-02    6.847889E-01    3.383096E+00    3.189628E+01    3.571942E+01    2.888563E+01
    3.984865E-02    6.921646E-01    3.421111E+00    3.226051E+01    3.612725E+01    2.921541E+01
    4.027460E-02    6.996154E-01    3.459538E+00    3.262867E+01    3.653946E+01    2.954873E+01
    4.070475E-02    7.071418E-01    3.498382E+00    3.300077E+01    3.695609E+01    2.988563E+01
    4.113915E-02    7.147441E-01    3.537645E+00    3.337683E+01    3.737716E+01    3.022612E+01
    4.157780E-02    7.224226E-01    3.577328E+00    3.375688E+01    3.780270E+01    3.057023E+01
    4.202072E-02    7.301778E-01    3.617434E+00    3.414093E+01    3.823272E+01    3.091796E+01
    4.246792E-02    7.380099E-01    3.657964E+00    3.452901E+01    3.866725E+01    3.126933E+01
    4.291941E-02    7.459191E-01    3.698921E+00    3.492113E+01    3.910631E+01    3.162436E+01
    4.337520E-02    7.539057E-01    3.740305E+00    3.531730E+01    3.954990E+01    3.198307E+01
    4.383529E-02    7.619699E-01    3.782119E+00    3.571753E+01    3.999804E+01    3.234546E+01
    4.429969E-02    7.701117E-01    3.824362E+00    3.612184E+01    4.045075E+01    3.271153E+01
    4.476839E-02    7.783312E-01    3.867036E+00    3.653023E+01    4.090803E+01    3.308130E+01
    4.524140E-02    7.866285E-01    3.910141E+00    3.694270E+01    4.136988E+01    3.345477E+01
    4.571869E-02    7.950033E-01    3.953676E+00    3.735925E+01    4.183630E+01    3.383194E+01
    4.620026E-02    8.034557E-01    3.997642E+00    3.777988E+01    4.230729E+01    3.421280E+01
    4.668608E-02    8.119854E-01    4.042037E+00    3.820458E+01    4.278284E+01    3.459735E+01
    4.717615E-02    8.205920E-01    4.086861E+00    3.863334E+01    4.326293E+01    3.498557E+01
    4.767042E-02    8.292752E-01    4.132111E+00    3.906614E+01    4.374755E+01    3.537745E+01
    4.816887E-02    8.380345E-01    4.177785E+00    3.950296E+01    4.423667E+01    3.577298E+01
    4.867145E-02    8.468692E-01    4.223881E+00    3.994378E+01    4.473027E+01    3.617212E+01
    4.917811E-02    8.557788E-01    4.270395E+00    4.038856E+01    4.522831E+01    3.657486E+01
    4.968882E-02    8.647623E-01    4.317323E+00    4.083726E+01    4.573074E+01    3.698114E+01
    5.020349E-02    8.738187E-01    4.364660E+00    4.128984E+01    4.623751E+01    3.739094E+01
    5.072208E-02    8.829471E-01    4.412401E+00    4.174625E+01    4.674857E+01    3.780421E+01
    5.124448E-02    8.921460E-01    4.460540E+00    4.220642E+01    4.726385E+01    3.822089E+01
    5.177063E-02    9.014142E-01    4.509069E+00    4.267030E+01    4.778327E+01    3.864092E+01
    5.230043E-02    9.107499E-01    4.557981E+00    4.313780E+01    4.830676E+01    3.906423E+01
    5.283375E-02    9.201515E-01    4.607266E+00    4.360884E+01    4.883420E+01    3.949075E+01
    5.337050E-02    9.296170E-01    4.656915E+00    4.408332E+01    4.936551E+01    3.992039E+01
    5.391053E-02    9.391441E-01    4.706916E+00    4.456115E+01    4.990055E+01    4.035305E+01
    5.445370E-02    9.487305E-01    4.757258E+00    4.504219E+01    5.043920E+01    4.078863E+01
    5.499986E-02    9.583736E-01    4.807926E+00    4.552633E+01    5.098132E+01    4.122701E+01
    5.554883E-02    9.680703E-01    4.858906E+00    4.601342E+01    5.152674E+01    4.166807E+01
    5.610043E-02    9.778177E-01    4.910182E+00    4.650331E+01    5.207530E+01    4.211166E+01
    5.665445E-02    9.876121E-01    4.961735E+00    4.699582E+01    5.262680E+01    4.255763E+01
    5.721068E-02    9.974500E-01    5.013547E+00    4.749079E+01    5.318104E+01    4.300581E+01
    5.776888E-02    1.007327E+00    5.065597E+00    4.798799E+01    5.373779E+01    4.345604E+01
    5.832879E-02    1.017239E+00    5.117861E+00    4.848723E+01    5.429682E+01    4.390809E+01
    5.889014E-02    1.027182E+00    5.170316E+00    4.898826E+01    5.485786E+01    4.436178E+01
    5.945262E-02    1.037149E+00    5.222934E+00    4.949084E+01    5.542063E+01    4.481687E+01
    6.001593E-02    1.047136E+00    5.275688E+00    4.999469E+01    5.598483E+01    4.527310E+01
    6.057972E-02    1.057136E+00    5.328546E+00    5.049953E+01    5.655013E+01    4.573023E+01
    6.114362E-02    1.067144E+00    5.381476E+00    5.100503E+01    5.711617E+01    4.618797E+01
    6.170725E-02    1.077153E+00    5.434444E+00    5.151087E+01    5.768260E+01    4.664601E+01
    6.227020E-02    1.087155E+00    5.487410E+00    5.201670E+01    5.824901E+01    4.710404E+01
    6.283203E-02    1.097143E+00    5.540336E+00    5.252212E+01    5.881496E+01    4.756170E+01
    6.339226E-02    1.107109E+00    5.593179E+00    5.302674E+01    5.938002E+01    4.801864E+01
    6.395041E-02    1.117043E+00    5.645894E+00    5.353013E+01    5.994371E+01    4.847447E+01
    6.450596E-02    1.126938E+00    5.698433E+00    5.403184E+01    6.050551E+01    4.892877E+01
    6.505835E-02    1.136782E+00    5.750747E+00    5.453139E+01    6.106489E+01    4.938112E+01
    6.560702E-02    1.146567E+00    5.802782E+00    5.502827E+01    6.162129E+01    4.983105E+01
    6.615135E-02    1.156282E+00    5.854482E+00    5.552196E+01    6.217411E+01    5.027809E+01
    6.669070E-02    1.165915E+00    5.905789E+00    5.601190E+01    6.272274E+01    5.072174E+01
    6.722442E-02    1.175454E+00    5.956642E+00    5.649751E+01    6.326651E+01    5.116146E+01
    6.775182E-02    1.184888E+00    6.006977E+00    5.697818E+01    6.380475E+01    5.159671E+01
    6.827216E-02    1.194204E+00    6.056727E+00    5.745327E+01    6.433675E+01    5.202692E+01
    6.878472E-02    1.203389E+00    6.105824E+00    5.792213E+01    6.486177E+01    5.245148E+01
    6.928872E-02    1.212428E+00    6.154195E+00    5.838409E+01    6.537906E+01    5.286979E+01
    6.978337E-02    1.221308E+00    6.201767E+00    5.883843E+01    6.588782E+01    5.328120E+01
    7.026784E-02    1.230015E+00    6.248464E+00    5.928443E+01    6.638725E+01    5.368506E+01
    7.074130E-02    1.238533E+00    6.294208E+00    5.972136E+01    6.687651E+01    5.408071E+01
    7.120291E-02    1.246848E+00    6.338919E+00    6.014845E+01    6.735475E+01    5.446744E+01
    7.165178E-02    1.254943E+00    6.382514E+00    6.056492E+01    6.782111E+01    5.484456E+01
    7.208703E-02    1.262804E+00    6.424913E+00    6.096999E+01    6.827470E+01    5.521136E+01
    7.250778E-02    1.270413E+00    6.466030E+00    6.136287E+01    6.871464E+01    5.556712E+01
    7.291313E-02    1.277756E+00    6.505782E+00    6.174275E+01    6.914002E+01    5.591111E+01
    7.330217E-02    1.284817E+00    6.544084E+00    6.210882E+01    6.954994E+01    5.624259E+01
    7.367402E-02    1.291578E+00    6.580851E+00    6.246029E+01    6.994350E+01    5.656085E+01
    7.402778E-02    1.298024E+00    6.615998E+00    6.279634E+01    7.031981E+01    5.686515E+01
    7.436258E-02    1.304140E+00    6.649444E+00    6.311619E+01    7.067797E+01    5.715478E+01
    7.467754E-02    1.309910E+00    6.681105E+00    6.341906E+01    7.101711E+01    5.742903E+01
    7.497183E-02    1.315318E+00    6.710901E+00    6.370418E+01    7.133638E+01    5.768720E+01
    7.524463E-02    1.320350E+00    6.738755E+00    6.397080E+01    7.163494E+01    5.792864E+01
    7.549515E-02    1.324992E+00    6.764591E+00    6.421823E+01    7.191200E+01    5.815268E+01
    7.572264E-02    1.329230E+00    6.788336E+00    6.444575E+01    7.216678E+01    5.835871E+01
    7.592638E-02    1.333051E+00    6.809921E+00    6.465273E+01    7.239854E+01    5.854612E+01
    7.610571E-02    1.336443E+00    6.829282E+00    6.483853E+01    7.260660E+01    5.871437E+01
    7.625999E-02    1.339394E+00    6.846359E+00    6.500260E+01    7.279031E+01    5.886293E+01
    7.638867E-02    1.341894E+00    6.861095E+00    6.514438E+01    7.294908E+01    5.899132E+01
