  -23.0258509299405        9999999999.00000       0.999999977648258     
  -22.9630852387394        9391635020.82988       0.999999981373549     
  -22.9003195475383        8820280837.32614       0.999999981373549     
  -22.8375538563372        8283685841.35987       0.999999981373549     
  -22.7747881651361        7779735405.69433       0.999999985098839     
  -22.7120224739350        7306443549.60803       0.999999985098839     
  -22.6492567827339        6861945112.49134       0.999999985098839     
  -22.5864910915328        6444488403.57396       0.999999985098839     
  -22.5237254003317        6052428298.81736       0.999999985098839     
  -22.4609597091306        5684219757.76789       0.999999992549419     
  -22.3981940179295        5338411734.82219       0.999999992549419     
  -22.3354283267284        5013641460.90953       0.999999992549419     
  -22.2726626355273        4708629073.05678       0.999999992549419     
  -22.2098969443262        4422172570.67180       0.999999985098839     
  -22.1471312531251        4153143078.66884       0.999999985098839     
  -22.0843655619240        3900480398.76882        1.00000000000000     
  -22.0215998707229        3663188831.44299        1.00000000000000     
  -21.9588341795218        3440333252.03476        1.00000000000000     
  -21.8960684883207        3231035425.59672        1.00000000000000     
  -21.8333027971196        3034470545.91988       0.999999985098839     
  -21.7705371059185        2849863985.11640        1.00000000000000     
  -21.7077714147173        2676488240.94624        1.00000000000000     
  -21.6450057235162        2513660069.85782        1.00000000000000     
  -21.5822400323151        2360737794.44437        1.00000000000000     
  -21.5194743411141        2217118774.70528        1.00000000000000     
  -21.4567086499130        2082237033.14703        1.00000000000000     
  -21.3939429587119        1955561024.36464        1.00000000000000     
  -21.3311772675107        1836591540.31401        1.00000000000000     
  -21.2684115763096        1724859743.02012        1.00000000000000     
  -21.2056458851085        1619925316.96838        1.00000000000000     
  -21.1428801939074        1521374733.89808        1.00000000000000     
  -21.0801145027063        1428819623.15959        1.00000000000000     
  -21.0173488115052        1341895241.21350        1.00000000000000     
  -20.9545831203041        1260259034.23992        1.00000000000000     
  -20.8918174291030        1183589288.19368        1.00000000000000     
  -20.8290517379019        1111583860.98540        1.00000000000000     
  -20.7662860467008        1043958991.79230        1.00000000000000     
  -20.7035203554997        980448182.806243        1.00000000000000     
  -20.6407546642986        920801149.012424        1.00000000000000     
  -20.5779889730975        864782831.859790        1.00000000000000     
  -20.5152232818964        812172472.936326        1.00000000000000     
  -20.4524575906953        762762743.998660        1.00000000000000     
  -20.3896918994942        716358929.927651        1.00000000000000     
  -20.3269262082931        672778161.390073        1.00000000000000     
  -20.2641605170920        631848694.182496        1.00000000000000     
  -20.2013948258909        593409232.417343        1.00000000000000     
  -20.1386291346898        557308292.883954        1.00000000000000     
  -20.0758634434887        523403608.079680        1.00000000000000     
  -20.0130977522876        491561565.558487        1.00000000000000     
  -19.9503320610865        461656681.387624        1.00000000000000     
  -19.8875663698854        433571105.637340        1.00000000000000     
  -19.8248006786843        407194157.954878        1.00000000000000     
  -19.7620349874832        382421891.392519        1.00000000000000     
  -19.6992692962821        359156682.770804        1.00000000000000     
  -19.6365036050810        337306847.962616        1.00000000000000     
  -19.5737379138799        316786280.582039        1.00000000000000     
  -19.5109722226788        297514112.654113        1.00000000000000     
  -19.4482065314777        279414395.928265        1.00000000000000     
  -19.3854408402766        262415802.579497        1.00000000000000     
  -19.3226751490755        246451344.117883        1.00000000000000     
  -19.2599094578744        231458107.398619        1.00000000000000     
  -19.1971437666733        217377006.692297        1.00000000000000     
  -19.1343780754722        204152550.838355        1.00000000000000     
  -19.0716123842711        191732624.564104        1.00000000000000     
  -19.0088466930700        180068283.107523        1.00000000000000     
  -18.9460810018689        169113559.334502        1.00000000000000     
  -18.8833153106678        158825282.590385        1.00000000000000     
  -18.8205496194667        149162908.571952        1.00000000000000     
  -18.7577839282656        140088359.549399        1.00000000000000     
  -18.6950182370645        131565874.308647        1.00000000000000     
  -18.6322525458634        123561867.222639        1.00000000000000     
  -18.5694868546623        116044795.896247        1.00000000000000     
  -18.5067211634612        108985036.863192        1.00000000000000     
  -18.4439554722601        102354768.845141        1.00000000000000     
  -18.3811897810590        96127863.1128964        1.00000000000000     
  -18.3184240898579        90279780.5176381        1.00000000000000     
  -18.2556583986568        84787474.7864199        1.00000000000000     
  -18.1928927074557        79629301.7008293        1.00000000000000     
  -18.1301270162546        74784933.8009001        1.00000000000000     
  -18.0673613250535        70235280.2781397        1.00000000000000     
  -18.0045956338524        65962411.7419849        1.00000000000000     
  -17.9418299426513        61949489.5632022        1.00000000000000     
  -17.8790642514502        58180699.5157889        1.00000000000000     
  -17.8162985602491        54641189.4558679        1.00000000000000     
  -17.7535328690480        51317010.7919805        1.00000000000000     
  -17.6907671778469        48195063.5161220        1.00000000000000     
  -17.6280014866458        45263044.5788962        1.00000000000000     
  -17.5652357954447        42509399.4053445        1.00000000000000     
  -17.5024701042436        39923276.3603821        1.00000000000000     
  -17.4397044130425        37494483.9843993        1.00000000000000     
  -17.3769387218414        35213450.8304959        1.00000000000000     
  -17.3141730306403        33071187.7450805        1.00000000000000     
  -17.2514073394392        31059252.4431843        1.00000000000000     
  -17.1886416482381        29169716.2388900        1.00000000000000     
  -17.1258759570370        27395132.7997634        1.00000000000000     
  -17.0631102658359        25728508.8021573        1.00000000000000     
  -17.0003445746348        24163276.3717434        1.00000000000000     
  -16.9375788834337        22693267.2006655        1.00000000000000     
  -16.8748131922326        21312688.2393148        1.00000000000000     
  -16.8120475010315        20016098.8669325        1.00000000000000     
  -16.7492818098304        18798389.4510729        1.00000000000000     
  -16.6865161186293        17654761.2114328        1.00000000000000     
  -16.6237504274282        16580707.3086971        1.00000000000000     
  -16.5609847362271        15571995.0838705        1.00000000000000     
  -16.4982190450260        14624649.3781076        1.00000000000000     
  -16.4354533538249        13734936.8673053        1.00006103515625     
  -16.3726876626238        12899351.3497242        1.00000000000000     
  -16.3099219714227        12114599.9286593        1.00000000000000     
  -16.2471562802216        11377590.0357089        1.00000000000000     
  -16.1843905890205        10685417.2435022        1.00000000000000     
  -16.1216248978194        10035353.8198575        1.00000000000000     
  -16.0588592066183        9424837.97826626        1.00000000000000     
  -15.9960935154172        8851463.78233927        1.00000000000000     
  -15.9333278242161        8312971.66443112        1.00000000000000     
  -15.8705621330150        7807239.52107857        1.00000000000000     
  -15.8077964418139        7332274.35016109        1.00000000000000     
  -15.7450307506128        6886204.39682727        1.00000000000000     
  -15.6822650594117        6467271.77723570        1.00000000000000     
  -15.6194993682106        6073825.55104137        1.00000000000000     
  -15.5567336770095        5704315.21532804        1.00000000000000     
  -15.4939679858084        5357284.59434668        1.00000000000000     
  -15.4312022946073        5031366.10098110        1.00000000000000     
  -15.3684366034062        4725275.34732567        1.00000000000000     
  -15.3056709122051        4437806.08313681        1.00000000000000     
  -15.2429052210040        4167825.44221124        1.00000000000000     
  -15.1801395298029        3914269.47795796        1.00000000000000     
  -15.1173738386018        3676138.97057048        1.00000000000000     
  -15.0546081474007        3452495.48927583        1.00000000000000     
  -14.9918424561996        3242457.69414276        1.00000000000000     
  -14.9290767649985        3045197.86287479        1.00000000000000     
  -14.8663110737974        2859938.62890114        1.00000000000000     
  -14.8035453825963        2685949.91791071        1.00000000000000     
  -14.7407796913952        2522546.07075663        1.00000000000000     
  -14.6780140001941        2369083.14139323        1.00000000000000     
  -14.6152483089930        2224956.35919704        1.00000000000000     
  -14.5524826177919        2089597.74567131        1.00000000000000     
  -14.4897169265908        1962473.87614185        1.00000000000000     
  -14.4269512353897        1843083.77762350        1.00000000000000     
  -14.3641855441886        1730956.95457304        1.00000000000000     
  -14.3014198529875        1625651.53474831        1.00000000000000     
  -14.2386541617864        1526752.52786688        1.00000000000000     
  -14.1758884705853        1433870.19020169        1.00000000000000     
  -14.1131227793842        1346638.48866911        1.00000000000000     
  -14.0503570881831        1264713.65835639        1.00000000000000     
  -13.9875913969820        1187772.84780414        1.00000000000000     
  -13.9248257057809        1115512.84670510        1.00000000000000     
  -13.8620600145798        1047648.89100518        1.00000000000000     
  -13.7992943233787        983913.540698048        1.00000000000000     
  -13.7365286321776        924055.625890746        1.00000000000000     
  -13.6737629409765        867839.256986947        1.00000000000000     
  -13.6109972497754        815042.895087245        1.00000000000000     
  -13.5482315585743        765458.478943000        1.00000000000000     
  -13.4854658673732        718890.605023274        1.00000000000000     
  -13.4227001761721        675155.757463607        1.00000000000000     
  -13.3599344849710        634081.584862031        1.00000000000000     
  -13.2971687937699        595506.221072266        1.00000000000000     
  -13.2344031025688        559277.647317488        1.00000000000000     
  -13.1716374113677        525253.093110856        1.00000000000000     
  -13.1088717201666        493298.473621940        1.00000000000000     
  -13.0461060289655        463287.861271805        1.00000000000000     
  -12.9833403377644        435102.989474398        1.00000000000000     
  -12.9205746465633        408632.786568565        1.00000000000000     
  -12.8578089553622        383772.938104029        1.00000000000000     
  -12.7950432641611        360425.475756337        1.00000000000000     
  -12.7322775729600        338498.391250793        1.00000000000000     
  -12.6695118817589        317905.273773904        1.00000000000000     
  -12.6067461905578        298564.969443443        1.01562500000000     
  -12.5439804993567        280401.261495163        1.00000000000000     
  -12.4812148081556        263342.569925827        1.00000000000000     
  -12.4184491169545        247321.669408910        1.00000000000000     
  -12.3556834257534        232275.424371317        1.00000000000000     
  -12.2929177345523        218144.540187108        1.00000000000000     
  -12.2301520433512        204873.329507724        1.00000000000000     
  -12.1673863521501        192409.492807866        1.00000000000000     
  -12.1046206609490        180703.912282190        1.00000000000000     
  -12.0418549697479        169710.458280610        1.00000000000000     
  -11.9790892785468        159385.807519400        1.00000000000000     
  -11.9163235873457        149689.272351685        1.00000000000000     
  -11.8535578961446        140582.640424534        1.00000000000000     
  -11.7907922049435        132030.024090739        1.00000000000000     
  -11.7280265137424        123997.718981865        1.00000000000000     
  -11.6652608225413        116454.071185213        1.00000000000000     
  -11.6024951313402        109369.352501274        1.00000000000000     
  -11.5397294401391        102715.643290084        1.00000000000000     
  -11.4769637489380        96466.7224447958        1.00000000000000     
  -11.4141980577369        90597.9640588707        1.00000000000000     
  -11.3514323665358        85086.2403796797        1.00000000000000     
  -11.2886666753347        79909.8306660657        1.00000000000000     
  -11.2259009841336        75048.3355906939        1.00000000000000     
  -11.1631352929325        70482.5968498624        1.00000000000000     
  -11.1003696017314        66194.6216639707        1.00000000000000     
  -11.0376039105303        62167.5118711147        1.00000000000000     
  -10.9748382193292        58385.3973343807        1.00000000000000     
  -10.9120725281281        54833.3734004044        1.00000000000000     
  -10.8493068369270        51497.4421627333        1.00000000000000     
  -10.7865411457259        48364.4572985208        1.00000000000000     
  -10.7237754545248        45422.0722611605        1.00000000000000     
  -10.6610097633237        42658.6916247024        1.00000000000000     
  -10.5982440721226        40063.4253883017        1.00000000000000     
  -10.5354783809215        37626.0460606265        1.00000000000000     
  -10.4727126897204        35336.9483550986        1.00000000000000     
  -10.4099469985193        33187.1113371359        1.00000000000000     
  -10.3471813073182        31168.0628742235        1.00000000000000     
  -10.2844156161171        29271.8462487175        1.00000000000000     
  -10.2216499249160        27490.9888018096        1.00000000000000     
  -10.1588842337149        25818.4724850829        1.00000000000000     
  -10.0961185425138        24247.7062036078        1.00000000000000     
  -10.0333528513127        22772.4998415867        1.00000000000000     
  -9.97058716011159        21387.0398681882        1.00000000000000     
  -9.90782146891049        20085.8664274370        1.00000000000000     
  -9.84505577770939        18863.8518218736        1.00000000000000     
  -9.78229008650829        17716.1803051939        1.00000000000000     
  -9.71952439530719        16638.3291042334        1.00000000000000     
  -9.65675870410609        15626.0505955071        1.00000000000000     
  -9.59399301290499        14675.3555660672        1.00000000000000     
  -9.53122732170389        13782.4974927105        1.00000000000000     
  -9.46846163050279        12943.9577775844        1.00000000000000     
  -9.40569593930169        12156.4318820071        1.00000000000000     
  -9.34293024810059        11416.8163038569        1.00000000000000     
  -9.28016455689949        10722.1963472122        1.00000000000000     
  -9.21739886569839        10069.8346360437        1.00000000000000     
  -9.15463317449729        9457.16032669250        1.00000000000000     
  -9.09186748329619        8881.75897662470        1.00000000000000     
  -9.02910179209509        8341.36302953422        1.00000000000000     
  -8.96633610089399        7833.84287929923        1.00000000000000     
  -8.90357040969289        7357.19847757612        1.00000000000000     
  -8.84080471849179        6909.55145195791        1.00000000000000     
  -8.77803902729069        6489.13770363652        1.00000000000000     
  -8.71527333608959        6094.30045539713        1.00000000000000     
  -8.65250764488849        5723.48372254833        1.00000000000000     
  -8.58974195368739        5375.22618105799        1.00000000000000     
  -8.52697626248629        5048.15540873029        1.00000000000000     
  -8.46421057128518        4740.98247672931        1.00000000000000     
  -8.40144488008409        4452.49687013546        1.00000000000000     
  -8.33867918888298        4181.56171751739        1.00000000000000     
  -8.27591349768188        3927.10931072012        1.00000000000000     
  -8.21314780648078        3688.13689721351        1.00000000000000     
  -8.15038211527968        3463.70272841953        1.00000000000000     
  -8.08761642407858        3252.92234844543        1.00000000000000     
  -8.02485073287748        3054.96510859750        1.00000000000000     
  -7.96208504167638        2869.05089393944        1.00000000000000     
  -7.89931935047528        2694.44704899558        1.00000000000000     
  -7.83655365927418        2530.46549048349       0.999999973922968     
  -7.77378796807308        2376.45999569785       0.999999896623194     
  -7.71102227687198        2231.82365585954       0.999999542720616     
  -7.64825658567088        2095.98648439407       0.999997764534783     
  -7.58549089446978        1968.41317071392       0.999987816394423     
  -7.52272520326868        1848.60097065299       0.999925442295535     
  -7.45995951206758        1736.07772523952       0.999484185555502     
  -7.39719382086648        1630.40000000000       0.995955245898955     
  -7.39231758885311        1622.46427902610       0.995230430083424     
  -7.38744135683973        1614.56716027567       0.994372466318822     
  -7.38256512482635        1606.70845597350       0.993356626765447     
  -7.37768889281298        1598.88797925781       0.992153668502048     
  -7.37281266079960        1591.10554417573       0.990729075087444     
  -7.36793642878623        1583.36096567899       0.989042204783324     
  -7.36306019677285        1575.65405961943       0.987360434342655     
  -7.35818396475948        1567.98464274465       0.985159685927623     
  -7.35330773274610        1560.35253269368       0.982605381766775     
  -7.34843150073273        1552.75754799259       0.979654979521498     
  -7.34355526871935        1545.19950805023       0.976265430047578     
  -7.33867903670598        1537.67823315390       0.972394527090890     
  -7.33380280469260        1530.19354446509       0.968002185316973     
  -7.32892657267923        1522.74526401522       0.963051641076049     
  -7.32405034066585        1515.33321470142       0.957510478762752     
  -7.31917410865248        1507.95722028231       0.951351418807147     
  -7.31429787663910        1500.61710537382       0.944552843699017     
  -7.30942164462573        1493.31269544499       0.937099073599820     
  -7.30454541261235        1486.04381681387       0.928980427345838     
  -7.29966918059898        1478.81029664334       0.920193115134340     
  -7.29479294858560        1471.61196293703       0.910739009041765     
  -7.28991671657223        1464.44864453523       0.900625330514836     
  -7.28504048455885        1457.32017111080       0.889864284555032     
  -7.28016425254547        1450.22637316514       0.878472661183171     
  -7.27528802053210        1443.16708202415       0.866471417531961     
  -7.27041178851872        1436.14212983423       0.853885248976486     
  -7.26553555650535        1429.15134955826       0.840742154833251     
  -7.26065932449197        1422.19457497168       0.827073002804705     
  -7.25578309247860        1415.27164065849       0.812911095946631     
  -7.25090686046522        1408.38238200732       0.798291746007119     
  -7.24603062845185        1401.52663520755       0.783251857184738     
  -7.24115439643847        1394.70423724538       0.767829524463074     
  -7.23627816442510        1387.91502589999       0.752063650596211     
  -7.23140193241172        1381.15883973964       0.735993585515496     
  -7.22652570039835        1374.43551811784       0.719658791423606     
  -7.22164946838497        1367.74490116959       0.703098536185709     
  -7.21677323637160        1361.08682980749       0.686351616878010     
  -7.21189700435822        1354.46114571801       0.669456114569642     
  -7.20702077234485        1347.86769135771       0.652449180646647     
  -7.20214454033147        1341.30630994952       0.635366854275650     
  -7.19726830831810        1334.77684547896       0.618243909983259     
  -7.19239207630472        1328.27914269048       0.601113733808927     
  -7.18751584429135        1321.81304708375       0.584008226085921     
  -7.18263961227797        1315.37840490998       0.566957728616337     
  -7.17776338026459        1308.97506316826       0.549990973825319     
  -7.17288714825122        1302.60286960195       0.533135053397248     
  -7.16801091623784        1296.26167269504       0.516415403898801     
  -7.16313468422447        1289.95132166853       0.499855806966207     
  -7.15825845221109        1283.67166647688       0.483478401761312     
  -7.15338222019772        1277.42255780443       0.467303707569273     
  -7.14850598818434        1271.20384706183       0.451350654606259     
  -7.14362975617097        1265.01538638253       0.435636621316684     
  -7.13875352415759        1258.85702861926       0.420177476656607     
  -7.13387729214422        1252.72862734052       0.404987626074245     
  -7.12900106013084        1246.63003682711       0.390080060104075     
  -7.12412482811747        1240.56111206867       0.375466404682747     
  -7.11924859610409        1234.52170876021       0.361156972469626     
  -7.11437236409072        1228.51168329869       0.347160814610170     
  -7.10949613207734        1222.53089277962       0.333485772515751     
  -7.10461990006397        1216.57919499364       0.320138529348490     
  -7.09974366805059        1210.65644842315       0.307124660995129     
  -7.09486743603722        1204.76251223894       0.294448686390902     
  -7.08999120402384        1198.89724629685       0.282114117114201     
  -7.08511497201047        1193.06051113444       0.270123506217663     
  -7.08023873999709        1187.25216796763       0.258478496292428     
  -7.07536250798371        1181.47207868749       0.247179866782441     
  -7.07048627597034        1175.72010585686       0.236227580576010     
  -7.06561004395696        1169.99611270713       0.225620829904616     
  -7.06073381194359        1164.29996313500       0.215358081575916     
  -7.05585757993021        1158.63152169922       0.205437121560299     
  -7.05098134791684        1152.99065361736       0.195855098939916     
  -7.04610511590346        1147.37722476263       0.186608569216898     
  -7.04122888389009        1141.79110166069       0.177693536964492     
  -7.03635265187671        1136.23215148646       0.169105497792109     
  -7.03147641986334        1130.70024206097       0.160839479583246     
  -7.02660018784996        1125.19524184821       0.152890082954660     
  -7.02172395583659        1119.71701995202       0.145251520876250     
  -7.01684772382321        1114.26544611296       0.137917657384230     
  -7.01197149180984        1108.84039070522       0.130882045315304     
  -7.00709525979646        1103.44172473354       0.124137962986967     
  -7.00221902778309        1098.06931983013       0.117678449748432     
  -6.99734279576971        1092.72304825164       0.111496340328108     
  -6.99246656375634        1087.40278287610       0.105584297906826     
  -6.98759033174296        1082.10839719992       9.993484585077328E-002
  -6.98271409972959        1076.83976533485       9.454039804440798E-002
  -6.97783786771621        1071.59676200503       8.939328777092916E-002
  -6.97296163570284        1066.37926254396       8.448579509616704E-002
  -6.96808540368946        1061.18714289159       7.981017272066547E-002
  -6.96320917167608        1056.02027959132       7.535867027403916E-002
  -6.95833293966271        1050.87854978711       7.112355703523857E-002
  -6.95345670764933        1045.76183122051       6.709714307184954E-002
  -6.94858047563596        1040.67000222781       6.327179880090707E-002
  -6.94370424362258        1035.60294173708       5.963997298270909E-002
  -6.93882801160921        1030.56052926537       5.619420916765766E-002
  -6.93395177959583        1025.54264491577       5.292716062411514E-002
  -6.92907554758246        1020.54916937460       4.983160378260335E-002
  -6.92419931556908        1015.57998390857       4.690045023825862E-002
  -6.91932308355571        1010.63497036195       4.412675735932279E-002
  -6.91444685154233        1005.71401115376       4.150373755453184E-002
  -6.90957061952896        1000.81698927499       3.902476625656302E-002
  -6.90469438751558        995.943788285775       3.668338868225928E-002
  -6.89981815550221        991.094292312683       3.447332543313524E-002
  -6.89494192348883        986.268386045920       3.238847700177260E-002
  -6.89006569147546        981.465954736606       3.042292725113778E-002
  -6.88518945946208        976.686884194035       2.857094593465695E-002
  -6.88031322744871        971.931060782972       2.682699032513481E-002
  -6.87543699543533        967.198371420941       2.518570602031848E-002
  -6.87056076342196        962.488703575542       2.364192699218019E-002
  -6.86568453140858        957.801945261772       2.219067494585068E-002
  -6.86080829939521        953.137985039366       2.082715805264129E-002
  -6.85593206738183        948.496712010143       1.954676911978504E-002
  -6.85105583536845        943.878015815371       1.834508325746987E-002
  -6.84617960335508        939.281786633143       1.721785510143752E-002
  -6.84130337134170        934.707915175767       1.616101564694675E-002
  -6.83642713932833        930.156292687163       1.517066874724823E-002
  -6.83155090731495        925.626810940284       1.424308732693940E-002
  -6.82667467530158        921.119362234534       1.337470935764959E-002
  -6.82179844328820        916.633839393216       1.256213364048724E-002
  -6.81692221127483        912.170135760975       1.180211543655372E-002
  -6.81204597926145        907.728145201272       1.109156198360881E-002
  -6.80716974724808        903.307762093849       1.042752793366090E-002
  -6.80229351523470        898.908881332226       9.807210742873130E-003
  -6.79741728322133        894.531398321199       9.227946041721299E-003
  -6.79254105120795        890.175208974351       8.687203009849140E-003
  -6.78766481919458        885.840209711583       8.182579776559177E-003
  -6.78278858718120        881.526297456643       7.711798864395717E-003
  -6.77791235516783        877.233369634681       7.272702689874368E-003
  -6.77303612315445        872.961324169810       6.863249132138193E-003
  -6.76815989114108        868.710059482673       6.481507177251194E-003
  -6.76328365912770        864.479474488035       6.125652643037111E-003
  -6.75840742711433        860.269468592377       5.793963986907387E-003
  -6.75353119510095        856.079941691500       5.484818197056576E-003
  -6.74865496308758        851.910794168150       5.196686765790925E-003
  -6.74377873107420        847.761926889647       4.928131742621636E-003
  -6.73890249906082        843.633241205530       4.677801864116674E-003
  -6.73402626704745        839.524638945207       4.444428757343363E-003
  -6.72915003503407        835.436022415626       4.226823214014511E-003
  -6.72427380302070        831.367294398945       4.023871533104273E-003
  -6.71939757100732        827.318358150231       3.834531930649908E-003
  -6.71452133899395        823.289117395149       3.657831016601407E-003
  -6.70964510698057        819.279476327676       3.492860339822632E-003
  -6.70476887496720        815.289339607831       3.338773003583086E-003
  -6.69989264295382        811.318612359394       3.194780355015701E-003
  -6.69501641094045        807.367200167662       3.060148752977568E-003
  -6.69014017892707        803.435009077196       2.934196419474983E-003
  -6.68526394691370        799.521945589592       2.816290380268485E-003
  -6.68038771490032        795.627916661258       2.705843500439353E-003
  -6.67551148288695        791.752829701196       2.602311620584333E-003
  -6.67063525087357        787.896592568806       2.505190798929897E-003
  -6.66575901886020        784.059113571694       2.414014664059457E-003
  -6.66088278684682        780.240301463488       2.328351882170912E-003
  -6.65600655483345        776.440065441678       2.247803741875775E-003
  -6.65113032282007        772.658315145442       2.172001858567088E-003
  -6.64625409080670        768.894960653513       2.100605999367612E-003
  -6.64137785879332        765.149912482027       2.033302028664204E-003
  -6.63650162677994        761.423081582409       1.969799973274968E-003
  -6.63162539476657        757.714379339242       1.909832205410294E-003
  -6.62674916275319        754.023717568172       1.853151740797550E-003
  -6.62187293073982        750.351008513802       1.799530648654152E-003
  -6.61699669872644        746.696164847609       1.748758569622443E-003
  -6.61212046671307        743.059099665870       1.700641337322185E-003
  -6.60724423469969        739.439726487593       1.654999698829376E-003
  -6.60236800268632        735.837959252458       1.611668129146561E-003
  -6.59749177067294        732.253712318777       1.570493734580640E-003
  -6.59261553865957        728.686900461452       1.531335239878691E-003
  -6.58773930664619        725.137438869950       1.494062053979317E-003
  -6.58286307463282        721.605243146292       1.458553409305227E-003
  -6.57798684261944        718.090229303035       1.424697569640960E-003
  -6.57311061060607        714.592313761287       1.392391101798083E-003
  -6.56823437859269        711.111413348709       1.361538206458873E-003
  -6.56335814657932        707.647445297546       1.332050103800737E-003
  -6.55848191456594        704.200327242653       1.303844469729895E-003
  -6.55360568255257        700.769977219543       1.276844918788039E-003
  -6.54872945053919        697.356313662428       1.250980530034555E-003
  -6.54385321852582        693.959255402291       1.226185412445681E-003
  -6.53897698651244        690.578721664945       1.202398306606516E-003
  -6.53410075449906        687.214632069125       1.179562219700349E-003
  -6.52922452248569        683.866906624563       1.157624091019650E-003
  -6.52434829047231        680.535465730097       1.136534485433415E-003
  -6.51947205845894        677.220230171771       1.116247312444878E-003
  -6.51459582644556        673.921121120956       1.096719568661829E-003
  -6.50971959443219        670.638060132473       1.077911101678249E-003
  -6.50484336241881        667.370969142731       1.059784393530905E-003
  -6.49996713040544        664.119770467867       1.042304362048019E-003
  -6.49509089839206        660.884386801899       1.025438178549373E-003
  -6.49021466637869        657.664741214892       1.009155100488894E-003
  -6.48533843436531        654.460757151125       9.934263177520828E-004
  -6.48046220235194        651.272358427271       9.782248114323449E-004
  -6.47558597033856        648.099469230588       9.635252240128670E-004
  -6.47070973832519        644.942014117114       9.493037399747748E-004
  -6.46583350631181        641.799918009872       9.355379759383596E-004
  -6.46095727429844        638.673106197089       9.222068795229421E-004
  -6.45608104228506        635.561504330415       9.092906361828718E-004
  -6.45120481027169        632.465038423161       8.967705833427676E-004
  -6.44632857825831        629.383634848533       8.846291312149529E-004
  -6.44145234624494        626.317220337884       8.728496897366040E-004
  -6.43657611423156        623.265721978974       8.614166011137678E-004
  -6.43169988221818        620.229067214233       8.503150775046460E-004
  -6.42682365020481        617.207183839040       8.395311434156766E-004
  -6.42194741819143        614.200000000000       8.290515824213870E-004
  -6.40054092679746        601.170680047336       7.863462654469308E-004
  -6.37913443540349        588.417308044004       7.483633199340002E-004
  -6.35772794400952        575.934039688765       7.143690727011494E-004
  -6.33632145261555        563.715154456828       6.837731511025969E-004
  -6.31491496122158        551.755052978389       6.560955490851857E-004
  -6.29350846982761        540.048254472688       6.309422275121754E-004
  -6.27210197843363        528.589394236416       6.079868276381087E-004
  -6.25069548703966        517.373221185304       5.869568128491074E-004
  -6.22928899564569        506.394595447794       5.676228537479569E-004
  -6.20788250425172        495.648486009658       5.497906144285244E-004
  -6.18647601285775        485.129968408510       5.332943350970393E-004
  -6.16506952146378        474.834222477150       5.179917721383999E-004
  -6.14366303006981        464.756530134690       5.037601739143655E-004
  -6.12225653867583        454.892273224469       4.904930541558296E-004
  -6.10085004728186        445.236931397765       4.780975849930192E-004
  -6.07944355588789        435.786080042309       4.664924754156627E-004
  -6.05803706449392        426.535388254693       4.556062330524742E-004
  -6.03663057309995        417.480616855707       4.453757309211123E-004
  -6.01522408170598        408.617616447707       4.357450185446663E-004
  -5.99381759031201        399.942325513142       4.266643301942585E-004
  -5.97241109891803        391.450768553331       4.180892531632069E-004
  -5.95100460752406        383.139054266676       4.099800267413112E-004
  -5.92959811613009        375.003373765450       4.023009485422138E-004
  -5.90819162473612        367.039998830354       3.950198694830308E-004
  -5.88678513334215        359.245280202040       3.881077623473677E-004
  -5.86537864194818        351.615645908819       3.815383517203618E-004
  -5.84397215055421        344.147599629786       3.752877953466044E-004
  -5.82256565916023        336.837719092611       3.693344087632733E-004
  -5.80115916776626        329.682654505264       3.636584265034918E-004
  -5.77975267637229        322.679127020957       3.582417943264672E-004
  -5.75834618497832        315.823927235595       3.530679878709349E-004
  -5.73693969358435        309.113913717045       3.481218538928299E-004
  -5.71553320219038        302.546011565563       3.433894708726078E-004
  -5.69412671079641        296.117211004700       3.388580262901344E-004
  -5.67272021940243        289.824566002061       3.345157082874389E-004
  -5.65131372800846        283.665192919266       3.303516097891431E-004
  -5.62990723661449        277.636269190508       3.263556434407513E-004
  -5.60850074522052        271.735032029098       3.225184659671124E-004
  -5.58709425382655        265.958777161401       3.188314107560146E-004
  -5.56568776243258        260.304857587591       3.152864276420396E-004
  -5.54428127103861        254.770682368648       3.118760290092045E-004
  -5.52287477964463        249.353715439044       3.085932414521182E-004
  -5.50146828825066        244.051474444582       3.054315623381661E-004
  -5.48006179685669        238.861529604838       3.023849207006283E-004
  -5.45865530546272        233.781502599706       2.994476419671945E-004
  -5.43724881406875        228.809065479520       2.966144160920908E-004
  -5.41584232267478        223.941939598253       2.938802687147101E-004
  -5.39443583128081        219.177894569322       2.912405350146385E-004
  -5.37302933988683        214.514747243497       2.886908359734961E-004
  -5.35162284849286        209.950360708463       2.862270567890142E-004
  -5.33021635709889        205.482643309568       2.838453272170775E-004
  -5.30880986570492        201.109547691310       2.815420036437918E-004
  -5.28740337431095        196.829069859128       2.793136527125149E-004
  -5.26599688291698        192.639248261058       2.771570363507493E-004
  -5.24459039152300        188.538162888844       2.750690980592294E-004
  -5.22318390012903        184.523934398078       2.730469503407878E-004
  -5.20177740873506        180.594723246990       2.710878631599783E-004
  -5.18037091734109        176.748728853458       2.691892533361791E-004
  -5.15896442594712        172.984188769891       2.673486747832610E-004
  -5.13755793455315        169.299377875568       2.655638095179739E-004
  -5.11615144315918        165.692607586100       2.638324593676353E-004
  -5.09474495176520        162.162225079626       2.621525383137548E-004
  -5.07333846037123        158.706612539393       2.605220654163546E-004
  -5.05193196897726        155.324186412391       2.589391582675605E-004
  -5.03052547758329        152.013396683674       2.574020269291084E-004
  -5.00911898618932        148.772726166061       2.559089683124998E-004
  -4.98771249479535        145.600689804877       2.544583609645491E-004
  -4.96630600340138        142.495833997418       2.530486602246155E-004
  -4.94489951200740        139.456735926828       2.516783937229671E-004
  -4.92349302061343        136.482002910090       2.503461571925712E-004
  -4.90208652921946        133.570271759816       2.490506105691395E-004
  -4.88068003782549        130.720208159563       2.477904743565463E-004
  -4.85927354643152        127.930506052374       2.465645262367854E-004
  -4.83786705503755        125.199887042271       2.453715979054836E-004
  -4.81646056364358        122.527099808423       2.442105721156523E-004
  -4.79505407224960        119.910919531718       2.430803799138634E-004
  -4.77364758085563        117.350147333491       2.419799980543898E-004
  -4.75224108946166        114.843609726122       2.409084465780836E-004
  -4.73083459806769        112.390158075288       2.398647865438743E-004
  -4.70942810667372        109.988668073588       2.388481179017758E-004
  -4.68802161527975        107.638039225326       2.378575774972115E-004
  -4.66661512388578        105.337194342204       2.368923371972886E-004
  -4.64520863249180        103.085079049692       2.359516021304169E-004
  -4.62380214109783        100.880661303859       2.350346090313497E-004
  -4.60239564970386        98.7229309184281       2.341406246843491E-004
  -4.58098915830989        96.6108991018585       2.332689444577577E-004
  -4.55958266691592        94.5435980042231       2.324188909237689E-004
  -4.53817617552195        92.5200802736872       2.315898125576720E-004
  -4.51676968412798        90.5394186223792       2.307810825112828E-004
  -4.49536319273400        88.6007054014562       2.299920974556642E-004
  -4.47395670134003        86.7030521851689       2.292222764886148E-004
  -4.45255020994606        84.8455893637357       2.284710601027286E-004
  -4.43114371855209        83.0274657448393       2.277379092101455E-004
  -4.40973722715812        81.2478481635632       2.270223042203858E-004
  -4.38833073576415        79.5059211005900       2.263237441679290E-004
  -4.36692424437018        77.8008863084841       2.256417458864285E-004
  -4.34551775297620        76.1319624458919       2.249758432266798E-004
  -4.32411126158223        74.4983847194869       2.243255863156561E-004
  -4.30270477018826        72.8994045334994       2.236905408541173E-004
  -4.28129827879429        71.3342891466687       2.230702874504638E-004
  -4.25989178740032        69.8023213364599       2.224644209886728E-004
  -4.23848529600635        68.3027990703935       2.218725500282947E-004
  -4.21707880461238        66.8350351843348       2.212942962346265E-004
  -4.19567231321840        65.3983570675973       2.207292938373049E-004
  -4.17426582182443        63.9921063547154       2.201771891156742E-004
  -4.15285933043046        62.6156386237448       2.196376399093964E-004
  -4.13145283903649        61.2683231009525       2.191103151528671E-004
  -4.11004634764252        59.9495423717617       2.185948944320952E-004
  -4.08863985624855        58.6586920978181       2.180910675627889E-004
  -4.06723336485457        57.3951807400484       2.175985341884718E-004
  -4.04582687346060        56.1584292875846       2.171170033975251E-004
  -4.02442038206663        54.9478709924292       2.166461933581216E-004
  -4.00301389067266        53.7629511097394       2.161858309700833E-004
  -3.98160739927869        52.6031266436132       2.157356515327493E-004
  -3.96020090788472        51.4678660982575       2.152953984280005E-004
  -3.93879441649075        50.3566492344283       2.148648228176397E-004
  -3.91738792509678        49.2689668310277       2.144436833543676E-004
  -3.89598143370280        48.2043204517505       2.140317459056500E-004
  -3.87457494230883        47.1622222166737       2.136287832898046E-004
  -3.85316845091486        46.1421945786823       2.132345750236810E-004
  -3.83176195952089        45.1437701046310       2.128489070813405E-004
  -3.81035546812692        44.1664912611404       2.124715716631795E-004
  -3.78894897673295        43.2099102049301       2.121023669749703E-004
  -3.76754248533897        42.2735885775917       2.117410970163226E-004
  -3.74613599394500        41.3570973047091       2.113875713781014E-004
  -3.72472950255103        40.4600163992326       2.110416050483564E-004
  -3.70332301115706        39.5819347690175       2.107030182263494E-004
  -3.68191651976309        38.7224500284394       2.103716361442854E-004
  -3.66051002836912        37.8811683139982       2.100472888963751E-004
  -3.63910353697515        37.0577041038284       2.097298112748790E-004
  -3.61769704558117        36.2516800410316       2.094190426127993E-004
  -3.59629055418720        35.4627267607506       2.091148266329071E-004
  -3.57488406279323        34.6904827209061       2.088170113028069E-004
  -3.55347757139926        33.9345940365178       2.085254486957559E-004
  -3.53207108000529        33.1947143175349       2.082399948569738E-004
  -3.51066458861132        32.4705045101014       2.079605096751886E-004
  -3.48925809721735        31.7616327411821       2.076868567591797E-004
  -3.46785160582337        31.0677741664803       2.074189033190932E-004
  -3.44644511442940        30.3886108215765       2.071565200523104E-004
  -3.42503862303543        29.7238314762189       2.068995810336698E-004
  -3.40363213164146        29.0731314917011       2.066479636098455E-004
  -3.38222564024749        28.4362126812591       2.064015482977006E-004
  -3.36081914885352        27.8127831734263       2.061602186864391E-004
  -3.33941265745955        27.2025572782811       2.059238613433916E-004
  -3.31800616606557        26.6052553565288       2.056923657232772E-004
  -3.29659967467160        26.0206036913545       2.054656240807909E-004
  -3.27519318327763        25.4483343629917       2.052435313863748E-004
  -3.25378669188366        24.8881851259461       2.050259852450382E-004
  -3.23238020048969        24.3398992888204       2.048128858180965E-004
  -3.21097370909572        23.8032255966840       2.046041357477058E-004
  -3.18956721770175        23.2779181159342       2.043996400840793E-004
  -3.16816072630777        22.7637361215956       2.041993062152710E-004
  -3.14675423491380        22.2604439870070       2.040030437994224E-004
  -3.12534774351983        21.7678110758436       2.038107646993716E-004
  -3.10394125212586        21.2856116364272       2.036223829195281E-004
  -3.08253476073189        20.8136246982740       2.034378145449203E-004
  -3.06112826933792        20.3516339708339       2.032569776823320E-004
  -3.03972177794395        19.8994277443740       2.030797924034399E-004
  -3.01831528654997        19.4567987929614       2.029061806898765E-004
  -2.99690879515600        19.0235442795011       2.027360663801395E-004
  -2.97550230376203        18.5994656627847       2.025693751182776E-004
  -2.95409581236806        18.1843686065076       2.024060343042817E-004
  -2.93268932097409        17.7780628902137       2.022459730461168E-004
  -2.91128282958012        17.3803623221255       2.020891221133308E-004
  -2.88987633818615        16.9910846538211       2.019354138921794E-004
  -2.86846984679217        16.6100514967176       2.017847823422113E-004
  -2.84706335539820        16.2370882403235       2.016371629542561E-004
  -2.82565686400423        15.8720239722230       2.014924927097648E-004
  -2.80425037261026        15.5146913997537       2.013507100414503E-004
  -2.78284388121629        15.1649267733445       2.012117547951818E-004
  -2.76143738982232        14.8225698114764       2.010755681930846E-004
  -2.74003089842835        14.4874636272321       2.009420927978046E-004
  -2.71862440703437        14.1594546564024       2.008112724778913E-004
  -2.69721791564040        13.8383925871141       2.006830523742619E-004
  -2.67581142424643        13.5241302909490       2.005573788677072E-004
  -2.65440493285246        13.2165237555216       2.004341995474014E-004
  -2.63299844145849        12.9154320184843       2.003134631803808E-004
  -2.61159195006452        12.6207171029310       2.001951196819581E-004
  -2.59018545867055        12.3322439541684       2.000791200870382E-004
  -2.56877896727657        12.0498803778260       1.999654165223068E-004
  -2.54737247588260        11.7734969792781       1.998539621792586E-004
  -2.52596598448863        11.5029671043473       1.997447112880399E-004
  -2.50455949309466        11.2381667812651       1.996376190920749E-004
  -2.48315300170069        10.9789746638607       1.995326418234525E-004
  -2.46174651030672        10.7252719759539       1.994297366790458E-004
  -2.44034001891275        10.4769424569248       1.993288617973415E-004
  -2.41893352751877        10.2338723084372       1.992299762359550E-004
  -2.39752703612480        9.99595014228957       1.991330399498105E-004
  -2.37612054473083        9.76306692937112       1.990380137699628E-004
  -2.35471405333686        9.53511594969833       1.989448593830411E-004
  -2.33330756194289        9.31199274351005       1.988535393112961E-004
  -2.31190107054892        9.09359506339831       1.987640168932294E-004
  -2.29049457915495        8.87982282745285       1.986762562647889E-004
  -2.26908808776097        8.67057807339805       1.985902223411119E-004
  -2.24768159636700        8.46576491370118       1.985058807987987E-004
  -2.22627510497303        8.26528949163142       1.984231980587027E-004
  -2.20486861357906        8.06905993824957       1.983421412692180E-004
  -2.18346212218509        7.87698633030850       1.982626782900532E-004
  -2.16205563079112        7.68898064904548       1.981847776764751E-004
  -2.14064913939715        7.50495673984699       1.981084086640082E-004
  -2.11924264800317        7.32483027276794       1.980335411535786E-004
  -2.09783615660920        7.14851870388706       1.979601456970882E-004
  -2.07642966521523        6.97594123748068       1.978881934834060E-004
  -2.05502317382126        6.80701878899761       1.978176563247675E-004
  -2.03361668242729        6.64167394881831       1.977485066435675E-004
  -2.01221019103332        6.47983094678143       1.976807174595375E-004
  -1.99080369963935        6.32141561746178       1.976142623772959E-004
  -1.96939720824537        6.16635536618359       1.975491155742604E-004
  -1.94799071685140        6.01457913575365       1.974852517889138E-004
  -1.92658422545743        5.86601737389895       1.974226463094117E-004
  -1.90517773406346        5.72060200139395       1.973612749625235E-004
  -1.88377124266949        5.57826638086295       1.973011141028972E-004
  -1.86236475127552        5.43894528624312       1.972421406026393E-004
  -1.84095825988155        5.30257487289437       1.971843318411989E-004
  -1.81955176848757        5.16909264834209       1.971276656955494E-004
  -1.79814527709360        5.03843744363975       1.970721205306580E-004
  -1.77673878569963        4.91054938533786       1.970176751902333E-004
  -1.75533229430566        4.78536986804659       1.969643089877445E-004
  -1.73392580291169        4.66284152757962       1.969120016977005E-004
  -1.71251931151772        4.54290821466664       1.968607335471832E-004
  -1.69111282012374        4.42551496922266       1.968104852076225E-004
  -1.66970632872977        4.31060799516224       1.967612377868087E-004
  -1.64829983733580        4.19813463574718       1.967129728211263E-004
  -1.62689334594183        4.08804334945627       1.966656722680068E-004
  -1.60548685454786        3.98028368636607       1.966193184985850E-004
  -1.58408036315389        3.87480626503204       1.965738942905521E-004
  -1.56267387175992        3.77156274985917       1.965293828211917E-004
  -1.54126738036594        3.67050582895194       1.964857676605911E-004
  -1.51986088897197        3.57158919243341       1.964430327650124E-004
  -1.49845439757800        3.47476751122347       1.964011624704144E-004
  -1.47704790618403        3.37999641626652       1.963601414861092E-004
  -1.45564141479006        3.28723247819913       1.963199548885417E-004
  -1.43423492339609        3.19643318744831       1.962805881151764E-004
  -1.41282843200212        3.10755693475124       1.962420269584759E-004
  -1.39142194060814        3.02056299208762       1.962042575599538E-004
  -1.37001544921417        2.93541149401586       1.961672664042865E-004
  -1.34860895782020        2.85206341940447       1.961310403134627E-004
  -1.32720246642623        2.77048057355049       1.960955664409514E-004
  -1.30579597503226        2.69062557067647       1.960608322658685E-004
  -1.28438948363829        2.61246181679834       1.960268255871180E-004
  -1.26298299224432        2.53595349295594       1.959935345174855E-004
  -1.24157650085034        2.46106553879882       1.959609474776582E-004
  -1.22017000945637        2.38776363651964       1.959290531901464E-004
  -1.19876351806240        2.31601419512788       1.958978406730780E-004
  -1.17735702666843        2.24578433505652       1.958672992338402E-004
  -1.15595053527446        2.17704187309489       1.958374184625358E-004
  -1.13454404388049        2.10975530764047       1.958081882252279E-004
  -1.11313755248652        2.04389380426312       1.957795986569398E-004
  -1.09173106109254        1.97942718157509       1.957516401543808E-004
  -1.07032456969857        1.91632589740018       1.957243033683666E-004
  -1.04891807830460        1.85456103523590       1.956975791959042E-004
  -1.02751158691063        1.79410429100233       1.956714587719121E-004
  -1.00610509551666        1.73492796007161       1.956459334605478E-004
 -0.984698604122686        1.67700492457216       1.956209948461158E-004
 -0.963292112728715        1.62030864096178       1.955966347235340E-004
 -0.941885621334744        1.56481312786389       1.955728450883382E-004
 -0.920479129940772        1.51049295416147       1.955496181262078E-004
 -0.899072638546802        1.45732322734307       1.955269462020044E-004
 -0.877666147152829        1.40527958209573       1.955048218483152E-004
 -0.856259655758858        1.35433816913939       1.954832377535063E-004
 -0.834853164364886        1.30447564429790       1.954621867492948E-004
 -0.813446672970915        1.25566915780135       1.954416617978571E-004
 -0.792040181576944        1.20789634381509       1.954216559785018E-004
 -0.770633690182972        1.16113531019044       1.954021624739476E-004
 -0.749227198789001        1.11536462843252       1.953831745562528E-004
 -0.727820707395029        1.07056332388052       1.953646855724577E-004
 -0.706414216001058        1.02671086609591       1.953466889300136E-004
 -0.685007724607087       0.983787159454325       1.953291780820817E-004
 -0.663601233213115       0.941772533936581       1.953121465127973E-004
 -0.642194741819143       0.900647736114806       1.952955877226073E-004
 -0.620788250425171       0.860393920329459       1.952794952137963E-004
 -0.599381759031201       0.820992640053187       1.952638624763297E-004
 -0.577975267637229       0.782425839437617       1.952486829741432E-004
 -0.556568776243258       0.744675845039164       1.952339501320211E-004
 -0.535162284849287       0.707725357720084       1.952196573232012E-004
 -0.513755793455315       0.671557444721038       1.952057978578504E-004
 -0.492349302061343       0.636155531901584       1.951923649725490E-004
 -0.470942810667371       0.601503396144975       1.951793518209172E-004
 -0.449536319273401       0.567585157923827       1.951667514655086E-004
 -0.428129827879429       0.534385274023248       1.951545568710844E-004
 -0.406723336485458       0.501888530418071       1.951427608993647E-004
 -0.385316845091486       0.470080035300950       1.951313563053386E-004
 -0.363910353697515       0.438945212258103       1.951203357351925E-004
 -0.342503862303543       0.408469793589598       1.951096917258946E-004
 -0.321097370909571       0.378639813771097       1.950994167064509E-004
 -0.299690879515601       0.349441603054089       1.950895030008200E-004
 -0.278284388121628       0.320861781201638       1.950799428324547E-004
 -0.256877896727657       0.292887251356837       1.950707283304077E-004
 -0.235471405333686       0.265505194041090       1.950618515369224E-004
 -0.214064913939715       0.238703061279517       1.950533044163983E-004
 -0.192658422545743       0.212468570850787       1.950450788656134E-004
 -0.171251931151772       0.186789700658713       1.950371667250578E-004
 -0.149845439757800       0.161654683223069       1.950295597912265E-004
 -0.128438948363828       0.137052000287074       1.950222498297059E-004
 -0.107032456969857       0.112970377539095       1.950152285888828E-004
 -8.562596557588620E-002  8.939877944612840E-002  1.950084878141021E-004
 -6.421947418191465E-002  6.632640419670510E-002  1.950020192620975E-004
 -4.281298278794221E-002  4.374267875091054E-002  1.949958147155279E-004
 -2.140649139397155E-002  2.163725399522876E-002  1.949898659974528E-004
  0.000000000000000E+000  0.000000000000000E+000  1.949841649855949E-004
