  -18.4206807439524       9.999999999999982E-009  1.829404333161506E-011
  -18.4022416240885       1.018610170155975E-008  1.020630207181113E-004
  -18.3838025042247       1.037566678745183E-008  2.060253776980804E-004
  -18.3653633843609       1.056875971184803E-008  3.119224344686510E-004
  -18.3469242644971       1.076544612842315E-008  4.197901939672808E-004
  -18.3284851446333       1.096579291267807E-008  5.296653290712750E-004
  -18.3100460247695       1.116986818467822E-008  6.415851950625040E-004
  -18.2916069049057       1.137774133221491E-008  7.555878423237861E-004
  -18.2731677850418       1.158948303439808E-008  8.717120292716266E-004
  -18.2547286651780       1.180516528568804E-008  9.899972355295165E-004
  -18.2362895453142       1.202486142037412E-008  1.110483675346056E-003
  -18.2178504254504       1.224864613750928E-008  1.233212311262863E-003
  -18.1994113055866       1.247659552630868E-008  1.358224868036718E-003
  -18.1809721857228       1.270878709202059E-008  1.485563846820438E-003
  -18.1625330658589       1.294529978227913E-008  1.615272539607715E-003
  -18.1440939459951       1.318621401394747E-008  1.747395043946656E-003
  -18.1256548261313       1.343161170046012E-008  1.881976277926702E-003
  -18.1072157062675       1.368157627967469E-008  2.019061995444688E-003
  -18.0887765864037       1.393619274224141E-008  2.158698801754454E-003
  -18.0703374665399       1.419554766050097E-008  2.300934169305892E-003
  -18.0518983466760       1.445972921792017E-008  2.445816453878626E-003
  -18.0334592268122       1.472882723907501E-008  2.593394911015461E-003
  -18.0150201069484       1.500293322019213E-008  2.743719712761722E-003
  -17.9965809870846       1.528214036025867E-008  2.896841964715932E-003
  -17.9781418672208       1.556654359271060E-008  3.052813723397316E-003
  -17.9597027473570       1.585623961771133E-008  3.211688013936547E-003
  -17.9412636274931       1.615132693503088E-008  3.373518848095507E-003
  -17.9228245076293       1.645190587753662E-008  3.538361242621899E-003
  -17.9043853877655       1.675807864530763E-008  3.706271237945434E-003
  -17.8859462679017       1.706994934038405E-008  3.877305917221739E-003
  -17.8675071480379       1.738762400216250E-008  4.051523425730086E-003
  -17.8490680281741       1.771121064345083E-008  4.228982990632174E-003
  -17.8306289083102       1.804081928719380E-008  4.409744941098285E-003
  -17.8121897884464       1.837656200388171E-008  4.593870728807447E-003
  -17.7937506685826       1.871855294965574E-008  4.781422948829062E-003
  -17.7753115487188       1.906690840512250E-008  4.972465360892853E-003
  -17.7568724288550       1.942174681489026E-008  5.167062911053981E-003
  -17.7384333089912       1.978318882784159E-008  5.365281753761333E-003
  -17.7199941891274       2.015135733815555E-008  5.567189274336166E-003
  -17.7015550692635       2.052637752709252E-008  5.772854111868349E-003
  -17.6831159493997       2.090837690555746E-008  5.982346182538676E-003
  -17.6646768295359       2.129748535745518E-008  6.195736703374807E-003
  -17.6462377096721       2.169383518385185E-008  6.413098216448572E-003
  -17.6277985898083       2.209756114795897E-008  6.634504613523451E-003
  -17.6093594699445       2.250880052095460E-008  6.860031161160379E-003
  -17.5909203500806       2.292769312865642E-008  7.089754526289854E-003
  -17.5724812302168       2.335438139906473E-008  7.323752802260096E-003
  -17.5540421103530       2.378901041078892E-008  7.562105535368851E-003
  -17.5356029904892       2.423172794237592E-008  7.804893751888832E-003
  -17.5171638706254       2.468268452255687E-008  8.052199985595624E-003
  -17.4987247507616       2.514203348142796E-008  8.304108305806890E-003
  -17.4802856308977       2.560993100258451E-008  8.560704345943209E-003
  -17.4618465110339       2.608653617622543E-008  8.822075332619897E-003
  -17.4434073911701       2.657201105324504E-008  9.088310115279132E-003
  -17.4249682713063       2.706652070033234E-008  9.359499196373326E-003
  -17.4065291514425       2.757023325609579E-008  9.635734762109572E-003
  -17.3880900315787       2.808331998823171E-008  9.917110713765099E-003
  -17.3696509117148       2.860595535175734E-008  1.020372269958522E-002
  -17.3512117918510       2.913831704832783E-008  1.049566814727422E-002
  -17.3327726719872       2.968058608665601E-008  1.079304629708954E-002
  -17.3143335521234       3.023294684405770E-008  1.109595823555169E-002
  -17.2958944322596       3.079558712914222E-008  1.140450692978054E-002
  -17.2774553123958       3.136869824566876E-008  1.171879726246927E-002
  -17.2590161925319       3.195247505759205E-008  1.203893606750886E-002
  -17.2405770726681       3.254711605531844E-008  1.236503216627455E-002
  -17.2221379528043       3.315282342319412E-008  1.269719640458614E-002
  -17.2036988329405       3.376980310825083E-008  1.303554169035588E-002
  -17.1852597130767       3.439826489022922E-008  1.338018303193517E-002
  -17.1668205932129       3.503842245290662E-008  1.373123757717434E-002
  -17.1483814733491       3.569049345675221E-008  1.408882465320830E-002
  -17.1299423534852       3.635469961293317E-008  1.445306580698081E-002
  -17.1115032336214       3.703126675869914E-008  1.482408484652222E-002
  -17.0930641137576       3.772042493416991E-008  1.520200788299439E-002
  -17.0746249938938       3.842240846055056E-008  1.558696337351587E-002
  -17.0561858740300       3.913745601980372E-008  1.597908216478352E-002
  -17.0377467541662       3.986581073580433E-008  1.637849753750444E-002
  -17.0193076343023       4.060772025700361E-008  1.678534525165279E-002
  -17.0008685144385       4.136343684063263E-008  1.719976359256789E-002
  -16.9824293945747       4.213321743847280E-008  1.762189341790867E-002
  -16.9639902747109       4.291732378422155E-008  1.805187820547975E-002
  -16.9455511548471       4.371602248248492E-008  1.848986410194644E-002
  -16.9271120349833       4.452958509942647E-008  1.893599997245465E-002
  -16.9086729151194       4.535828825510186E-008  1.939043745117174E-002
  -16.8902337952556       4.620241371751298E-008  1.985333099276672E-002
  -16.8717946753918       4.706224849841274E-008  2.032483792484661E-002
  -16.8533555555280       4.793808495089108E-008  2.080511850136585E-002
  -16.8349164356642       4.883022086877867E-008  2.129433595702833E-002
  -16.8164773158004       4.973895958790057E-008  2.179265656269968E-002
  -16.7980381959365       5.066461008921267E-008  2.230024968184775E-002
  -16.7795990760727       5.160748710385896E-008  2.281728782803190E-002
  -16.7611599562089       5.256791122018415E-008  2.334394672345973E-002
  -16.7427208363451       5.354620899273608E-008  2.388040535863024E-002
  -16.7242817164813       5.454271305329820E-008  2.442684605308509E-002
  -16.7058425966175       5.555776222398870E-008  2.498345451728802E-002
  -16.6874034767536       5.659170163246244E-008  2.555041991565167E-002
  -16.6689643568898       5.764488282925864E-008  2.612793493073572E-002
  -16.6505252370260       5.871766390733249E-008  2.671619582863668E-002
  -16.6320861171622       5.981040962380941E-008  2.731540252559028E-002
  -16.6136469972984       6.092349152400696E-008  2.792575865581126E-002
  -16.5952078774346       6.205728806776495E-008  2.854747164059217E-002
  -16.5767687575708       6.321218475812432E-008  2.918075275868356E-002
  -16.5583296377069       6.438857427240407E-008  2.982581721798188E-002
  -16.5398905178431       6.558685659571427E-008  3.048288422854614E-002
  -16.5214513979793       6.680743915695592E-008  3.115217707697051E-002
  -16.5030122781155       6.805073696735194E-008  3.183392320213715E-002
  -16.4845731582517       6.931717276155401E-008  3.252835427237323E-002
  -16.4661340383879       7.060717714137751E-008  3.323570626404069E-002
  -16.4476949185240       7.192118872221177E-008  3.395621954158420E-002
  -16.4292557986602       7.325965428215226E-008  3.469013893906256E-002
  -16.4108166787964       7.462302891391089E-008  3.543771384319407E-002
  -16.3923775589326       7.601177617955317E-008  3.619919827794210E-002
  -16.3739384390688       7.742636826811267E-008  3.697485099066833E-002
  -16.3554993192050       7.886728615614130E-008  3.776493553988520E-002
  -16.3370601993411       8.033501977124722E-008  3.856972038463555E-002
  -16.3186210794773       8.183006815867390E-008  3.938947897552873E-002
  -16.3001819596135       8.335293965098173E-008  4.022448984746593E-002
  -16.2817428397497       8.490415204088736E-008  4.107503671408479E-002
  -16.2633037198859       8.648423275731722E-008  4.194140856395384E-002
  -16.2448646000221       8.809371904473968E-008  4.282389975855150E-002
  -16.2264254801582       8.973315814583512E-008  4.372281013206164E-002
  -16.2079863602944       9.140310748756231E-008  4.463844509301733E-002
  -16.1895472404306       9.310413487069055E-008  4.557111572783022E-002
  -16.1711081205668       9.483681866285914E-008  4.652113890623868E-002
  -16.1526690007030       9.660174799522613E-008  4.748883738870829E-002
  -16.1342298808392       9.839952296278210E-008  4.847453993582541E-002
  -16.1157907609753       1.002307548283864E-007  4.947858141971487E-002
  -16.0973516411115       1.020960662306043E-007  5.050130293752404E-002
  -16.0789125212477       1.039960913954118E-007  5.154305192700908E-002
  -16.0604734013839       1.059314763518369E-007  5.260418228426089E-002
  -16.0420342815201       1.079028791516181E-007  5.368505448361346E-002
  -16.0235951616563       1.099109700929495E-007  5.478603569977303E-002
  -16.0051560417924       1.119564319483878E-007  5.590749993220755E-002
  -15.9867169219286       1.140399601970031E-007  5.704982813184088E-002
  -15.9682778020648       1.161622632608500E-007  5.821340833009323E-002
  -15.9498386822010       1.183240627458378E-007  5.939863577030988E-002
  -15.9313995623372       1.205260936870841E-007  6.060591304162289E-002
  -15.9129604424734       1.227691047988358E-007  6.183565021529210E-002
  -15.8945213226095       1.250538587290390E-007  6.308826498356845E-002
  -15.8760822027457       1.273811323186478E-007  6.436418280112756E-002
  -15.8576430828819       1.297517168657586E-007  6.566383702912131E-002
  -15.8392039630181       1.321664183946602E-007  6.698766908189414E-002
  -15.8207648431543       1.346260579298906E-007  6.833612857641418E-002
  -15.8023257232905       1.371314717753943E-007  6.970967348446901E-002
  -15.7838866034267       1.396835117988737E-007  7.110877028767576E-002
  -15.7654474835628       1.422830457214349E-007  7.253389413535979E-002
  -15.7470083636990       1.449309574126215E-007  7.398552900535185E-002
  -15.7285692438352       1.476281471909387E-007  7.546416786775845E-002
  -15.7101301239714       1.503755321299735E-007  7.697031285176166E-002
  -15.6916910041076       1.531740463702078E-007  7.850447541550079E-002
  -15.6732518842438       1.560246414366366E-007  8.006717651909484E-002
  -15.6548127643799       1.589282865622974E-007  8.165894680086366E-002
  -15.6363736445161       1.618859690178196E-007  8.328032675680448E-002
  -15.6179345246523       1.648986944471062E-007  8.493186692338468E-002
  -15.5994954047885       1.679674872092650E-007  8.661412806371277E-002
  -15.5810562849247       1.710933907269013E-007  8.832768135714752E-002
  -15.5626171650609       1.742774678408917E-007  9.007310859240861E-002
  -15.5441780451970       1.775208011717632E-007  9.185100236425510E-002
  -15.5257389253332       1.808244934877950E-007  9.366196627379419E-002
  -15.5072998054694       1.841896680799709E-007  9.550661513248770E-002
  -15.4888606856056       1.876174691439118E-007  9.738557516992620E-002
  -15.4704215657418       1.911090621689137E-007  9.929948424543601E-002
  -15.4519824458780       1.946656343342260E-007  0.101248992063591     
  -15.4335433260141       1.982883949127068E-007  0.103234760393703     
  -15.4151042061503       2.019785756819878E-007  0.105257463293359     
  -15.3966650862865       2.057374313432911E-007  0.107317787336081     
  -15.3782259664227       2.095662399480430E-007  0.109416431843186     
  -15.3597868465589       2.134663033324244E-007  0.111554109119921     
  -15.3413477266951       2.174389475600078E-007  0.113731544695949     
  -15.3229086068312       2.214855233726357E-007  0.115949477570271     
  -15.3044694869674       2.256074066496857E-007  0.118208660460657     
  -15.2860303671036       2.298059988758846E-007  0.120509860057677     
  -15.2675912472398       2.340827276178290E-007  0.122853857283411     
  -15.2491521273760       2.384390470093716E-007  0.125241447554920     
  -15.2307130075122       2.428764382460446E-007  0.127673441052573     
  -15.2122738876484       2.473964100886811E-007  0.130150662993314     
  -15.1938347677845       2.520004993764089E-007  0.132673953908958     
  -15.1753956479207       2.566902715491945E-007  0.135244169929604     
  -15.1569565280569       2.614673211801089E-007  0.137862183072272     
  -15.1385174081931       2.663332725174977E-007  0.140528881534844     
  -15.1200782883293       2.712897800372461E-007  0.143245169995409     
  -15.1016391684655       2.763385290053168E-007  0.146011969917118     
  -15.0832000486016       2.814812360507576E-007  0.148830219858638     
  -15.0647609287378       2.867196497493765E-007  0.151700875790315     
  -15.0463218088740       2.920555512182744E-007  0.154624911416146     
  -15.0278826890102       2.974907547214436E-007  0.157603318501667     
  -15.0094435691464       3.030271082866391E-007  0.160637107207856     
  -14.9910044492826       3.086664943337271E-007  0.163727306431179     
  -14.9725653294187       3.144108303147262E-007  0.166874964149865     
  -14.9541262095549       3.202620693657646E-007  0.170081147776549     
  -14.9356870896911       3.262222009711662E-007  0.173346944517374     
  -14.9172479698273       3.322932516398969E-007  0.176673461737683     
  -14.8988088499635       3.384772855945976E-007  0.180061827334424     
  -14.8803697300997       3.447764054734463E-007  0.183513190115370     
  -14.8619306102358       3.511927530450726E-007  0.187028720185299     
  -14.8434914903720       3.577285099367868E-007  0.190609609339245     
  -14.8250523705082       3.643858983763544E-007  0.194257071462951     
  -14.8066132506444       3.711671819475763E-007  0.197972342940658     
  -14.7881741307806       3.780746663599345E-007  0.201756683070359     
  -14.7697350109168       3.851107002325563E-007  0.205611374486645     
  -14.7512958910529       3.922776758927710E-007  0.209537723591299     
  -14.7328567711891       3.995780301895266E-007  0.213537060991753     
  -14.7144176513253       4.070142453219431E-007  0.217610741947564     
  -14.6959785314615       4.145888496832902E-007  0.221760146825057     
  -14.6775394115977       4.223044187206670E-007  0.225986681560268     
  -14.6591002917339       4.301635758106787E-007  0.230291778130335     
  -14.6406611718701       4.381689931514182E-007  0.234676895033514     
  -14.6222220520062       4.463233926710392E-007  0.239143517777936     
  -14.6037829321424       4.546295469532394E-007  0.243693159379293     
  -14.5853438122786       4.630902801799731E-007  0.248327360867597     
  -14.5669046924148       4.717084690917013E-007  0.253047691803174     
  -14.5484655725510       4.804870439655124E-007  0.257855750802065     
  -14.5300264526872       4.894289896114521E-007  0.262753166070997     
  -14.5115873328233       4.985373463873892E-007  0.267741595952095     
  -14.4931482129595       5.078152112327668E-007  0.272822729477502     
  -14.4747090930957       5.172657387216010E-007  0.277998286934101     
  -14.4562699732319       5.268921421350671E-007  0.283270020438499     
  -14.4378308533681       5.366976945540469E-007  0.288639714522460     
  -14.4193917335043       5.466857299720173E-007  0.294109186728985     
  -14.4009526136404       5.568596444286410E-007  0.299680288219208     
  -14.3825134937766       5.672228971644539E-007  0.305354904390315     
  -14.3640743739128       5.777790117970495E-007  0.311134955504670     
  -14.3456352540490       5.885315775191447E-007  0.317022397330357     
  -14.3271961341852       5.994842503189395E-007  0.323019221793325     
  -14.3087570143214       6.106407542232032E-007  0.329127457641360     
  -14.2903178944575       6.220048825634701E-007  0.335349171120061     
  -14.2718787745937       6.335804992658237E-007  0.341686466661078     
  -14.2534396547299       6.453715401646693E-007  0.348141487582774     
  -14.2350005348661       6.573820143409587E-007  0.354716416803572     
  -14.2165614150023       6.696160054853206E-007  0.361413477568184     
  -14.1981222951385       6.820776732865680E-007  0.368234934186964     
  -14.1796831752746       6.947712548460237E-007  0.375183092788595     
  -14.1612440554108       7.077010661181874E-007  0.382260302086361     
  -14.1428049355470       7.208715033782131E-007  0.389468954158238     
  -14.1243658156832       7.342870447166752E-007  0.396811485241031     
  -14.1059266958194       7.479522515621807E-007  0.404290376538817     
  -14.0874875759556       7.618717702322990E-007  0.411908155045940     
  -14.0690484560917       7.760503335133560E-007  0.419667394384794     
  -14.0506093362279       7.904927622696409E-007  0.427570715658682     
  -14.0321702163641       8.052039670825469E-007  0.435620788319975     
  -14.0137310965003       8.201889499202195E-007  0.443820331053866     
  -13.9952919766365       8.354528058382853E-007  0.452172112677968     
  -13.9768528567727       8.510007247122242E-007  0.460678953058040     
  -13.9584137369089       8.668379930019768E-007  0.469343724040113     
  -13.9399746170450       8.829699955494074E-007  0.478169350399301     
  -13.9215354971812       8.994022174092042E-007  0.487158810805580     
  -13.9030963773174       9.161402457138508E-007  0.496315138806819     
  -13.8846572574536       9.331897715733225E-007  0.505641423829387     
  -13.8662181375898       9.505565920101192E-007  0.515140812196590     
  -13.8477790177260       9.682466119303097E-007  0.524816508165273     
  -13.8293398978621       9.862658461312808E-007  0.534671774980906     
  -13.8109007779983       1.004620421346811E-006  0.544709935951417     
  -13.7924616581345       1.023316578330244E-006  0.554934375540159     
  -13.7740225382707       1.042360673976400E-006  0.565348540478264     
  -13.7555834184069       1.061759183483000E-006  0.575955940896778     
  -13.7371442985431       1.081518702552286E-006  0.586760151478845     
  -13.7187051786792       1.101645949633655E-006  0.597764812632339     
  -13.7002660588154       1.122147768207979E-006  0.608973631683233     
  -13.6818269389516       1.143031129114477E-006  0.620390384090091     
  -13.6633878190878       1.164303132920876E-006  0.632018914680017     
  -13.6449486992240       1.185971012337668E-006  0.643863138906414     
  -13.6265095793602       1.208042134677326E-006  0.655927044128939     
  -13.6080704594963       1.230524004359261E-006  0.668214690915998     
  -13.5896313396325       1.253424265461401E-006  0.680730214370157     
  -13.5711922197687       1.276750704319263E-006  0.693477825476865     
  -13.5527530999049       1.300511252173408E-006  0.706461812476863     
  -13.5343139800411       1.324713987866115E-006  0.719686542262643     
  -13.5158748601773       1.349367140588304E-006  0.733156461799404     
  -13.4974357403134       1.374479092677537E-006  0.746876099570857     
  -13.4789966204496       1.400058382468096E-006  0.760850067050305     
  -13.4605575005858       1.426113707194126E-006  0.775083060197414     
  -13.4421183807220       1.452653925946781E-006  0.789579860981072     
  -13.4236792608582       1.479688062686392E-006  0.804345338928774     
  -13.4052401409944       1.507225309310754E-006  0.819384452702968     
  -13.3868010211305       1.535275028780420E-006  0.834702251704752     
  -13.3683619012667       1.563846758302246E-006  0.850303877705426     
  -13.3499227814029       1.592950212572120E-006  0.866194566506282     
  -13.3314836615391       1.622595287078087E-006  0.882379649627122     
  -13.3130445416753       1.652792061464894E-006  0.898864556023936     
  -13.2946054218115       1.683550802961200E-006  0.915654813836218     
  -13.2761663019477       1.714881969870540E-006  0.932756052164379     
  -13.2577271820838       1.746796215127241E-006  0.950174002877712     
  -13.2392880622200       1.779304389918576E-006  0.967914502453440     
  -13.2208489423562       1.812417547374234E-006  0.985983493847250     
  -13.2024098224924       1.846146946324543E-006   1.00438702839589     
  -13.1839707026286       1.880504055128580E-006   1.02313126775226     
  -13.1655315827648       1.915500555573524E-006   1.04222248585351     
  -13.1470924629009       1.951148346846613E-006   1.06166707092268     
  -13.1286533430371       1.987459549580981E-006   1.08147152750439     
  -13.1102142231733       2.024446509976801E-006   1.10164247853502     
  -13.0917751033095       2.062121803999139E-006   1.12218666744804     
  -13.0733359834457       2.100498241653914E-006   1.14311096031490     
  -13.0548968635819       2.139588871343419E-006   1.16442234802208     
  -13.0364577437180       2.179406984302951E-006   1.18612794848477     
  -13.0180186238542       2.219966119119954E-006   1.20823500889788     
  -12.9995795039904       2.261280066337276E-006   1.23075090802467     
  -12.9811403841266       2.303362873142127E-006   1.25368315852388     
  -12.9627012642628       2.346228848142262E-006   1.27703940931560     
  -12.9442621443990       2.389892566231047E-006   1.30082744798667     
  -12.9258230245351       2.434368873543107E-006   1.32505520323612     
  -12.9073839046713       2.479672892502158E-006   1.34973074736119     
  -12.8889447848075       2.525820026962782E-006   1.37486229878449     
  -12.8705056649437       2.572825967447929E-006   1.40045822462301     
  -12.8520665450799       2.620706696483851E-006   1.42652704329944     
  -12.8336274252161       2.669478494034315E-006   1.45307742719645     
  -12.8151883053522       2.719157943036014E-006   1.48011820535454     
  -12.7967491854884       2.769761935036886E-006   1.50765836621402     
  -12.7783100656246       2.821307675939465E-006   1.53570706040178     
  -12.7598709457608       2.873812691851063E-006   1.56427360356342     
  -12.7414318258970       2.927294835042811E-006   1.59336747924135     
  -12.7229927060332       2.981772290019671E-006   1.62299834179960     
  -12.7045535861694       3.037263579703309E-006   1.65317601939568     
  -12.6861144663055       3.093787571730139E-006   1.68391051700050     
  -12.6676753464417       3.151363484866472E-006   1.71521201946665     
  -12.6492362265779       3.210010895543170E-006   1.74709089464582     
  -12.6307971067141       3.269749744511762E-006   1.77955769655598     
  -12.6123579868503       3.330600343624582E-006   1.81262316859901     
  -12.5939188669865       3.392583382740991E-006   1.84629824682921     
  -12.5754797471226       3.455719936762135E-006   1.88059406327365     
  -12.5570406272588       3.520031472796673E-006   1.91552194930473     
  -12.5386015073950       3.585539857459814E-006   1.95109343906569     
  -12.5201623875312       3.652267364308172E-006   1.98732027294977     
  -12.5017232676674       3.720236681413061E-006   2.02421440113360     
  -12.4832841478036       3.789470919074666E-006   2.06178798716543     
  -12.4648450279397       3.859993617679765E-006   2.10005341160895     
  -12.4464059080759       3.931828755705763E-006   2.13902327574329     
  -12.4279667882121       4.005000757873609E-006   2.17871040531981     
  -12.4095276683483       4.079534503452448E-006   2.21912785437635     
  -12.3910885484845       4.155455334718869E-006   2.26028890910967     
  -12.3726494286207       4.232789065573549E-006   2.30220709180650     
  -12.3542103087568       4.311561990318216E-006   2.34489616483411     
  -12.3357711888930       4.391800892596081E-006   2.38837013469084     
  -12.3173320690292       4.473533054498457E-006   2.43264325611724     
  -12.2988929491654       4.556786265841060E-006   2.47773003626857     
  -12.2804538293016       4.641588833612773E-006   2.52364523894912     
  -12.2620147094378       4.727969591600389E-006   2.57040388890910     
  -12.2435755895739       4.815957910192340E-006   2.61802127620462     
  -12.2251364697101       4.905583706365042E-006   2.66651296062146     
  -12.2066973498463       4.996877453854885E-006   2.71589477616304     
  -12.1882582299825       5.089870193519671E-006   2.76618283560350     
  -12.1698191101187       5.184593543892906E-006   2.81739353510614     
  -12.1513799902549       5.281079711934325E-006   2.86954355890794     
  -12.1329408703910       5.379361503980690E-006   2.92264988407086     
  -12.1145017505272       5.479472336900284E-006   2.97672978530018     
  -12.0960626306634       5.581446249454956E-006   3.03180083983067     
  -12.0776235107996       5.685317913873741E-006   3.08788093238103     
  -12.0591843909358       5.791122647641756E-006   3.14498826017708     
  -12.0407452710720       5.898896425508490E-006   3.20314133804429     
  -12.0223061512082       6.008675891719677E-006   3.26235900357013     
  -12.0038670313443       6.120498372476696E-006   3.32266042233659     
  -11.9854279114805       6.234401888627856E-006   3.38406509322356     
  -11.9669887916167       6.350425168595952E-006   3.44659285378328     
  -11.9485496717529       6.468607661546323E-006   3.51026388568645     
  -11.9301105518891       6.588989550799932E-006   3.57509872024031     
  -11.9116714320253       6.711611767496273E-006   3.64111824397921     
  -11.8932323121614       6.836516004510236E-006   3.70834370432780     
  -11.8747931922976       6.963744730628218E-006   3.77679671533744     
  -11.8563540724338       7.093341204987984E-006   3.84649926349603     
  -11.8379149525700       7.225349491787214E-006   3.91747371361154     
  -11.8194758327062       7.359814475265762E-006   3.98974281476955     
  -11.8010367128424       7.496781874966866E-006   4.06332970636506     
  -11.7825975929785       7.636298261282244E-006   4.13825792420877     
  -11.7641584731147       7.778411071286469E-006   4.21455140670796     
  -11.7457193532509       7.923168624866246E-006   4.29223450112235     
  -11.7272802333871       8.070620141149491E-006   4.37133196989466     
  -11.7088411135233       8.220815755240522E-006   4.45186899705648     
  -11.6904019936595       8.373806535266485E-006   4.53387119470908     
  -11.6719628737956       8.529644499741010E-006   4.61736460957937     
  -11.6535237539318       8.688382635251184E-006   4.70237572965108     
  -11.6350846340680       8.850074914473427E-006   4.78893149087092     
  -11.6166455142042       9.014776314524922E-006   4.87705928392978     
  -11.5982063943404       9.182542835656267E-006   4.96678696111878     
  -11.5797672744766       9.353431520292379E-006   5.05814284326005     
  -11.5613281546127       9.527500472427280E-006   5.15115572671190     
  -11.5428890347489       9.704808877380287E-006   5.24585489044829     
  -11.5244499148851       9.885417021919568E-006   5.34227010321224     
  -11.5060107950213       1.006938631476026E-005   5.44043163074262     
  -11.4875716751575       1.025677930744420E-005   5.54037024307438     
  -11.4691325552937       1.044765971560804E-005   5.64211722191119     
  -11.4506934354299       1.064209244064721E-005   5.74570436807041     
  -11.4322543155660       1.084014359178330E-005   5.85116400899977     
  -11.4138151957022       1.104188050854161E-005   5.95852900636477     
  -11.3953760758384       1.124737178364751E-005   6.06783276370673     
  -11.3769369559746       1.145668728634870E-005   6.17910923417018     
  -11.3584978361108       1.166989818617147E-005   6.29239292829917     
  -11.3400587162470       1.188707697711902E-005   6.40771892190139     
  -11.3216195963831       1.210829750232039E-005   6.52512286397943     
  -11.3031804765193       1.233363497913776E-005   6.64464098472792     
  -11.2847413566555       1.256316602474118E-005   6.76631010359558     
  -11.2663022367917       1.279696868215940E-005   6.89016763741131     
  -11.2478631169279       1.303512244681507E-005   7.01625160857256     
  -11.2294239970641       1.327770829355429E-005   7.14460065329528     
  -11.2109848772002       1.352480870417874E-005   7.27525402992374     
  -11.1925457573364       1.377650769549054E-005   7.40825162729905     
  -11.1741066374726       1.403289084785870E-005   7.54363397318447     
  -11.1556675176088       1.429404533431760E-005   7.68144224274661     
  -11.1372283977450       1.456005995020647E-005   7.82171826708999     
  -11.1187892778812       1.483102514336101E-005   7.96450454184411     
  -11.1003501580173       1.510703304486654E-005   8.10984423580057     
  -11.0819110381535       1.538817750038344E-005   8.25778119959849     
  -11.0634719182897       1.567455410205592E-005   8.40835997445652     
  -11.0450327984259       1.596626022101425E-005   8.56162580094897     
  -11.0265936785621       1.626339504048190E-005   8.71762462782405     
  -11.0081545586983       1.656605958949911E-005   8.87640312086217     
  -10.9897154388344       1.687435677727375E-005   9.03800867177157     
  -10.9712763189706       1.718839142817144E-005   9.20248940711910     
  -10.9528371991068       1.750827031735722E-005   9.36989419729367     
  -10.9343980792430       1.783410220710008E-005   9.54027266549958     
  -10.9159589593792       1.816599788375326E-005   9.71367519677701     
  -10.8975198395154       1.850407019542299E-005   9.89015294704720     
  -10.8790807196515       1.884843409033795E-005   10.0697578521790     
  -10.8606415997877       1.919920665593279E-005   10.2525426370737     
  -10.8422024799239       1.955650715865947E-005   10.4385608247665     
  -10.8237633600601       1.992045708453867E-005   10.6278667455383     
  -10.8053242401963       2.029118018046673E-005   10.8205155460389     
  -10.7868851203325       2.066880249629080E-005   11.0165631984136     
  -10.7684460004686       2.105345242766706E-005   11.2160665094338     
  -10.7500068806048       2.144526075971667E-005   11.4190831296254     
  -10.7315677607410       2.184436071149425E-005   11.6256715623922     
  -10.7131286408772       2.225088798128370E-005   11.8358911731312     
  -10.6946895210134       2.266498079273689E-005   12.0498021983344     
  -10.6762504011496       2.308677994187167E-005   12.2674657546758     
  -10.6578112812858       2.351642884494345E-005   12.4889438480758     
  -10.6393721614219       2.395407358720873E-005   12.7142993827435     
  -10.6209330415581       2.439986297259548E-005   12.9435961701883     
  -10.6024939216943       2.485394857429796E-005   13.1768989381998     
  -10.5840548018305       2.531648478631350E-005   13.4142733397906     
  -10.5656156819667       2.578762887593800E-005   13.6557859620963     
  -10.5471765621029       2.626754103723834E-005   13.9015043352311     
  -10.5287374422390       2.675638444552040E-005   14.1514969410914     
  -10.5102983223752       2.725432531281028E-005   14.4058332221052     
  -10.4918592025114       2.776153294436798E-005   14.6645835899206     
  -10.4734200826476       2.827817979625337E-005   14.9278194340313     
  -10.4549809627838       2.880444153396296E-005   15.1956131303307     
  -10.4365418429200       2.934049709215785E-005   15.4680380495936     
  -10.4181027230561       2.988652873550380E-005   15.7451685658780     
  -10.3996636031923       3.044272212064296E-005   16.0270800648429     
  -10.3812244833285       3.100926635931925E-005   16.3138489519774     
  -10.3627853634647       3.158635408267814E-005   16.6055526607359     
  -10.3443462436009       3.217418150676371E-005   16.9022696605743     
  -10.3259071237371       3.277294849923382E-005   17.2040794648819     
  -10.3074680038732       3.338285864731757E-005   17.5110626388055     
  -10.2890288840094       3.400411932703701E-005   17.8233008069581     
  -10.2705897641456       3.463694177371731E-005   18.1408766610096     
  -10.2521506442818       3.528154115380880E-005   18.4638739671528     
  -10.2337115244180       3.593813663804621E-005   18.7923775734405     
  -10.2152724045542       3.660695147596901E-005   19.1264734169893     
  -10.1968332846903       3.728821307182831E-005   19.4662485310429     
  -10.1783941648265       3.798215306190736E-005   19.8117910518929     
  -10.1599550449627       3.868900739327968E-005   20.1631902256503     
  -10.1415159250989       3.940901640403446E-005   20.5205364148633     
  -10.1230768052351       4.014242490499316E-005   20.8839211049767     
  -10.1046376853713       4.088948226294860E-005   21.2534369106292     
  -10.0861985655075       4.165044248545173E-005   21.6291775817820     
  -10.0677594456436       4.242556430717773E-005   22.0112380096764     
  -10.0493203257798       4.321511127789764E-005   22.3997142326144     
  -10.0308812059160       4.401935185208872E-005   22.7947034415590     
  -10.0124420860522       4.483855948021183E-005   23.1963039855498     
  -9.99400296618837       4.567301270168738E-005   23.6046153769297     
  -9.97556384632455       4.652299523960188E-005   24.0197382963793     
  -9.95712472646074       4.738879609717649E-005   24.4417745977546     
  -9.93868560659692       4.827070965603185E-005   24.8708273127260     
  -9.92024648673311       4.916903577628018E-005   25.3070006552127     
  -9.90180736686929       5.008407989848207E-005   25.7504000256125     
  -9.88336824700547       5.101615314749828E-005   26.2011320148210     
  -9.86492912714166       5.196557243827660E-005   26.6593044080405     
  -9.84649000727784       5.293266058360548E-005   27.1250261883728     
  -9.82805088741403       5.391774640387496E-005   27.5984075401973     
  -9.80961176755021       5.492116483887788E-005   28.0795598523285     
  -9.79117264768639       5.594325706169376E-005   28.5685957209545     
  -9.77273352782258       5.698437059469133E-005   29.0656289523534     
  -9.75429440795876       5.804485942768969E-005   29.5707745653860     
  -9.73585528809494       5.912508413831875E-005   30.0841487937650     
  -9.71741616823113       6.022541201461921E-005   30.6058690880990     
  -9.69897704836731       6.134621717992500E-005   31.1360541177124     
  -9.68053792850350       6.248788072006880E-005   31.6748237722394     
  -9.66209880863968       6.365079081295565E-005   32.2222991629934     
  -9.64365968877586       6.483534286054716E-005   32.7786026241130     
  -9.62522056891205       6.604193962330305E-005   33.3438577134839     
  -9.60678144904823       6.727099135712334E-005   33.9181892134403     
  -9.58834232918442       6.852291595284053E-005   34.5017231312447     
  -9.56990320932060       6.979813907830660E-005   35.0945866993517     
  -9.55146408945678       7.109709432312432E-005   35.6969083754538     
  -9.53302496959297       7.242022334607307E-005   36.3088178423166     
  -9.51458584972915       7.376797602527721E-005   36.9304460074034     
  -9.49614672986533       7.514081061116963E-005   37.5619250022937     
  -9.47770761000152       7.653919388230142E-005   38.2033881818996     
  -9.45926849013770       7.796360130405220E-005   38.8549701234850     
  -9.44082937027389       7.941451719029323E-005   39.5168066254916     
  -9.42239025041007       8.089243486805934E-005   40.1890347061763     
  -9.40395113054625       8.239785684528520E-005   40.8717926020669     
  -9.38551201068244       8.393129498166363E-005   41.5652197662419     
  -9.36707289081862       8.549327066268376E-005   42.2694568664386     
  -9.34863377095481       8.708431497690713E-005   42.9846457829997     
  -9.33019465109099       8.870496889654407E-005   43.7109296066616     
  -9.31175553122717       9.035578346138923E-005   44.4484526361955     
  -9.29331641136336       9.203731996618213E-005   45.1973603759070     
  -9.27487729149954       9.375015015145269E-005   45.9577995330025     
  -9.25643817163572       9.549485639791962E-005   46.7299180148320     
  -9.23799905177191       9.727203192450534E-005   47.5138649260166     
  -9.21955993190809       9.908228099003782E-005   48.3097905654708     
  -9.20112081204428       1.009262190987046E-004   49.1178464233274     
  -9.18268169218046       1.028044732093309E-004   49.9381851777778     
  -9.16424257231664       1.047176819485521E-004   50.7709606918356     
  -9.14580345245283       1.066664958279537E-004   51.6163280100354     
  -9.12736433258901       1.086515774652537E-004   52.4744433550782     
  -9.10892521272519       1.106736018095972E-004   53.3454641244325     
  -9.09048609286138       1.127332563710487E-004   54.2295488869061     
  -9.07204697299756       1.148312414543511E-004   55.1268573791965     
  -9.05360785313375       1.169682703970384E-004   56.0375505024356     
  -9.03516873326993       1.191450698119774E-004   56.9617903187385     
  -9.01672961340611       1.213623798344240E-004   57.8997400477694     
  -8.99829049354230       1.236209543736768E-004   58.8515640633384     
  -8.97985137367848       1.259215613694149E-004   59.8174278900406     
  -8.96141225381466       1.282649830528060E-004   60.7974981999523     
  -8.94297313395085       1.306520162124720E-004   61.7919428093946     
  -8.92453401408703       1.330834724654076E-004   62.8009306757819     
  -8.90609489422322       1.355601785329366E-004   63.8246318945639     
  -8.88765577435940       1.380829765218091E-004   64.8632176962798     
  -8.86921665449558       1.406527242105235E-004   65.9168604437322     
  -8.85077753463177       1.432702953409831E-004   66.9857336293010     
  -8.83233841476795       1.459365799155753E-004   68.0700118724047     
  -8.81389929490414       1.486524844997855E-004   69.1698709171279     
  -8.79546017504032       1.514189325304350E-004   70.2854876300239     
  -8.77702105517650       1.542368646296628E-004   71.4170399981103     
  -8.75858193531269       1.571072389247452E-004   72.5647071270677     
  -8.74014281544887       1.600310313738699E-004   73.7286692396564     
  -8.72170369558505       1.630092360979740E-004   74.9091076743661     
  -8.70326457572124       1.660428657187528E-004   76.1062048843059     
  -8.68482545585742       1.691329517029649E-004   77.3201444363557     
  -8.66638633599361       1.722805447131391E-004   78.5511110105848     
  -8.64794721612979       1.754867149648150E-004   79.7992903999551     
  -8.62950809626597       1.787525525904233E-004   81.0648695103177     
  -8.61106897640216       1.820791680099463E-004   82.3480363607186     
  -8.59262985653834       1.854676923084694E-004   83.6489800840213     
  -8.57419073667453       1.889192776207664E-004   84.9678909278642     
  -8.55575161681071       1.924350975230328E-004   86.3049602559545     
  -8.53731249694689       1.960163474319184E-004   87.6603805497219     
  -8.51887337708308       1.996642450109796E-004   89.0343454103312     
  -8.50043425721926       2.033800305846978E-004   90.4270495610724     
  -8.48199513735544       2.071649675602068E-004   91.8386888501353     
  -8.46355601749163       2.110203428568594E-004   93.2694602537765     
  -8.44511689762781       2.149474673437981E-004   94.7195618798922     
  -8.42667777776400       2.189476762856617E-004   96.1891929720027     
  -8.40823865790018       2.230223297965936E-004   97.6785539136588     
  -8.38979953803636       2.271728133026902E-004   99.1878462332760     
  -8.37136041817255       2.314005380130652E-004   100.717272609409     
  -8.35292129830873       2.357069413996722E-004   102.267036876465     
  -8.33448217844492       2.400934876860650E-004   103.837344030878     
  -8.31604305858110       2.445616683452446E-004   105.428400237728     
  -8.29760393871728       2.491130026067788E-004   107.040412837836     
  -8.27916481885347       2.537490379733568E-004   108.673590355321     
  -8.26072569898965       2.584713507469560E-004   110.328142505636     
  -8.24228657912583       2.632815465648020E-004   112.004280204078     
  -8.22384745926202       2.681812609453013E-004   113.702215574785     
  -8.20540833939820       2.731721598441377E-004   115.422161960225     
  -8.18696921953439       2.782559402207119E-004   117.164333931163     
  -8.16853009967057       2.834343306151307E-004   118.928947297133     
  -8.15009097980675       2.887090917359232E-004   120.716219117402     
  -8.13165185994294       2.940820170587062E-004   122.526367712428     
  -8.11321274007912       2.995549334359812E-004   124.359612675827     
  -8.09477362021530       3.051297017182866E-004   126.216174886829     
  -8.07633450035149       3.108082173869064E-004   128.096276523246     
  -8.05789538048767       3.165924111983520E-004   130.000141074933     
  -8.03945626062386       3.224842498408438E-004   131.927993357761     
  -8.02101714076004       3.284857366030038E-004   133.880059528078     
  -8.00257802089622       3.345989120549973E-004   135.856567097682     
  -7.98413890103241       3.408258547423449E-004   137.857744949289     
  -7.96569978116859       3.471686818926562E-004   139.883823352497     
  -7.94726066130478       3.536295501355036E-004   141.935033980247     
  -7.92882154144096       3.602106562357069E-004   144.011609925781     
  -7.91038242157714       3.669142378402488E-004   146.113785720086     
  -7.89194330171333       3.737425742391064E-004   148.241797349826     
  -7.87350418184951       3.806979871402283E-004   150.395882275765     
  -7.85506506198569       3.877828414589453E-004   152.576279451666     
  -7.83662594212188       3.949995461220644E-004   154.783229343669     
  -7.81818682225806       4.023505548869290E-004   157.016973950143     
  -7.79974770239425       4.098383671757257E-004   159.277756822008     
  -7.78130858253043       4.174655289253130E-004   161.565823083525     
  -7.76286946266661       4.252346334528680E-004   163.881419453538     
  -7.74443034280280       4.331483223376396E-004   166.224794267184     
  -7.72599122293898       4.412092863191182E-004   168.596197498043     
  -7.70755210307517       4.494202662119134E-004   170.995880780739     
  -7.68911298321135       4.577840538376615E-004   173.424097433982     
  -7.67067386334753       4.663034929742733E-004   175.881102484041     
  -7.65223474348372       4.749814803228500E-004   178.367152688651     
  -7.63379562361990       4.838209664925953E-004   180.882506561342     
  -7.61535650375608       4.928249570040509E-004   183.427424396181     
  -7.59691738389227       5.019965133110083E-004   186.002168292937     
  -7.57847826402845       5.113387538414323E-004   188.607002182643     
  -7.56003914416464       5.208548550577658E-004   191.242191853561     
  -7.54160002430082       5.305480525369564E-004   193.908004977547     
  -7.52316090443700       5.404216420705914E-004   196.604711136794     
  -7.50472178457319       5.504789807854966E-004   199.332581850968     
  -7.48628266470937       5.607234882852025E-004   202.091890604717     
  -7.46784354484555       5.711586478126429E-004   204.882912875548     
  -7.44940442498174       5.817880074344930E-004   207.705926162072     
  -7.43096530511792       5.926151812475557E-004   210.561210012611     
  -7.41252618525411       6.036438506075866E-004   213.449046054152     
  -7.39408706539029       6.148777653810020E-004   216.369718021653     
  -7.37564794552647       6.263207452198681E-004   219.323511787690     
  -7.35720882566266       6.379766808606281E-004   222.310715392445     
  -7.33876970579884       6.498495354469888E-004   225.331619074011     
  -7.32033058593503       6.619433458774385E-004   228.386515299045     
  -7.30189146607121       6.742622241778332E-004   231.475698793720     
  -7.28345234620739       6.868103588995302E-004   234.599466575009     
  -7.26501322634358       6.995920165435367E-004   237.758117982267     
  -7.24657410647976       7.126115430111737E-004   240.951954709127     
  -7.22813498661594       7.258733650817249E-004   244.181280835696     
  -7.20969586675213       7.393819919175862E-004   247.446402861042     
  -7.19125674688831       7.531420165974374E-004   250.747629735980     
  -7.17281762702450       7.671581176779287E-004   254.085272896144     
  -7.15437850716068       7.814350607844540E-004   257.459646295340     
  -7.13593938729686       7.959777002314976E-004   260.871066439178     
  -7.11750026743305       8.107909806731688E-004   264.319852418993     
  -7.09906114756923       8.258799387844263E-004   267.806325946015     
  -7.08062202770541       8.412497049736108E-004   271.330811385835     
  -7.06218290784160       8.569055051268337E-004   274.893635793117     
  -7.04374378797778       8.728526623848373E-004   278.495128946582     
  -7.02530466811396       8.890965989529167E-004   282.135623384253     
  -7.00686554825015       9.056428379445276E-004   285.815454438951     
  -6.98842642838633       9.224970052592172E-004   289.534960274057     
  -6.96998730852252       9.396648314954686E-004   293.294481919518     
  -6.95154818865870       9.571521538991868E-004   297.094363308103     
  -6.93310906879489       9.749649183484070E-004   300.934951311919     
  -6.91466994893107       9.931091813749789E-004   304.816595779162     
  -6.89623082906725       1.011591112223828E-003   308.739649571122     
  -6.87779170920344       1.030416994950588E-003   312.704468599427     
  -6.85935258933962       1.049593230558225E-003   316.711411863535     
  -6.84091346947580       1.069126339173475E-003   320.760841488469     
  -6.82247434961199       1.089022962263730E-003   324.853122762784     
  -6.80403522974817       1.109289864895222E-003   328.988624176792     
  -6.78559610988435       1.129933938033223E-003   333.167717461010     
  -6.76715699002054       1.150962200885031E-003   337.390777624861     
  -6.74871787015672       1.172381803286599E-003   341.658182995613     
  -6.73027875029291       1.194200028133531E-003   345.970315257551     
  -6.71183963042909       1.216424293857368E-003   350.327559491404     
  -6.69340051056528       1.239062156947914E-003   354.730304213998     
  -6.67496139070146       1.262121314522546E-003   359.178941418164     
  -6.65652227083764       1.285609606943294E-003   363.673866612881     
  -6.63808315097383       1.309535020482667E-003   368.215478863666     
  -6.61964403111001       1.333905690039058E-003   372.804180833207     
  -6.60120491124619       1.358729901902709E-003   377.440378822248     
  -6.58276579138238       1.384016096573132E-003   382.124482810715     
  -6.56432667151856       1.409772871628966E-003   386.856906499091     
  -6.54588755165474       1.436008984651261E-003   391.638067350052     
  -6.52744843179093       1.462733356201128E-003   396.468386630343     
  -6.50900931192711       1.489955072852854E-003   401.348289452920     
  -6.49057019206330       1.517683390283404E-003   406.278204819341     
  -6.47213107219948       1.545927736419478E-003   411.258565662423     
  -6.45369195233567       1.574697714643083E-003   416.289808889155     
  -6.43525283247185       1.604003107056819E-003   421.372375423883     
  -6.41681371260803       1.633853877809859E-003   426.506710251753     
  -6.39837459274422       1.664260176485903E-003   431.693262462434     
  -6.37993547288040       1.695232341554119E-003   436.932485294103     
  -6.36149635301658       1.726780903884353E-003   442.224836177718     
  -6.34305723315277       1.758916590327733E-003   447.570776781563     
  -6.32461811328895       1.791650327363900E-003   452.970773056071     
  -6.30617899342514       1.824993244816150E-003   458.425295278948     
  -6.28773987356132       1.858956679635684E-003   463.934818100569     
  -6.26930075369750       1.893552179756294E-003   469.499820589680     
  -6.25086163383369       1.928791508020777E-003   475.120786279390     
  -6.23242251396987       1.964686646180447E-003   480.798203213464     
  -6.21398339410606       2.001249798969033E-003   486.532563992922     
  -6.19554427424224       2.038493398252462E-003   492.324365822948     
  -6.17710515437842       2.076430107255776E-003   498.174110560105     
  -6.15866603451460       2.115072824868795E-003   504.082304759872     
  -6.14022691465079       2.154434690031883E-003   510.049459724503     
  -6.12178779478697       2.194529086203311E-003   516.076091551202     
  -6.10334867492316       2.235369645909796E-003   522.162721180641     
  -6.08490955505934       2.276970255381678E-003   528.309874445797     
  -6.06647043519552       2.319345059274426E-003   534.518082121142     
  -6.04803131533171       2.362508465477943E-003   540.787879972160     
  -6.02959219546789       2.406475150015423E-003   547.119808805231     
  -6.01115307560408       2.451260062033337E-003   553.514414517847     
  -5.99271395574026       2.496878428884327E-003   559.972248149202     
  -5.97427483587644       2.543345761304649E-003   566.493865931131     
  -5.95583571601263       2.590677858688007E-003   573.079829339429     
  -5.93739659614881       2.638890814457512E-003   579.730705145530     
  -5.91895747628499       2.688001021537606E-003   586.447065468570     
  -5.90051835642118       2.738025177927856E-003   593.229487827831     
  -5.88207923655736       2.788980292380438E-003   600.078555195569     
  -5.86364011669355       2.840883690183304E-003   606.994856050244     
  -5.84520099682973       2.893753019050949E-003   613.978984430133     
  -5.82676187696591       2.947606255124855E-003   621.031539987360     
  -5.80832275710210       3.002461709085544E-003   628.153128042329     
  -5.78988363723828       3.058338032378432E-003   635.344359638568     
  -5.77144451737447       3.115254223555485E-003   642.605851597998     
  -5.75300539751065       3.173229634734973E-003   649.938226576625     
  -5.73456627764683       3.232283978181379E-003   657.342113120664     
  -5.71612715778302       3.292437333007767E-003   664.818145723090     
  -5.69768803791920       3.353710152002932E-003   672.366964880648     
  -5.67924891805538       3.416123268585528E-003   679.989217151296     
  -5.66080979819157       3.479697903887690E-003   687.685555212108     
  -5.64237067832775       3.544455673970430E-003   695.456637917635     
  -5.62393155846394       3.610418597173337E-003   703.303130358729     
  -5.60549243860012       3.677609101601031E-003   711.225703921840     
  -5.58705331873630       3.746050032748989E-003   719.225036348793     
  -5.56861419887249       3.815764661271243E-003   727.301811797042     
  -5.55017507900867       3.886776690892665E-003   735.456720900415     
  -5.53173595914485       3.959110266468462E-003   743.690460830352     
  -5.51329683928104       4.032789982193702E-003   752.003735357648     
  -5.49485771941722       4.107840889965645E-003   760.397254914706     
  -5.47641859955341       4.184288507901579E-003   768.871736658289     
  -5.45797947968959       4.262158829015325E-003   777.427904532809     
  -5.43954035982578       4.341478330055084E-003   786.066489334126     
  -5.42110123996196       4.422273980505896E-003   794.788228773896     
  -5.40266212009814       4.504573251759452E-003   803.593867544439     
  -5.38422300023432       4.588404126454758E-003   812.484157384165     
  -5.36578388037051       4.673795107992459E-003   821.459857143544     
  -5.34734476050669       4.760775230226365E-003   830.521732851640     
  -5.32890564064288       4.849374067335236E-003   839.670557783203     
  -5.31046652077906       4.939621743878318E-003   848.907112526329     
  -5.29202740091524       5.031548945038058E-003   858.232185050712     
  -5.27358828105143       5.125186927053324E-003   867.646570776457     
  -5.25514916118761       5.220567527846974E-003   877.151072643507     
  -5.23671004132380       5.317723177850966E-003   886.746501181646     
  -5.21827092145998       5.416686911033156E-003   896.433674581122     
  -5.19983180159617       5.517492376129115E-003   906.213418763866     
  -5.18139268173235       5.620173848083184E-003   916.086567455348     
  -5.16295356186853       5.724766239702172E-003   926.053962257028     
  -5.14451444200471       5.831305113526222E-003   936.116452719471     
  -5.12607532214090       5.939826693920354E-003   946.274896416066     
  -5.10763620227708       6.050367879391215E-003   956.530159017427     
  -5.08919708241327       6.162966255132942E-003   966.883114366407     
  -5.07075796254945       6.277660105806499E-003   977.334644553802     
  -5.05231884268563       6.394488428556947E-003   987.885639994700     
  -5.03387972282182       6.513490946272792E-003   998.536999505515     
  -5.01544060295800       6.634708121092346E-003   1009.28963038170     
  -4.99700148309419       6.758181168161104E-003   1020.14444847613     
  -4.97856236323037       6.883952069645500E-003   1031.10237827823     
  -4.96012324336655       7.012063589007168E-003   1042.16435299370     
  -4.94168412350274       7.142559285543122E-003   1053.33131462509     
  -4.92324500363892       7.275483529196219E-003   1064.60421405298     
  -4.90480588377510       7.410881515641570E-003   1075.98401111794     
  -4.88636676391129       7.548799281653442E-003   1087.47167470318     
  -4.86792764404747       7.689283720758303E-003   1099.06818281796     
  -4.84948852418366       7.832382599179198E-003   1110.77452268180     
  -4.83104940431984       7.978144572076622E-003   1122.59169080934     
  -4.81261028445602       8.126619200091952E-003   1134.52069309602     
  -4.79417116459221       8.277856966198462E-003   1146.56254490453     
  -4.77573204472839       8.431909292866255E-003   1158.71827115204     
  -4.75729292486458       8.588828559546242E-003   1170.98890639818     
  -4.73885380500076       8.748668120479914E-003   1183.37549493387     
  -4.72041468513694       8.911482322840185E-003   1195.87909087085     
  -4.70197556527313       9.077326525210219E-003   1208.50075823216     
  -4.68353644540931       9.246257116405745E-003   1221.24157104330     
  -4.66509732554549       9.418331534647951E-003   1234.10261342430     
  -4.64665820568168       9.593608287093137E-003   1247.08497968258     
  -4.62821908581786       9.772146969725714E-003   1260.18977440668     
  -4.60977996595405       9.954008287621522E-003   1273.41811256078     
  -4.59134084609023       1.013925407558815E-002   1286.77111958017     
  -4.57290172622641       1.032794731918953E-002   1300.24993146747     
  -4.55446260636260       1.052015217616157E-002   1313.85569488983     
  -4.53602348649878       1.071593399822671E-002   1327.58956727694     
  -4.51758436663497       1.091535935331391E-002   1341.45271691991     
  -4.49914524677115       1.111849604819271E-002   1355.44632307117     
  -4.48070612690733       1.132541315152810E-002   1369.57157604509     
  -4.46226700704352       1.153618101736477E-002   1383.82967731970     
  -4.44382788717970       1.175087130904808E-002   1398.22183963917     
  -4.42538876731588       1.196955702359043E-002   1412.74928711733     
  -4.40694964745207       1.219231251649110E-002   1427.41325534207     
  -4.38851052758825       1.241921352701782E-002   1442.21499148073     
  -4.37007140772443       1.265033720395904E-002   1457.15575438640     
  -4.35163228786062       1.288576213185517E-002   1472.23681470517     
  -4.33319316799680       1.312556835771842E-002   1487.45945498446     
  -4.31475404813299       1.336983741824944E-002   1502.82496978217     
  -4.29631492826917       1.361865236756082E-002   1518.33466577696     
  -4.27787580840535       1.387209780541620E-002   1533.98986187940     
  -4.25943668854154       1.413025990599534E-002   1549.79188934428     
  -4.24099756867772       1.439322644719407E-002   1565.74209188374     
  -4.22255844881391       1.466108684046983E-002   1581.84182578161     
  -4.20411932895009       1.493393216124253E-002   1598.09246000862     
  -4.18568020908627       1.521185517986104E-002   1614.49537633877     
  -4.16724108922246       1.549495039314631E-002   1631.05196946669     
  -4.14880196935864       1.578331405652116E-002   1647.76364712601     
  -4.13036284949482       1.607704421673824E-002   1664.63183020891     
  -4.11192372963101       1.637624074521687E-002   1681.65795288662     
  -4.09348460976719       1.668100537200057E-002   1698.84346273106     
  -4.07504548990338       1.699144172034624E-002   1716.18982083756     
  -4.05660637003956       1.730765534195725E-002   1733.69850194867     
  -4.03816725017574       1.762975375287207E-002   1751.37099457906     
  -4.01972813031193       1.795784647002096E-002   1769.20880114152     
  -4.00128901044811       1.829204504846293E-002   1787.21343807415     
  -3.98284989058430       1.863246311931559E-002   1805.38643596853     
  -3.96441077072048       1.897921642839102E-002   1823.72933969919     
  -3.94597165085666       1.933242287555045E-002   1842.24370855407     
  -3.92753253099285       1.969220255479171E-002   1860.93111636623     
  -3.90909341112903       2.005867779508231E-002   1879.79315164663     
  -3.89065429126521       2.043197320195271E-002   1898.83141771814     
  -3.87221517140140       2.081221569986338E-002   1918.04753285067     
  -3.85377605153758       2.119953457536069E-002   1937.44313039744     
  -3.83533693167377       2.159406152103563E-002   1957.01985893251     
  -3.81689781180995       2.199593068030074E-002   1976.77938238940     
  -3.79845869194613       2.240527869300021E-002   1996.72338020097     
  -3.78001957208232       2.282224474186895E-002   2016.85354744040     
  -3.76158045221850       2.324697059985648E-002   2037.17159496345     
  -3.74314133235469       2.367960067833076E-002   2057.67924955189     
  -3.72470221249087       2.412028207618008E-002   2078.37825405808     
  -3.70626309262705       2.456916462982791E-002   2099.27036755080     
  -3.68782397276324       2.502640096417917E-002   2120.35736546228     
  -3.66938485289942       2.549214654451421E-002   2141.64103973643     
  -3.65094573303560       2.596655972934871E-002   2163.12319897827     
  -3.63250661317179       2.644980182427718E-002   2184.80566860455     
  -3.61406749330797       2.694203713681881E-002   2206.69029099560     
  -3.59562837344416       2.744343303228366E-002   2228.77892564838     
  -3.57718925358034       2.795415999067856E-002   2251.07344933073     
  -3.55875013371652       2.847439166467249E-002   2273.57575623678     
  -3.54031101385271       2.900430493863988E-002   2296.28775814361     
  -3.52187189398889       2.954407998880380E-002   2319.21138456908     
  -3.50343277412508       3.009390034449718E-002   2342.34858293079     
  -3.48499365426126       3.065395295056529E-002   2365.70131870630     
  -3.46655453439744       3.122442823092851E-002   2389.27157559442     
  -3.44811541453363       3.180552015332918E-002   2413.06135567775     
  -3.42967629466981       3.239742629528193E-002   2437.07267958625     
  -3.41123717480599       3.300034791125285E-002   2461.30758666204     
  -3.39279805494218       3.361449000108770E-002   2485.76813512526     
  -3.37435893507836       3.424006137971421E-002   2510.45640224098     
  -3.35591981521454       3.487727474814178E-002   2535.37448448733     
  -3.33748069535073       3.552634676578140E-002   2560.52449772446     
  -3.31904157548691       3.618749812411283E-002   2585.90857736477     
  -3.30060245562310       3.686095362172154E-002   2611.52887854392     
  -3.28216333575928       3.754694224073334E-002   2637.38757629300     
  -3.26372421589546       3.824569722466997E-002   2663.48686571148     
  -3.24528509603165       3.895745615775504E-002   2689.82896214121     
  -3.22684597616783       3.968246104569473E-002   2716.41610134114     
  -3.20840685630402       4.042095839796304E-002   2743.25053966302     
  -3.18996773644020       4.117319931161674E-002   2770.33455422772     
  -3.17152861657638       4.193943955667186E-002   2797.67044310244     
  -3.15308949671257       4.271993966306784E-002   2825.26052547844     
  -3.13465037684875       4.351496500925046E-002   2853.10714184951     
  -3.11621125698493       4.432478591240398E-002   2881.21265419094     
  -3.09777213712112       4.514967772036099E-002   2909.57944613898     
  -3.07933301725730       4.598992090522443E-002   2938.20992317071     
  -3.06089389739349       4.684580115873041E-002   2967.10651278428     
  -3.04245477752967       4.771760948938746E-002   2996.27166467933     
  -3.02401565766585       4.860564232142131E-002   3025.70785093762     
  -3.00557653780204       4.951020159556352E-002   3055.41756620374     
  -2.98713741793822       5.043159487171350E-002   3085.40332786564     
  -2.96869829807441       5.137013543351339E-002   3115.66767623519     
  -2.95025917821059       5.232614239486665E-002   3146.21317472821     
  -2.93182005834677       5.329994080844089E-002   3177.04241004432     
  -2.91338093848296       5.429186177618948E-002   3208.15799234603     
  -2.89494181861914       5.530224256192896E-002   3239.56255543720     
  -2.87650269875532       5.633142670601356E-002   3271.25875694059     
  -2.85806357889151       5.737976414214132E-002   3303.24927847435     
  -2.83962445902769       5.844761131633639E-002   3335.53682582723     
  -2.82118533916388       5.953533130814360E-002   3368.12412913236     
  -2.80274621930006       6.064329395408061E-002   3401.01394303935     
  -2.78430709943624       6.177187597338488E-002   3434.20904688442     
  -2.76586797957243       6.292146109610347E-002   3467.71224485845     
  -2.74742885970861       6.409244019356453E-002   3501.52636617253     
  -2.72898973984480       6.528521141127841E-002   3535.65426522082     
  -2.71055061998098       6.650018030431123E-002   3570.09882174039     
  -2.69211150011716       6.773775997517750E-002   3604.86294096763     
  -2.67367238025335       6.899837121430015E-002   3639.94955379108     
  -2.65523326038953       7.028244264308341E-002   3675.36161690001     
  -2.63679414052571       7.159041085964889E-002   3711.10211292866     
  -2.61835502066190       7.292272058728312E-002   3747.17405059544     
  -2.59991590079808       7.427982482564922E-002   3783.58046483683     
  -2.58147678093427       7.566218500481045E-002   3820.32441693535     
  -2.56303766107045       7.707027114212299E-002   3857.40899464114     
  -2.54459854120663       7.850456200204503E-002   3894.83731228661     
  -2.52615942134282       7.996554525892352E-002   3932.61251089347     
  -2.50772030147900       8.145371766280741E-002   3970.73775827160     
  -2.48928118161519       8.296958520834903E-002   4009.21624910901     
  -2.47084206175137       8.451366330684722E-002   4048.05120505223     
  -2.45240294188755       8.608647696149245E-002   4087.24587477617     
  -2.43396382202374       8.768856094587427E-002   4126.80353404291     
  -2.41552470215992       8.932045998580956E-002   4166.72748574828     
  -2.39708558229610       9.098272894455561E-002   4207.02105995538     
  -2.37864646243229       9.267593301146859E-002   4247.68761391400     
  -2.36020734256847       9.440064789417593E-002   4288.73053206503     
  -2.34176822270465       9.615746001432102E-002   4330.15322602829     
  -2.32332910284084       9.794696670695409E-002   4371.95913457313     
  -2.30488998297702       9.976977642363197E-002   4414.15172356995     
  -2.28645086311321       0.101626508939300        4456.73448592168     
  -2.26801174324939       0.103517795563018        4499.71094147336     
  -2.24957262338557       0.105444279352617        4543.08463689857     
  -2.23113350352176       0.107406615333343        4586.85914556082     
  -2.21269438365794       0.109405470720574        4631.03806734810     
  -2.19425526379413       0.111441525146679        4675.62502847884     
  -2.17581614393031       0.113515470892100        4720.62368127706     
  -2.15737702406649       0.115628013120737        4766.03770391462     
  -2.13893790420268       0.117779870119712        4811.87080011835     
  -2.12049878433886       0.119971773543589        4858.12669883930     
  -2.10205966447504       0.122204468663149        4904.80915388195     
  -2.08362054461123       0.124478714618791        4951.92194349017     
  -2.06518142474741       0.126795284678644        4999.46886988720     
  -2.04674230488360       0.129154966501488        5047.45375876645     
  -2.02830318501978       0.131558562404570        5095.88045872975     
  -2.00986406515596       0.134006889636395        5144.75284066952     
  -1.99142494529215       0.136500780654601        5194.07479709099     
  -1.97298582542833       0.139041083409007        5243.85024137067     
  -1.95454670556452       0.141628661629920        5294.08310694644     
  -1.93610758570070       0.144264395121816        5344.77734643515     
  -1.91766846583688       0.146949180062482        5395.93693067243     
  -1.89922934597307       0.149683929307725        5447.56584767019     
  -1.88079022610925       0.152469572701758        5499.66810148579     
  -1.86235110624543       0.155307057393346        5552.24771099751     
  -1.84391198638162       0.158197348157860        5605.30870858016     
  -1.82547286651780       0.161141427725302        5658.85513867433     
  -1.80703374665399       0.164140297114447        5712.89105624231     
  -1.78859462679017       0.167194975973199        5767.42052510374     
  -1.77015550692635       0.170306502925284        5822.44761614309     
  -1.75171638706254       0.173475935923393        5877.97640538095     
  -1.73327726719872       0.176704352608895        5934.01097190054     
  -1.71483814733491       0.179992850678248        5990.55539562030     
  -1.69639902747109       0.183342548256229        6047.61375490331     
  -1.67795990760727       0.186754584276108        6105.19012399305     
  -1.65952078774346       0.190230118866894        6163.28857026512     
  -1.64108166787964       0.193770333747799        6221.91315128374     
  -1.62264254801583       0.197376432630025        6281.06791165095     
  -1.60420342815201       0.201049641626050        6340.75687963656     
  -1.58576430828819       0.204791209666509        6400.98406357534     
  -1.56732518842438       0.208602408924850        6461.75344801812     
  -1.54888606856056       0.212484535249888        6523.06898962234     
  -1.53044694869674       0.216438908606402        6584.93461276679     
  -1.51200782883293       0.220466873523941        6647.35420487524     
  -1.49356870896911       0.224569799553977        6710.33161143217     
  -1.47512958910530       0.228749081735570        6773.87063067363     
  -1.45669046924148       0.233006141069693        6837.97500793529     
  -1.43825134937766       0.237342425002387        6902.64842963911     
  -1.41981222951385       0.241759407916912        6967.89451689955     
  -1.40137310965003       0.246258591635055        7033.71681872896     
  -1.38293398978621       0.250841505927754        7100.11880482179     
  -1.36449486992240       0.255509709035250        7167.10385789654     
  -1.34605575005858       0.260264788196900        7234.67526557293     
  -1.32761663019476       0.265108360190854        7302.83621176253     
  -1.30917751033095       0.270042071883778        7371.58976754954     
  -1.29073839046713       0.275067600790806        7440.93888153852     
  -1.27229927060332       0.280186655645919        7510.88636964539     
  -1.25386015073950       0.285400976982924        7581.43490430786     
  -1.23542103087568       0.290712337727258        7652.58700309121     
  -1.21698191101187       0.296122543798803        7724.34501666585     
  -1.19854279114805       0.301633434725920        7796.71111613265     
  -1.18010367128424       0.307246884270900        7869.68727967289     
  -1.16166455142042       0.312964801067075        7943.27527850077     
  -1.14322543155660       0.318789129267764        8017.47666209598     
  -1.12478631169279       0.324721849207313        8092.29274269683     
  -1.10634719182897       0.330764978074424        8167.72457903423     
  -1.08790807196516       0.336920570598026        8243.77295929029     
  -1.06946895210134       0.343190719745904        8320.43838326627     
  -1.05102983223752       0.349577557436328        8397.72104374817     
  -1.03259071237371       0.356083255262927        8475.62080706126     
  -1.01415159250989       0.362710025233065        8554.13719280863     
 -0.995712472646073       0.369460120519931        8633.26935279282     
 -0.977273352782259       0.376335836228653        8713.01604912540     
 -0.958834232918441       0.383339510176660        8793.37563153405     
 -0.940395113054628       0.390473523688555        8874.34601388362     
 -0.921955993190807       0.397740302405805        8955.92464993486     
 -0.903516873326993       0.405142317111465        9038.10850837164     
 -0.885077753463179       0.412682084570294        9120.89404713754     
 -0.866638633599361       0.420362168384471        9204.27718713088     
 -0.848199513735544       0.428185179865241        9288.25328531881     
 -0.829760393871727       0.436153778920801        9372.81710734200     
 -0.811321274007913       0.444270674960688        9457.96279969394     
 -0.792882154144095       0.452538627817017        9543.68386157187     
 -0.774443034280278       0.460960448682844        9629.97311651029     
 -0.756003914416464       0.469539001068006        9716.82268392327     
 -0.737564794552650       0.478277201772747        9804.22395069669     
 -0.719125674688829       0.487178021879464        9892.16754298783     
 -0.700686554825015       0.496244487762891        9980.64329840623     
 -0.682247434961198       0.505479682119124        10069.6402387671     
 -0.663808315097384       0.514886745013749        10159.1465436245     
 -0.645369195233567       0.524468874949512        10249.1495248090     
 -0.626930075369749       0.534229329953836        10339.6356022109     
 -0.608490955505935       0.544171428686588        10430.5902810661     
 -0.590051835642114       0.554298551568469        10521.9981310148     
 -0.571612715778301       0.564614141930367        10613.8427672184     
 -0.553173595914487       0.575121707184160        10706.1068338303     
 -0.534734476050669       0.585824820015254        10798.7719901255     
 -0.516295356186852       0.596727119597332        10891.8188995993     
 -0.497856236323038       0.607832312829722        10985.2272223514     
 -0.479417116459221       0.619144175597784        11078.9756110669     
 -0.460977996595407       0.630666554056739        11173.0417109053     
 -0.442538876731586       0.642403365939421        11267.4021635967     
 -0.424099756867772       0.654358601888323        11362.0326160305     
 -0.405660637003958       0.666536326812490        11456.9077336047     
 -0.387221517140137       0.678940681269613        11552.0012185755     
 -0.368782397276323       0.691575882873853        11647.2858336203     
 -0.350343277412506       0.704446227729905        11742.7334307873     
 -0.331904157548692       0.717556091893692        11838.3149859655     
 -0.313465037684875       0.730909932860292        11934.0006389604     
 -0.295025917821057       0.744512291079515        12029.7597392091     
 -0.276586797957243       0.758367791499718        12125.5608971104     
 -0.258147678093430       0.772481145140338        12221.3720408866     
 -0.239708558229609       0.786857150693686        12317.1604788270     
 -0.221269438365795       0.801500696156540        12412.8929667013     
 -0.202830318501977       0.816416760492147        12508.5357800614     
 -0.184391198638163       0.831610415323095        12604.0547910839     
 -0.165952078774346       0.847086826655740        12699.4155495435     
 -0.147512958910529       0.862851256636690        12794.5833674422     
 -0.129073839046715       0.878909065341994        12889.5234067654     
 -0.110634719182897       0.895265712599639        12984.2007697813     
 -9.219559931907995E-002  0.911926759845931        13078.5805912575     
 -7.375647945526609E-002  0.928897872016449        13172.6281319315     
 -5.531735959144868E-002  0.946184819472200        13266.3088725434     
 -3.687823972763127E-002  0.963793479961580        13359.5886077218     
 -1.843911986381741E-002  0.981729840618882        13452.4335390084     
  0.000000000000000E+000   1.00000000000000        13544.8103663063     
